Durchfluss [mm/h]
YYYY MM DD HH	49.3 km2	15.4 km2
YYYY MM DD HH	4613544	4620264
YYYY MM DD HH	5630904	5622704
YYYY MM DD HH	DStat1	DStat2
2000 01 01 24	0.667716 0.673247
2000 01 02 24	0.782872 0.673247
2000 01 03 24	0.813176 0.673247
2000 01 04 24	0.738931 0.682188
2000 01 05 24	1.169817 1.118221
2000 01 06 24	1.116183 0.873234
2000 01 07 24	0.972657 0.766753
2000 01 08 24	0.972657 0.749747
2000 01 09 24	0.972657 0.673247
2000 01 10 24	0.972657 0.673247
2000 01 11 24	0.861353 0.649110
2000 01 12 24	0.969207 0.591078
2000 01 13 24	1.452432 0.588565
2000 01 14 24	2.659874 0.647766
2000 01 15 24	1.929268 0.589091
2000 01 16 24	1.096941 0.589091
2000 01 17 24	1.511799 1.899351
2000 01 18 24	5.716186 6.272591
2000 01 19 24	4.111375 2.661370
2000 01 20 24	3.311160 1.914662
2000 01 21 24	2.807598 3.405506
2000 01 22 24	2.553882 3.701396
2000 01 23 24	2.275174 1.478104
2000 01 24 24	3.027249 3.279565
2000 01 25 24	3.956623 2.805662
2000 01 26 24	5.734935 3.497435
2000 01 27 24	1.825083 1.150130
2000 01 28 24	1.378041 1.211844
2000 01 29 24	1.515980 1.385240
2000 01 30 24	4.056754 5.418993
2000 01 31 24	8.352748 9.837117
2000 02 01 24	11.729482 12.521337
2000 02 02 24	9.593963 10.198344
2000 02 03 24	8.206685 9.084156
2000 02 04 24	6.349984 7.059506
2000 02 05 24	7.085117 9.787441
2000 02 06 24	7.329979 9.752610
2000 02 07 24	7.038620 9.302318
2000 02 08 24	7.071736 10.651500
2000 02 09 24	8.344734 12.148013
2000 02 10 24	6.149081 8.667935
2000 02 11 24	5.115341 7.347506
2000 02 12 24	4.143870 6.312097
2000 02 13 24	3.576779 5.449441
2000 02 14 24	3.102024 4.590993
2000 02 15 24	3.075170 4.700571
2000 02 16 24	3.649546 5.601097
2000 02 17 24	3.072633 3.936857
2000 02 18 24	2.773059 3.123701
2000 02 19 24	2.599777 2.775623
2000 02 20 24	2.391992 2.519006
2000 02 21 24	2.131430 2.249766
2000 02 22 24	1.942686 2.208390
2000 02 23 24	1.777071 1.912383
2000 02 24 24	1.637197 1.874045
2000 02 25 24	2.979931 4.631844
2000 02 26 24	2.573379 2.877838
2000 02 27 24	2.287205 2.238545
2000 02 28 24	2.307651 2.109506
2000 02 29 24	2.546105 2.878305
2000 03 01 24	3.335257 5.822649
2000 03 02 24	3.288925 4.435773
2000 03 03 24	3.165663 3.826110
2000 03 04 24	3.143811 3.641493
2000 03 05 24	2.756300 3.036974
2000 03 06 24	2.540738 2.715078
2000 03 07 24	2.593223 2.901506
2000 03 08 24	5.805055 11.703273
2000 03 09 24	30.420638 42.297662
2000 03 10 24	32.729512 24.800844
2000 03 11 24	19.923261 18.439363
2000 03 12 24	16.469269 14.746383
2000 03 13 24	10.816722 11.141824
2000 03 14 24	8.770272 10.955454
2000 03 15 24	7.903113 10.306695
2000 03 16 24	6.330706 8.208760
2000 03 17 24	5.772888 7.139688
2000 03 18 24	4.855144 6.292461
2000 03 19 24	4.073933 5.407597
2000 03 20 24	3.573164 4.722428
2000 03 21 24	3.284251 4.402110
2000 03 22 24	3.402602 4.848136
2000 03 23 24	3.914708 5.665208
2000 03 24 24	4.731681 6.911415
2000 03 25 24	7.522558 10.619532
2000 03 26 24	7.380383 9.596571
2000 03 27 24	9.393955 10.578214
2000 03 28 24	8.087312 8.714338
2000 03 29 24	7.043403 8.431831
2000 03 30 24	11.734959 14.057123
2000 03 31 24	10.384430 10.849850
2000 04 01 24	8.396379 9.941493
2000 04 02 24	6.905209 8.867045
2000 04 03 24	5.880815 8.450006
2000 04 04 24	5.310073 8.249786
2000 04 05 24	4.589470 7.247980
2000 04 06 24	3.811874 6.394558
2000 04 07 24	3.347890 5.920714
2000 04 08 24	3.087475 5.581169
2000 04 09 24	2.645617 4.956195
2000 04 10 24	2.351099 4.168110
2000 04 11 24	2.382481 4.610513
2000 04 12 24	2.512825 5.104519
2000 04 13 24	2.056162 3.558682
2000 04 14 24	1.818475 3.002026
2000 04 15 24	1.835270 3.192721
2000 04 16 24	2.061018 3.624195
2000 04 17 24	1.639059 2.591532
2000 04 18 24	1.619343 2.679429
2000 04 19 24	1.509517 2.346896
2000 04 20 24	1.370483 2.044636
2000 04 21 24	1.272724 1.856455
2000 04 22 24	1.186466 1.701175
2000 04 23 24	1.090679 1.554078
2000 04 24 24	1.012965 1.481143
2000 04 25 24	1.012965 1.481143
2000 04 26 24	0.944854 1.313416
2000 04 27 24	0.853485 1.196416
2000 04 28 24	0.803830 1.088416
2000 04 29 24	0.713282 1.035818
2000 04 30 24	0.713282 0.976208
2000 05 01 24	0.713282 0.976208
2000 05 02 24	0.615140 0.976208
2000 05 03 24	0.545039 0.925948
2000 05 04 24	0.545039 0.864000
2000 05 05 24	0.545039 0.819292
2000 05 06 24	0.496625 0.768623
2000 05 07 24	0.408341 0.722922
2000 05 08 24	0.680258 1.026468
2000 05 09 24	1.216807 2.879065
2000 05 10 24	0.811972 1.256727
2000 05 11 24	0.582170 0.942312
2000 05 12 24	0.519408 0.828234
2000 05 13 24	0.408341 0.768623
2000 05 14 24	0.408341 0.725903
2000 05 15 24	0.406333 0.673247
2000 05 16 24	9999.000000 0.673247
2000 05 17 24	0.313266 0.673247
2000 05 18 24	0.408341 0.697091
2000 05 19 24	0.408341 0.767630
2000 05 20 24	0.408341 0.754714
2000 05 21 24	0.468146 0.768623
2000 05 22 24	0.525505 0.926474
2000 05 23 24	0.678815 0.961890
2000 05 24 24	0.472418 0.718948
2000 05 25 24	0.408341 0.632045
2000 05 26 24	0.363067 0.589091
2000 05 27 24	0.299684 0.589091
2000 05 28 24	0.299684 0.589091
2000 05 29 24	0.299684 0.589091
2000 05 30 24	0.294882 0.589091
2000 05 31 24	0.298807 0.589091
2000 06 01 24	0.299684 0.553091
2000 06 02 24	0.246231 0.510545
2000 06 03 24	0.215562 0.510545
2000 06 04 24	0.215562 1.562669
2000 06 05 24	0.215562 2.487974
2000 06 06 24	0.278653 1.238493
2000 06 07 24	0.254118 0.510545
2000 06 08 24	0.272519 0.499909
2000 06 09 24	0.215562 1.109104
2000 06 10 24	0.215562 2.106000
2000 06 11 24	0.189895 1.589026
2000 06 12 24	0.173939 1.490318
2000 06 13 24	9999.000000 1.485701
2000 06 14 24	9999.000000 2.058721
2000 06 15 24	9999.000000 1.778493
2000 06 16 24	9999.000000 1.716955
2000 06 17 24	9999.000000 1.627013
2000 06 18 24	9999.000000 2.117396
2000 06 19 24	9999.000000 2.480084
2000 06 20 24	9999.000000 0.253870
2000 06 21 24	9999.000000 0.122494
2000 06 22 24	9999.000000 0.085208
2000 06 23 24	9999.000000 0.213662
2000 06 24 24	9999.000000 0.131435
2000 06 25 24	9999.000000 0.100987
2000 06 26 24	9999.000000 0.247851
2000 06 27 24	0.192669 0.139325
2000 06 28 24	0.148966 0.091344
2000 06 29 24	0.148966 0.155805
2000 06 30 24	0.148966 0.201039
2000 07 01 24	0.148966 0.168312
2000 07 02 24	0.148966 0.151948
2000 07 03 24	0.148966 0.129039
2000 07 04 24	0.218592 0.129039
2000 07 05 24	0.215562 0.116474
2000 07 06 24	0.190588 0.100987
2000 07 07 24	0.148966 0.094851
2000 07 08 24	0.338057 1.003558
2000 07 09 24	0.322357 0.894799
2000 07 10 24	0.215562 0.709188
2000 07 11 24	0.215562 0.909468
2000 07 12 24	0.215562 0.354156
2000 07 13 24	0.187120 0.235461
2000 07 14 24	0.189347 0.682539
2000 07 15 24	0.552888 1.647058
2000 07 16 24	0.380738 1.140955
2000 07 17 24	0.299684 0.976208
2000 07 18 24	0.276901 0.944883
2000 07 19 24	0.215562 0.402838
2000 07 20 24	0.215562 0.668221
2000 07 21 24	0.215562 0.295948
2000 07 22 24	0.215562 0.213253
2000 07 23 24	0.215562 0.127344
2000 07 24 24	0.215562 0.093390
2000 07 25 24	0.179489 0.071766
2000 07 26 24	0.148966 0.050494
2000 07 27 24	0.213481 0.043305
2000 07 28 24	0.182957 0.033662
2000 07 29 24	0.183651 0.022792
2000 07 30 24	0.215562 0.403422
2000 07 31 24	0.215562 0.200864
2000 08 01 24	0.190588 0.193208
2000 08 02 24	0.148966 0.202734
2000 08 03 24	0.148966 0.158903
2000 08 04 24	0.148966 0.120565
2000 08 05 24	0.148966 0.096604
2000 08 06 24	0.148966 0.072935
2000 08 07 24	0.148966 0.072935
2000 08 08 24	0.197525 0.054000
2000 08 09 24	0.215562 0.050494
2000 08 10 24	0.167696 9999.000000
2000 08 11 24	0.148966 0.033662
2000 08 12 24	0.148966 0.025130
2000 08 13 24	0.148966 0.022442
2000 08 14 24	0.148966 0.015312
2000 08 15 24	0.148966 0.011221
2000 08 16 24	0.148966 0.011221
2000 08 17 24	0.148966 9999.000000
2000 08 18 24	0.148966 9999.000000
2000 08 19 24	0.148966 0.207584
2000 08 20 24	0.148966 0.207584
2000 08 21 24	0.375736 0.360994
2000 08 22 24	0.707239 4.073201
2000 08 23 24	0.321955 1.603519
2000 08 24 24	0.215562 1.091571
2000 08 25 24	0.215562 0.902571
2000 08 26 24	0.188507 0.742792
2000 08 27 24	0.148966 0.624156
2000 08 28 24	0.148966 0.531000
2000 08 29 24	0.148966 0.452805
2000 08 30 24	0.187813 0.301325
2000 08 31 24	0.215562 0.207584
2000 09 01 24	0.171858 0.169539
2000 09 02 24	0.148966 0.166266
2000 09 03 24	0.201176 0.482143
2000 09 04 24	1.405533 6.721714
2000 09 05 24	0.635878 3.105584
2000 09 06 24	0.389099 2.392656
2000 09 07 24	0.608970 3.849429
2000 09 08 24	9999.000000 2.877078
2000 09 09 24	9999.000000 2.034935
2000 09 10 24	9999.000000 1.185721
2000 09 11 24	9999.000000 0.899649
2000 09 12 24	9999.000000 0.714974
2000 09 13 24	9999.000000 0.602240
2000 09 14 24	9999.000000 0.402253
2000 09 15 24	9999.000000 0.282273
2000 09 16 24	9999.000000 0.243351
2000 09 17 24	9999.000000 0.196130
2000 09 18 24	9999.000000 0.168312
2000 09 19 24	9999.000000 0.144175
2000 09 20 24	9999.000000 0.129039
2000 09 21 24	9999.000000 0.105078
2000 09 22 24	9999.000000 0.100987
2000 09 23 24	9999.000000 0.081701
2000 09 24 24	9999.000000 0.072935
2000 09 25 24	9999.000000 0.065922
2000 09 26 24	9999.000000 0.050494
2000 09 27 24	9999.000000 0.050494
2000 09 28 24	9999.000000 0.047513
2000 09 29 24	9999.000000 0.033662
2000 09 30 24	9999.000000 0.033662
2000 10 01 24	9999.000000 0.175558
2000 10 02 24	9999.000000 5.848773
2000 10 03 24	9999.000000 2.468864
2000 10 04 24	9999.000000 2.089110
2000 10 05 24	9999.000000 0.917065
2000 10 06 24	9999.000000 1.960831
2000 10 07 24	9999.000000 4.637805
2000 10 08 24	9999.000000 5.750766
2000 10 09 24	9999.000000 3.357467
2000 10 10 24	9999.000000 3.025870
2000 10 11 24	9999.000000 2.710753
2000 10 12 24	9999.000000 2.481838
2000 10 13 24	9999.000000 2.479792
2000 10 14 24	9999.000000 2.430117
2000 10 15 24	9999.000000 2.289039
2000 10 16 24	9999.000000 2.289039
2000 10 17 24	9999.000000 2.182442
2000 10 18 24	9999.000000 2.280506
2000 10 19 24	9999.000000 2.479792
2000 10 20 24	9999.000000 2.326792
2000 10 21 24	9999.000000 2.289039
2000 10 22 24	9999.000000 2.223584
2000 10 23 24	9999.000000 2.109506
2000 10 24 24	0.299684 2.109506
2000 10 25 24	0.299684 2.109506
2000 10 26 24	0.335903 2.199273
2000 10 27 24	0.408341 2.289039
2000 10 28 24	0.408341 2.289039
2000 10 29 24	0.408341 2.289039
2000 10 30 24	0.324584 2.227325
2000 10 31 24	0.299684 2.109506
2000 11 01 24	0.299684 2.098987
2000 11 02 24	0.299684 1.610240
2000 11 03 24	0.299684 1.031377
2000 11 04 24	0.299684 2.239130
2000 11 05 24	0.299684 2.289039
2000 11 06 24	0.299684 2.131948
2000 11 07 24	0.299684 1.258305
2000 11 08 24	0.299684 0.572727
2000 11 09 24	0.299684 0.589091
2000 11 10 24	0.299684 0.513818
2000 11 11 24	0.299684 0.405526
2000 11 12 24	0.299684 0.168487
2000 11 13 24	0.299684 0.067968
2000 11 14 24	0.299684 0.030565
2000 11 15 24	0.299684 0.447779
2000 11 16 24	0.299684 0.398688
2000 11 17 24	0.299684 0.498799
2000 11 18 24	0.299684 0.747760
2000 11 19 24	0.299684 0.766636
2000 11 20 24	0.299684 0.673247
2000 11 21 24	0.312134 0.792468
2000 11 22 24	0.408341 0.837175
2000 11 23 24	0.334771 0.768623
2000 11 24 24	0.299684 0.681370
2000 11 25 24	0.621237 1.459987
2000 11 26 24	0.786852 1.183968
2000 11 27 24	0.713282 1.168597
2000 11 28 24	0.713282 1.072519
2000 11 29 24	0.713282 1.042831
2000 11 30 24	0.713282 0.976208
2000 12 01 24	0.644933 0.872182
2000 12 02 24	0.545039 0.864000
2000 12 03 24	0.545039 0.788493
2000 12 04 24	0.545039 0.768623
2000 12 05 24	0.545039 0.768623
2000 12 06 24	0.545039 0.768623
2000 12 07 24	0.545039 0.768623
2000 12 08 24	0.463874 0.711993
2000 12 09 24	0.509440 1.051773
2000 12 10 24	0.545039 1.046221
2000 12 11 24	0.545039 1.219617
2000 12 12 24	0.800562 1.535844
2000 12 13 24	0.880667 1.262805
2000 12 14 24	0.713282 0.997247
2000 12 15 24	0.773160 1.201558
2000 12 16 24	0.853485 1.116935
2000 12 17 24	0.834499 0.976208
2000 12 18 24	0.713282 0.882701
2000 12 19 24	0.595862 0.852078
2000 12 20 24	0.592357 0.751734
2000 12 21 24	1.233675 0.690019
2000 12 22 24	1.359237 0.693117
2000 12 23 24	0.994692 0.765351
2000 12 24 24	0.824276 0.824435
2000 12 25 24	0.644933 0.708019
2000 12 26 24	0.545039 0.673247
2000 12 27 24	0.545039 0.673247
2000 12 28 24	0.455331 0.673247
2000 12 29 24	0.408341 0.666234
2000 12 30 24	0.408341 0.589091
2000 12 31 24	0.408341 0.587455
2001 01 01 24	0.692178 0.625500
2001 01 02 24	0.473842 0.589968
2001 01 03 24	0.408341 0.589091
2001 01 04 24	0.309870 0.589091
2001 01 05 24	0.368178 0.593474
2001 01 06 24	1.136428 2.041188
2001 01 07 24	1.121239 1.415980
2001 01 08 24	0.852170 1.011273
2001 01 09 24	0.757095 0.834195
2001 01 10 24	0.713282 0.768623
2001 01 11 24	0.713282 0.689143
2001 01 12 24	0.578337 0.654896
2001 01 13 24	1.259854 0.596981
2001 01 14 24	1.457708 0.627662
2001 01 15 24	1.371706 0.597214
2001 01 16 24	0.811406 0.573019
2001 01 17 24	0.789225 0.676169
2001 01 18 24	1.169361 0.655773
2001 01 19 24	1.203718 0.589091
2001 01 20 24	1.006120 0.523636
2001 01 21 24	0.793606 0.510545
2001 01 22 24	0.587099 0.510545
2001 01 23 24	0.658953 0.510545
2001 01 24 24	0.602872 0.522877
2001 01 25 24	0.527951 0.521182
2001 01 26 24	0.545039 0.544091
2001 01 27 24	0.439667 0.510545
2001 01 28 24	0.408341 0.510545
2001 01 29 24	0.408341 0.510545
2001 01 30 24	0.408341 0.510545
2001 01 31 24	0.408341 0.510545
2001 02 01 24	0.408341 0.510545
2001 02 02 24	0.480961 0.497045
2001 02 03 24	0.650191 0.510545
2001 02 04 24	0.806750 0.510545
2001 02 05 24	1.015521 0.898773
2001 02 06 24	3.811363 3.695669
2001 02 07 24	4.202397 5.135669
2001 02 08 24	3.593811 4.576266
2001 02 09 24	2.817894 3.420877
2001 02 10 24	2.455886 2.819396
2001 02 11 24	2.058590 2.163740
2001 02 12 24	1.912783 2.093844
2001 02 13 24	2.153282 3.352734
2001 02 14 24	2.015525 2.644656
2001 02 15 24	1.777071 2.316857
2001 02 16 24	1.621533 2.122597
2001 02 17 24	1.536097 1.951013
2001 02 18 24	1.370483 1.732734
2001 02 19 24	1.309144 1.627013
2001 02 20 24	1.186466 1.514571
2001 02 21 24	1.186466 1.473838
2001 02 22 24	1.066984 1.330305
2001 02 23 24	1.023992 1.618480
2001 02 24 24	0.991369 1.404058
2001 02 25 24	1.660071 1.505980
2001 02 26 24	1.805075 1.245448
2001 02 27 24	2.078014 1.197818
2001 02 28 24	2.459501 1.090519
2001 03 01 24	1.375832 1.075558
2001 03 02 24	0.800909 0.976208
2001 03 03 24	0.853740 0.976208
2001 03 04 24	0.713282 0.959844
2001 03 05 24	0.708024 0.878026
2001 03 06 24	0.720256 0.871013
2001 03 07 24	0.623903 0.868675
2001 03 08 24	0.594110 0.903857
2001 03 09 24	2.052055 3.867545
2001 03 10 24	3.159402 4.974312
2001 03 11 24	5.785412 7.976688
2001 03 12 24	8.817097 11.427779
2001 03 13 24	10.657898 13.716350
2001 03 14 24	7.679501 10.687967
2001 03 15 24	5.773399 9.011922
2001 03 16 24	4.627351 8.065519
2001 03 17 24	4.636278 8.912454
2001 03 18 24	4.819582 9.419844
2001 03 19 24	4.589251 9.398922
2001 03 20 24	3.891468 8.056227
2001 03 21 24	3.381225 6.856364
2001 03 22 24	3.176324 6.530786
2001 03 23 24	3.681310 7.416760
2001 03 24 24	4.235002 8.872831
2001 03 25 24	6.353343 12.219487
2001 03 26 24	5.609975 9.532636
2001 03 27 24	4.712020 8.143130
2001 03 28 24	3.988314 7.067396
2001 03 29 24	3.490320 6.353591
2001 03 30 24	3.066754 6.012058
2001 03 31 24	2.787024 5.968227
2001 04 01 24	2.567574 5.775721
2001 04 02 24	2.376657 5.653169
2001 04 03 24	2.270464 5.522143
2001 04 04 24	2.410704 5.996688
2001 04 05 24	2.496542 5.918903
2001 04 06 24	2.085298 4.420461
2001 04 07 24	1.997890 4.671058
2001 04 08 24	2.199414 5.583039
2001 04 09 24	1.923006 4.091143
2001 04 10 24	1.680681 3.410006
2001 04 11 24	1.566767 3.139013
2001 04 12 24	1.484982 2.923890
2001 04 13 24	1.370483 2.686967
2001 04 14 24	1.370483 2.661838
2001 04 15 24	1.370483 2.479792
2001 04 16 24	1.577099 3.026396
2001 04 17 24	1.779371 3.548045
2001 04 18 24	1.700398 3.421344
2001 04 19 24	1.746402 3.276058
2001 04 20 24	1.573339 2.919273
2001 04 21 24	1.625915 2.996766
2001 04 22 24	1.777071 2.932597
2001 04 23 24	1.715513 3.517597
2001 04 24 24	1.813874 3.794143
2001 04 25 24	1.712227 3.472013
2001 04 26 24	1.995207 4.588364
2001 04 27 24	1.777071 3.127558
2001 04 28 24	1.625915 2.883740
2001 04 29 24	1.566767 2.950364
2001 04 30 24	1.476803 2.635422
2001 05 01 24	1.351314 2.376467
2001 05 02 24	1.320645 2.214234
2001 05 03 24	1.186466 2.090221
2001 05 04 24	2.164217 4.718980
2001 05 05 24	4.785462 9.894273
2001 05 06 24	4.435667 8.328273
2001 05 07 24	4.190550 7.018597
2001 05 08 24	3.848349 6.525584
2001 05 09 24	3.385533 5.562935
2001 05 10 24	2.881990 4.372130
2001 05 11 24	2.549811 3.732896
2001 05 12 24	2.145998 3.213993
2001 05 13 24	1.910483 2.837104
2001 05 14 24	1.691635 2.573883
2001 05 15 24	2.137600 2.906883
2001 05 16 24	1.988562 2.589253
2001 05 17 24	1.693826 2.235156
2001 05 18 24	1.674109 2.407091
2001 05 19 24	1.507473 2.223584
2001 05 20 24	1.295726 1.932896
2001 05 21 24	1.135862 1.702753
2001 05 22 24	1.012965 1.564714
2001 05 23 24	0.944854 1.421240
2001 05 24 24	0.853485 1.340883
2001 05 25 24	0.853485 1.270987
2001 05 26 24	0.853485 1.211844
2001 05 27 24	0.853485 1.187416
2001 05 28 24	1.131882 1.942305
2001 05 29 24	1.120381 1.734253
2001 05 30 24	0.853485 1.275019
2001 05 31 24	0.970704 1.531870
2001 06 01 24	1.027424 1.612578
2001 06 02 24	0.855949 1.419779
2001 06 03 24	0.885049 1.790766
2001 06 04 24	1.617024 3.678954
2001 06 05 24	1.997306 4.368448
2001 06 06 24	1.276686 2.044052
2001 06 07 24	1.067185 1.638117
2001 06 08 24	1.012965 1.481143
2001 06 09 24	1.012965 1.481143
2001 06 10 24	1.096485 1.653545
2001 06 11 24	1.230554 2.150649
2001 06 12 24	1.052726 1.825773
2001 06 13 24	0.916613 1.541922
2001 06 14 24	0.824276 1.386175
2001 06 15 24	0.713282 1.276364
2001 06 16 24	0.742491 1.512760
2001 06 17 24	0.797988 1.851370
2001 06 18 24	0.749793 1.819169
2001 06 19 24	0.764398 1.297461
2001 06 20 24	0.648438 0.864000
2001 06 21 24	0.597907 0.949325
2001 06 22 24	0.891694 1.360344
2001 06 23 24	1.072606 1.784513
2001 06 24 24	0.837913 1.185487
2001 06 25 24	0.713282 0.913091
2001 06 26 24	0.648438 0.825253
2001 06 27 24	0.545039 0.768623
2001 06 28 24	0.545039 0.768623
2001 06 29 24	0.545039 0.733851
2001 06 30 24	0.545039 0.690838
2001 07 01 24	0.545039 0.950786
2001 07 02 24	0.540767 0.754714
2001 07 03 24	0.408341 0.673247
2001 07 04 24	0.408341 0.673247
2001 07 05 24	0.408341 0.673247
2001 07 06 24	0.370990 0.629416
2001 07 07 24	0.412759 0.748636
2001 07 08 24	1.003783 1.486169
2001 07 09 24	0.713282 1.089701
2001 07 10 24	0.643181 0.956513
2001 07 11 24	0.523679 0.768623
2001 07 12 24	0.403357 9999.000000
2001 07 13 24	0.408341 0.673247
2001 07 14 24	0.408341 0.626844
2001 07 15 24	0.408341 0.565890
2001 07 16 24	0.696085 1.196649
2001 07 17 24	1.225953 2.214935
2001 07 18 24	0.952028 1.263331
2001 07 19 24	0.717663 0.845299
2001 07 20 24	0.674909 1.157903
2001 07 21 24	1.064318 1.598552
2001 07 22 24	0.700430 0.846175
2001 07 23 24	0.545039 0.708019
2001 07 24 24	0.545039 0.639935
2001 07 25 24	0.503744 0.589091
2001 07 26 24	0.408341 0.589091
2001 07 27 24	0.408341 0.548474
2001 07 28 24	0.408341 0.430597
2001 07 29 24	0.408341 0.299805
2001 07 30 24	0.382308 0.291214
2001 07 31 24	0.299684 0.410201
2001 08 01 24	0.299684 0.510545
2001 08 02 24	0.363067 0.473318
2001 08 03 24	0.408341 0.437610
2001 08 04 24	0.431124 0.459643
2001 08 05 24	0.508016 0.510545
2001 08 06 24	0.408341 0.366487
2001 08 07 24	0.329112 0.131494
2001 08 08 24	0.299684 0.339312
2001 08 09 24	0.299684 0.419377
2001 08 10 24	0.299684 0.367714
2001 08 11 24	0.299684 0.308571
2001 08 12 24	0.299684 0.285429
2001 08 13 24	0.299684 0.258078
2001 08 14 24	0.237469 0.252818
2001 08 15 24	0.215562 0.250071
2001 08 16 24	0.215562 0.053240
2001 08 17 24	0.285882 0.270000
2001 08 18 24	0.299684 0.235286
2001 08 19 24	0.551026 0.426565
2001 08 20 24	0.492024 0.501955
2001 08 21 24	0.946460 1.301552
2001 08 22 24	0.640260 0.551747
2001 08 23 24	0.426852 0.383610
2001 08 24 24	0.350617 0.336857
2001 08 25 24	0.299684 0.267545
2001 08 26 24	0.299684 0.436266
2001 08 27 24	0.299684 1.033481
2001 08 28 24	0.299684 0.513701
2001 08 29 24	0.299684 0.184149
2001 08 30 24	0.265509 0.294370
2001 08 31 24	0.243602 0.525390
2001 09 01 24	1.037757 4.110312
2001 09 02 24	0.970247 2.150883
2001 09 03 24	0.529594 0.693468
2001 09 04 24	0.509440 0.697909
2001 09 05 24	0.421156 0.603993
2001 09 06 24	0.408341 0.552273
2001 09 07 24	0.408341 0.513000
2001 09 08 24	0.997120 1.819461
2001 09 09 24	1.192746 1.899409
2001 09 10 24	3.293178 6.708273
2001 09 11 24	3.675779 5.723240
2001 09 12 24	3.202740 5.152967
2001 09 13 24	3.069675 5.126260
2001 09 14 24	3.002823 4.818039
2001 09 15 24	2.594410 3.279448
2001 09 16 24	2.420105 2.756162
2001 09 17 24	2.109578 2.382487
2001 09 18 24	2.082870 2.795844
2001 09 19 24	1.959554 2.515734
2001 09 20 24	2.142292 4.281370
2001 09 21 24	2.068302 3.275357
2001 09 22 24	1.832276 2.480143
2001 09 23 24	1.617152 2.118740
2001 09 24 24	1.691635 2.531045
2001 09 25 24	1.682872 2.427019
2001 09 26 24	1.566767 2.289039
2001 09 27 24	1.566767 2.154390
2001 09 28 24	1.542231 2.096766
2001 09 29 24	1.370483 1.892045
2001 09 30 24	1.370483 1.820864
2001 10 01 24	1.370483 1.849675
2001 10 02 24	1.887663 3.526305
2001 10 03 24	1.450479 1.991338
2001 10 04 24	2.418882 4.999967
2001 10 05 24	2.037761 2.858260
2001 10 06 24	1.777071 2.320948
2001 10 07 24	1.777071 2.109506
2001 10 08 24	1.676592 2.013078
2001 10 09 24	1.544276 1.849675
2001 10 10 24	1.376617 1.682240
2001 10 11 24	1.236304 1.549519
2001 10 12 24	1.186466 1.435851
2001 10 13 24	1.125018 1.335506
2001 10 14 24	1.012965 1.211844
2001 10 15 24	1.012965 1.141130
2001 10 16 24	0.866775 1.088416
2001 10 17 24	0.853485 1.017117
2001 10 18 24	9999.000000 0.976208
2001 10 19 24	0.815513 0.973870
2001 10 20 24	0.713282 0.864000
2001 10 21 24	0.713282 0.892052
2001 10 22 24	0.800909 1.122896
2001 10 23 24	0.853485 1.082221
2001 10 24 24	0.745412 9999.000000
2001 10 25 24	0.780462 1.042831
2001 10 26 24	0.713282 0.934130
2001 10 27 24	0.713282 0.875688
2001 10 28 24	0.713282 1.006597
2001 10 29 24	0.713282 1.144403
2001 10 30 24	0.713282 0.917766
2001 10 31 24	0.545039 0.811344
2001 11 01 24	0.573079 0.893747
2001 11 02 24	0.802369 1.205532
2001 11 03 24	0.713282 1.005429
2001 11 04 24	0.713282 0.868675
2001 11 05 24	0.571327 0.864000
2001 11 06 24	0.545039 0.769617
2001 11 07 24	0.560811 0.918993
2001 11 08 24	2.281874 4.746682
2001 11 09 24	2.235377 2.975727
2001 11 10 24	1.639059 1.659273
2001 11 11 24	1.566767 1.481143
2001 11 12 24	1.566767 1.526786
2001 11 13 24	1.838629 2.651786
2001 11 14 24	1.543546 1.824487
2001 11 15 24	1.370483 1.525208
2001 11 16 24	1.370483 1.540403
2001 11 17 24	1.370483 1.627013
2001 11 18 24	1.261223 1.481143
2001 11 19 24	1.261223 1.716370
2001 11 20 24	1.476803 2.043643
2001 11 21 24	1.245888 1.655416
2001 11 22 24	1.723016 3.184831
2001 11 23 24	1.929907 9999.000000
2001 11 24 24	1.577720 9999.000000
2001 11 25 24	1.566767 9999.000000
2001 11 26 24	2.103462 9999.000000
2001 11 27 24	2.876075 9999.000000
2001 11 28 24	2.476333 9999.000000
2001 11 29 24	2.639903 2.705084
2001 11 30 24	3.128477 3.917747
2001 12 01 24	2.770266 2.631682
2001 12 02 24	2.559523 2.316857
2001 12 03 24	2.376657 2.130078
2001 12 04 24	2.230978 9999.000000
2001 12 05 24	2.353655 2.987532
2001 12 06 24	5.793225 7.914214
2001 12 07 24	5.705671 6.127364
2001 12 08 24	4.941456 5.030240
2001 12 09 24	4.120850 4.129071
2001 12 10 24	3.488020 3.358169
2001 12 11 24	3.093207 2.957026
2001 12 12 24	2.729903 2.646058
2001 12 13 24	2.323497 2.704500
2001 12 14 24	3.002988 3.917279
2001 12 15 24	2.783592 1.887896
2001 12 16 24	1.722414 1.765870
2001 12 17 24	1.566767 1.627013
2001 12 18 24	1.431821 1.519130
2001 12 19 24	1.370483 1.479682
2001 12 20 24	1.293809 1.451922
2001 12 21 24	1.286872 1.363032
2001 12 22 24	1.075673 1.291149
2001 12 23 24	1.341493 1.172571
2001 12 24 24	3.257635 1.121844
2001 12 25 24	2.299400 1.087247
2001 12 26 24	1.044018 0.976208
2001 12 27 24	0.979740 0.976208
2001 12 28 24	0.896677 0.975039
2001 12 29 24	1.012965 0.959844
2001 12 30 24	0.868436 0.901169
2001 12 31 24	0.860130 0.849390
2002 01 01 24	1.036424 0.864000
2002 01 02 24	0.623903 1.087071
2002 01 03 24	1.281615 0.863006
2002 01 04 24	2.286292 0.964286
2002 01 05 24	4.057886 0.768623
2002 01 06 24	5.616255 0.768623
2002 01 07 24	4.916446 0.715968
2002 01 08 24	1.884414 0.673247
2002 01 09 24	1.008036 0.673247
2002 01 10 24	0.723505 0.673247
2002 01 11 24	0.713282 0.712227
2002 01 12 24	0.713282 0.673247
2002 01 13 24	0.713282 0.673247
2002 01 14 24	0.717079 0.673247
2002 01 15 24	1.384375 0.721929
2002 01 16 24	2.760061 0.768623
2002 01 17 24	3.536617 0.768623
2002 01 18 24	3.352874 0.768623
2002 01 19 24	2.017679 0.768623
2002 01 20 24	0.675895 0.782416
2002 01 21 24	3.073819 5.894123
2002 01 22 24	4.708004 7.828539
2002 01 23 24	4.053395 5.090786
2002 01 24 24	4.323596 4.471071
2002 01 25 24	6.177906 6.729253
2002 01 26 24	6.045827 6.227825
2002 01 27 24	10.839231 11.290441
2002 01 28 24	15.439908 85.880091
2002 01 29 24	13.701138 82.846273
2002 01 30 24	9.700375 11.229195
2002 01 31 24	7.942071 10.121201
2002 02 01 24	6.338136 8.461461
2002 02 02 24	5.117020 7.768753
2002 02 03 24	4.592008 7.190415
2002 02 04 24	4.061592 6.511208
2002 02 05 24	3.759408 6.027312
2002 02 06 24	3.880113 6.270019
2002 02 07 24	3.420621 5.540493
2002 02 08 24	3.025606 5.152909
2002 02 09 24	3.007972 5.515480
2002 02 10 24	3.799406 6.855779
2002 02 11 24	3.548118 6.592149
2002 02 12 24	3.749878 6.970383
2002 02 13 24	6.253959 9.645195
2002 02 14 24	4.880811 7.206253
2002 02 15 24	4.162600 6.250500
2002 02 16 24	3.568126 5.565097
2002 02 17 24	3.102024 4.994883
2002 02 18 24	2.727219 4.248234
2002 02 19 24	2.330653 3.330467
2002 02 20 24	2.682803 3.881104
2002 02 21 24	2.596235 3.268578
2002 02 22 24	2.167850 2.552727
2002 02 23 24	2.216410 2.532916
2002 02 24 24	1.977189 2.123649
2002 02 25 24	1.779371 1.941195
2002 02 26 24	4.229854 5.434539
2002 02 27 24	6.634825 7.458487
2002 02 28 24	5.914789 5.818851
2002 03 01 24	4.749992 4.893312
2002 03 02 24	3.911531 4.056019
2002 03 03 24	3.267803 3.200610
2002 03 04 24	2.971369 2.846980
2002 03 05 24	2.731272 2.676156
2002 03 06 24	2.476333 2.700117
2002 03 07 24	3.658801 6.664558
2002 03 08 24	3.175211 9999.000000
2002 03 09 24	2.806576 9999.000000
2002 03 10 24	2.645397 9999.000000
2002 03 11 24	2.476333 9999.000000
2002 03 12 24	2.294872 9999.000000
2002 03 13 24	2.230978 9999.000000
2002 03 14 24	2.121718 3.374708
2002 03 15 24	1.997890 2.838331
2002 03 16 24	1.788572 2.676156
2002 03 17 24	1.777071 2.728052
2002 03 18 24	1.777071 2.777786
2002 03 19 24	1.864479 3.466403
2002 03 20 24	1.816174 3.467747
2002 03 21 24	2.132580 4.748493
2002 03 22 24	1.938085 3.438292
2002 03 23 24	1.777071 2.740266
2002 03 24 24	1.733258 2.569792
2002 03 25 24	1.566767 2.446013
2002 03 26 24	1.566767 2.259117
2002 03 27 24	1.448178 2.098987
2002 03 28 24	1.487026 2.044636
2002 03 29 24	1.563736 2.294649
2002 03 30 24	2.089387 3.684331
2002 03 31 24	2.394675 4.408013
2002 04 01 24	2.575625 5.057941
2002 04 02 24	2.384324 4.292708
2002 04 03 24	2.271870 3.507487
2002 04 04 24	2.087726 2.856916
2002 04 05 24	1.878280 2.555474
2002 04 06 24	1.777071 2.291026
2002 04 07 24	1.652203 2.120727
2002 04 08 24	1.566767 1.944701
2002 04 09 24	1.376617 1.792052
2002 04 10 24	1.370483 1.699597
2002 04 11 24	1.242055 1.627013
2002 04 12 24	1.186466 1.627013
2002 04 13 24	1.186466 1.548000
2002 04 14 24	1.259726 1.907123
2002 04 15 24	2.441903 4.658610
2002 04 16 24	2.361615 4.519987
2002 04 17 24	1.798430 2.372903
2002 04 18 24	1.566767 1.962234
2002 04 19 24	1.566767 1.848273
2002 04 20 24	1.597436 1.910104
2002 04 21 24	1.480892 1.710643
2002 04 22 24	1.370483 1.627013
2002 04 23 24	1.320645 1.506974
2002 04 24 24	1.186466 1.481143
2002 04 25 24	1.186466 1.390558
2002 04 26 24	1.188383 1.384539
2002 04 27 24	1.268890 1.574766
2002 04 28 24	1.182852 1.371565
2002 04 29 24	1.012965 1.233351
2002 04 30 24	1.004659 1.119273
2002 05 01 24	0.853485 1.031143
2002 05 02 24	0.853485 0.976208
2002 05 03 24	0.853485 0.976208
2002 05 04 24	0.853485 0.914260
2002 05 05 24	0.853485 0.951662
2002 05 06 24	1.776779 3.267175
2002 05 07 24	1.231868 1.542331
2002 05 08 24	0.946515 1.090169
2002 05 09 24	0.853485 0.930623
2002 05 10 24	0.871759 0.864000
2002 05 11 24	0.843627 0.896727
2002 05 12 24	0.928241 1.036753
2002 05 13 24	0.880065 1.076026
2002 05 14 24	0.853485 0.983221
2002 05 15 24	0.765858 0.846117
2002 05 16 24	0.713282 0.768623
2002 05 17 24	0.713282 0.768623
2002 05 18 24	0.660706 0.732857
2002 05 19 24	0.625655 0.743786
2002 05 20 24	0.665963 0.741799
2002 05 21 24	0.545039 0.673247
2002 05 22 24	0.545039 0.673247
2002 05 23 24	0.557306 0.697500
2002 05 24 24	0.657201 0.768623
2002 05 25 24	0.545039 0.681195
2002 05 26 24	0.805874 1.178649
2002 05 27 24	0.726426 0.849974
2002 05 28 24	0.713282 0.768623
2002 05 29 24	0.632665 0.768623
2002 05 30 24	0.545039 0.676227
2002 05 31 24	0.496625 0.628539
2002 06 01 24	0.408341 0.589091
2002 06 02 24	0.408341 0.558000
2002 06 03 24	0.408341 0.526909
2002 06 04 24	0.408341 0.510545
2002 06 05 24	0.338787 0.510545
2002 06 06 24	0.691886 1.620000
2002 06 07 24	1.316592 2.982448
2002 06 08 24	5.358614 9.445500
2002 06 09 24	3.795572 5.595779
2002 06 10 24	2.953132 3.370091
2002 06 11 24	2.494862 2.360513
2002 06 12 24	2.121718 2.027104
2002 06 13 24	1.898982 1.880591
2002 06 14 24	1.928884 2.027571
2002 06 15 24	1.804673 1.903266
2002 06 16 24	1.614669 1.744130
2002 06 17 24	1.303393 1.418318
2002 06 18 24	1.186466 1.273675
2002 06 19 24	1.099716 1.141130
2002 06 20 24	1.048655 1.051013
2002 06 21 24	1.079434 1.138091
2002 06 22 24	1.159905 1.089818
2002 06 23 24	0.931564 0.918935
2002 06 24 24	0.853485 0.916597
2002 06 25 24	0.814053 0.820286
2002 06 26 24	0.713282 0.768623
2002 06 27 24	0.713282 0.729877
2002 06 28 24	0.713282 0.673247
2002 06 29 24	0.658953 0.673247
2002 06 30 24	0.545039 0.673247
2002 07 01 24	0.545039 0.631169
2002 07 02 24	0.697509 0.914844
2002 07 03 24	0.711529 0.749747
2002 07 04 24	0.611635 0.732857
2002 07 05 24	0.545039 0.638182
2002 07 06 24	0.489396 0.622403
2002 07 07 24	0.613387 0.699721
2002 07 08 24	0.482385 0.570273
2002 07 09 24	0.408341 0.510545
2002 07 10 24	0.398264 0.526091
2002 07 11 24	0.462450 0.529364
2002 07 12 24	0.408341 0.510545
2002 07 13 24	0.549146 1.171461
2002 07 14 24	0.833458 1.080584
2002 07 15 24	0.537919 0.679208
2002 07 16 24	0.863872 1.926643
2002 07 17 24	1.068280 1.578273
2002 07 18 24	0.776081 1.038448
2002 07 19 24	0.608130 0.771604
2002 07 20 24	0.545039 0.673247
2002 07 21 24	0.453907 0.686279
2002 07 22 24	0.408341 0.655890
2002 07 23 24	0.408341 0.589091
2002 07 24 24	0.408341 0.589091
2002 07 25 24	0.408341 0.506981
2002 07 26 24	0.407209 0.437610
2002 07 27 24	0.408341 0.437610
2002 07 28 24	0.351748 0.437610
2002 07 29 24	0.299684 0.410260
2002 07 30 24	0.299684 0.408156
2002 07 31 24	9999.000000 0.437610
2002 08 01 24	1.542359 0.973227
2002 08 02 24	1.262556 0.740104
2002 08 03 24	0.795414 0.551455
2002 08 04 24	0.723505 0.667753
2002 08 05 24	0.811132 0.731221
2002 08 06 24	0.713282 0.607500
2002 08 07 24	0.959221 1.039909
2002 08 08 24	1.127318 0.985208
2002 08 09 24	0.951499 0.731864
2002 08 10 24	0.780462 0.601364
2002 08 11 24	0.713282 0.655714
2002 08 12 24	9999.000000 219.610985
2002 08 13 24	9999.000000 110.477336
2002 08 14 24	9999.000000 25.677000
2002 08 15 24	9999.000000 18.813915
2002 08 16 24	9999.000000 14.815052
2002 08 17 24	9999.000000 12.554182
2002 08 18 24	9999.000000 11.209032
2002 08 19 24	9999.000000 10.188117
2002 08 20 24	9999.000000 9.426331
2002 08 21 24	9999.000000 8.839169
2002 08 22 24	9999.000000 7.503662
2002 08 23 24	9999.000000 6.500279
2002 08 24 24	9999.000000 6.180370
2002 08 25 24	9999.000000 5.880506
2002 08 26 24	9999.000000 5.578656
2002 08 27 24	9999.000000 5.258104
2002 08 28 24	9999.000000 3.538870
2002 08 29 24	9999.000000 1.325221
2002 08 30 24	9999.000000 1.183792
2002 08 31 24	9999.000000 1.139377
2002 09 01 24	9999.000000 1.312364
2002 09 02 24	9999.000000 1.119390
2002 09 03 24	9999.000000 1.032487
2002 09 04 24	9999.000000 0.981818
2002 09 05 24	9999.000000 1.701000
2002 09 06 24	9999.000000 1.574942
2002 09 07 24	9999.000000 1.253922
2002 09 08 24	9999.000000 1.139377
2002 09 09 24	9999.000000 9999.000000
2002 09 10 24	9999.000000 1.186071
2002 09 11 24	9999.000000 1.366013
2002 09 12 24	9999.000000 1.130493
2002 09 13 24	9999.000000 1.033481
2002 09 14 24	9999.000000 1.009403
2002 09 15 24	9999.000000 1.346260
2002 09 16 24	9999.000000 1.206117
2002 09 17 24	9999.000000 1.117169
2002 09 18 24	9999.000000 1.077195
2002 09 19 24	9999.000000 1.018578
2002 09 20 24	9999.000000 0.981818
2002 09 21 24	9999.000000 0.981818
2002 09 22 24	9999.000000 1.030968
2002 09 23 24	9999.000000 1.355727
2002 09 24 24	9999.000000 1.228208
2002 09 25 24	9999.000000 1.183792
2002 09 26 24	9999.000000 1.396052
2002 09 27 24	9999.000000 3.366000
2002 09 28 24	9999.000000 1.614857
2002 09 29 24	9999.000000 1.211844
2002 09 30 24	9999.000000 1.032019
2002 10 01 24	9999.000000 0.886442
2002 10 02 24	9999.000000 0.886442
2002 10 03 24	9999.000000 0.886442
2002 10 04 24	9999.000000 0.917240
2002 10 05 24	9999.000000 0.886442
2002 10 06 24	9999.000000 2.199974
2002 10 07 24	9999.000000 2.587032
2002 10 08 24	9999.000000 1.893565
2002 10 09 24	9999.000000 1.629234
2002 10 10 24	9999.000000 1.332234
2002 10 11 24	9999.000000 1.210675
2002 10 12 24	9999.000000 1.156032
2002 10 13 24	9999.000000 1.077195
2002 10 14 24	9999.000000 1.077195
2002 10 15 24	9999.000000 1.180286
2002 10 16 24	9999.000000 2.325857
2002 10 17 24	9999.000000 2.294123
2002 10 18 24	9999.000000 1.530584
2002 10 19 24	9999.000000 1.525208
2002 10 20 24	9999.000000 1.577922
2002 10 21 24	9999.000000 1.710292
2002 10 22 24	9999.000000 3.069526
2002 10 23 24	9999.000000 2.425325
2002 10 24 24	9999.000000 1.915305
2002 10 25 24	9999.000000 2.453084
2002 10 26 24	9999.000000 4.206448
2002 10 27 24	9999.000000 9999.000000
2002 10 28 24	9999.000000 3.849662
2002 10 29 24	9999.000000 4.019493
2002 10 30 24	9999.000000 3.891916
2002 10 31 24	9999.000000 3.538753
2002 11 01 24	9999.000000 3.209961
2002 11 02 24	9999.000000 3.849312
2002 11 03 24	9999.000000 3.768195
2002 11 04 24	9999.000000 4.419935
2002 11 05 24	9999.000000 3.655987
2002 11 06 24	9999.000000 3.142403
2002 11 07 24	9999.000000 2.889351
2002 11 08 24	9999.000000 2.869422
2002 11 09 24	9999.000000 3.312000
2002 11 10 24	9999.000000 3.106052
2002 11 11 24	9999.000000 3.449045
2002 11 12 24	9999.000000 5.685896
2002 11 13 24	9999.000000 4.832532
2002 11 14 24	9999.000000 4.893312
2002 11 15 24	9999.000000 5.730896
2002 11 16 24	9999.000000 5.879747
2002 11 17 24	9999.000000 5.369377
2002 11 18 24	9999.000000 4.593857
2002 11 19 24	9999.000000 6.714877
2002 11 20 24	9999.000000 6.162312
2002 11 21 24	9999.000000 5.285805
2002 11 22 24	9999.000000 5.040584
2002 11 23 24	9999.000000 7.389877
2002 11 24 24	9999.000000 5.612493
2002 11 25 24	9999.000000 5.139818
2002 11 26 24	9999.000000 4.658669
2002 11 27 24	9999.000000 4.330286
2002 11 28 24	9999.000000 4.421338
2002 11 29 24	9999.000000 4.139591
2002 11 30 24	9999.000000 5.879396
2002 12 01 24	9999.000000 5.554636
2002 12 02 24	9999.000000 4.976299
2002 12 03 24	9999.000000 4.521974
2002 12 04 24	9999.000000 4.366227
2002 12 05 24	9999.000000 4.029370
2002 12 06 24	9999.000000 3.647104
2002 12 07 24	9999.000000 3.253792
2002 12 08 24	9999.000000 2.753474
2002 12 09 24	9999.000000 2.320188
2002 12 10 24	9999.000000 1.946221
2002 12 11 24	9999.000000 1.813909
2002 12 12 24	9999.000000 1.584292
2002 12 13 24	9999.000000 1.637065
2002 12 14 24	9999.000000 1.545779
2002 12 15 24	9999.000000 1.476351
2002 12 16 24	9999.000000 1.405870
2002 12 17 24	9999.000000 1.335740
2002 12 18 24	9999.000000 1.215351
2002 12 19 24	9999.000000 1.183792
2002 12 20 24	9999.000000 1.126052
2002 12 21 24	9999.000000 1.077195
2002 12 22 24	9999.000000 1.060305
2002 12 23 24	9999.000000 1.068078
2002 12 24 24	9999.000000 0.956981
2002 12 25 24	9999.000000 0.948039
2002 12 26 24	9999.000000 0.886442
2002 12 27 24	9999.000000 0.886442
2002 12 28 24	9999.000000 0.846234
2002 12 29 24	9999.000000 1.401838
2002 12 30 24	9999.000000 5.697292
2002 12 31 24	9999.000000 4.970922
2003 01 01 24	9999.000000 4.681344
2003 01 02 24	9999.000000 5.205273
2003 01 03 24	9999.000000 11.142935
2003 01 04 24	9999.000000 7.241084
2003 01 05 24	9999.000000 5.686364
2003 01 06 24	9999.000000 5.010195
2003 01 07 24	9999.000000 4.645753
2003 01 08 24	9999.000000 5.157584
2003 01 09 24	9999.000000 3.922071
2003 01 10 24	9999.000000 4.066656
2003 01 11 24	9999.000000 2.742604
2003 01 12 24	9999.000000 2.584169
2003 01 13 24	9999.000000 2.233169
2003 01 14 24	9999.000000 3.048954
2003 01 15 24	9999.000000 3.175364
2003 01 16 24	9999.000000 2.285123
2003 01 17 24	9999.000000 1.952006
2003 01 18 24	9999.000000 1.768675
2003 01 19 24	9999.000000 1.649922
2003 01 20 24	9999.000000 1.531636
2003 01 21 24	9999.000000 1.407857
2003 01 22 24	9999.000000 1.294831
2003 01 23 24	9999.000000 1.183792
2003 01 24 24	9999.000000 1.156032
2003 01 25 24	9999.000000 1.077195
2003 01 26 24	9999.000000 1.023545
2003 01 27 24	9999.000000 2.866967
2003 01 28 24	9999.000000 5.940701
2003 01 29 24	9999.000000 3.540156
2003 01 30 24	9999.000000 2.781643
2003 01 31 24	9999.000000 2.571429
2003 02 01 24	9999.000000 2.115351
2003 02 02 24	9999.000000 2.059480
2003 02 03 24	9999.000000 1.897831
2003 02 04 24	9999.000000 1.739221
2003 02 05 24	9999.000000 1.572779
2003 02 06 24	9999.000000 1.346026
2003 02 07 24	9999.000000 1.269935
2003 02 08 24	9999.000000 1.274201
2003 02 09 24	9999.000000 1.384130
2003 02 10 24	9999.000000 1.179351
2003 02 11 24	9999.000000 1.188117
2003 02 12 24	9999.000000 1.716896
2003 02 13 24	9999.000000 2.285416
2003 02 14 24	9999.000000 1.597968
2003 02 15 24	9999.000000 0.886442
2003 02 16 24	9999.000000 0.885506
2003 02 17 24	9999.000000 0.864935
2003 02 18 24	9999.000000 0.841675
2003 02 19 24	9999.000000 0.796675
2003 02 20 24	9999.000000 0.786039
2003 02 21 24	9999.000000 0.718130
2003 02 22 24	9999.000000 0.718130
2003 02 23 24	9999.000000 0.720877
2003 02 24 24	9999.000000 0.909818
2003 02 25 24	9999.000000 0.956805
2003 02 26 24	9999.000000 0.945526
2003 02 27 24	9999.000000 0.718130
2003 02 28 24	9999.000000 0.718130
2003 03 01 24	9999.000000 0.788727
2003 03 02 24	9999.000000 0.941084
2003 03 03 24	9999.000000 1.152526
2003 03 04 24	9999.000000 1.165383
2003 03 05 24	9999.000000 1.049377
2003 03 06 24	9999.000000 0.991753
2003 03 07 24	9999.000000 9999.000000
2003 03 08 24	9999.000000 9999.000000
2003 03 09 24	9999.000000 9999.000000
2003 03 10 24	9999.000000 9999.000000
2003 03 11 24	9999.000000 9999.000000
2003 03 12 24	9999.000000 9999.000000
2003 03 13 24	9999.000000 9999.000000
2003 03 14 24	9999.000000 3.778188
2003 03 15 24	9999.000000 9999.000000
2003 03 16 24	9999.000000 9999.000000
2003 03 17 24	9999.000000 9999.000000
2003 03 18 24	9999.000000 2.659792
2003 03 19 24	9999.000000 2.892623
2003 03 20 24	9999.000000 2.538234
2003 03 21 24	9999.000000 2.094078
2003 03 22 24	9999.000000 1.909286
2003 03 23 24	9999.000000 1.817474
2003 03 24 24	9999.000000 1.944234
2003 03 25 24	9999.000000 2.478916
2003 03 26 24	9999.000000 2.569500
2003 03 27 24	9999.000000 2.676565
2003 03 28 24	9999.000000 2.827987
2003 03 29 24	9999.000000 2.490370
2003 03 30 24	9999.000000 2.547877
2003 03 31 24	9999.000000 2.314052
2003 04 01 24	9999.000000 1.966442
2003 04 02 24	9999.000000 2.133584
2003 04 03 24	9999.000000 2.021143
2003 04 04 24	9999.000000 1.848156
2003 04 05 24	9999.000000 1.735013
2003 04 06 24	9999.000000 1.513636
2003 04 07 24	9999.000000 1.420480
2003 04 08 24	9999.000000 1.326623
2003 04 09 24	9999.000000 1.306519
2003 04 10 24	9999.000000 1.268649
2003 04 11 24	9999.000000 1.222364
2003 04 12 24	9999.000000 1.386935
2003 04 13 24	9999.000000 1.535377
2003 04 14 24	9999.000000 1.493065
2003 04 15 24	9999.000000 1.472493
2003 04 16 24	9999.000000 1.358299
2003 04 17 24	9999.000000 1.225870
2003 04 18 24	9999.000000 1.203662
2003 04 19 24	9999.000000 4.531091
2003 04 20 24	9999.000000 4.746799
2003 04 21 24	9999.000000 3.338883
2003 04 22 24	9999.000000 2.753942
2003 04 23 24	9999.000000 2.453377
2003 04 24 24	9999.000000 2.174844
2003 04 25 24	9999.000000 2.001390
2003 04 26 24	9999.000000 1.963987
2003 04 27 24	9999.000000 2.093844
2003 04 28 24	9999.000000 1.908058
2003 04 29 24	9999.000000 1.730805
2003 04 30 24	9999.000000 1.588208
2003 05 01 24	9999.000000 1.371039
2003 05 02 24	9999.000000 1.241065
2003 05 03 24	9999.000000 1.142708
2003 05 04 24	9999.000000 1.036461
2003 05 05 24	9999.000000 0.942078
2003 05 06 24	9999.000000 0.886442
2003 05 07 24	9999.000000 0.849039
2003 05 08 24	9999.000000 0.798545
2003 05 09 24	9999.000000 1.376766
2003 05 10 24	9999.000000 1.253162
2003 05 11 24	9999.000000 0.995727
2003 05 12 24	9999.000000 0.890416
2003 05 13 24	9999.000000 0.886442
2003 05 14 24	9999.000000 0.838753
2003 05 15 24	9999.000000 0.787675
2003 05 16 24	9999.000000 0.759857
2003 05 17 24	9999.000000 0.718130
2003 05 18 24	9999.000000 0.760675
2003 05 19 24	9999.000000 1.136747
2003 05 20 24	9999.000000 1.719175
2003 05 21 24	9999.000000 1.216110
2003 05 22 24	9999.000000 1.029506
2003 05 23 24	9999.000000 0.931149
2003 05 24 24	9999.000000 0.856519
2003 05 25 24	9999.000000 0.796675
2003 05 26 24	9999.000000 1.665584
2003 05 27 24	9999.000000 1.214532
2003 05 28 24	9999.000000 0.939097
2003 05 29 24	9999.000000 0.784286
2003 05 30 24	9999.000000 0.868091
2003 05 31 24	9999.000000 1.450636
2003 06 01 24	9999.000000 1.464779
2003 06 02 24	9999.000000 1.386000
2003 06 03 24	9999.000000 1.361455
2003 06 04 24	9999.000000 1.310026
2003 06 05 24	9999.000000 1.341468
2003 06 06 24	9999.000000 0.820753
2003 06 07 24	9999.000000 0.437610
2003 06 08 24	9999.000000 0.418968
2003 06 09 24	9999.000000 0.417039
2003 06 10 24	9999.000000 0.375896
2003 06 11 24	0.257057 0.375896
2003 06 12 24	0.272337 0.384896
2003 06 13 24	0.474316 0.489331
2003 06 14 24	0.351913 0.413825
2003 06 15 24	0.292673 0.375896
2003 06 16 24	0.292673 0.375896
2003 06 17 24	0.270329 0.358013
2003 06 18 24	0.213243 0.400149
2003 06 19 24	0.292673 0.412539
2003 06 20 24	0.292673 0.375896
2003 06 21 24	0.292673 0.362747
2003 06 22 24	0.292673 0.348545
2003 06 23 24	9999.000000 0.354565
2003 06 24 24	0.160759 0.414468
2003 06 25 24	0.203294 0.357487
2003 06 26 24	0.203294 0.325403
2003 06 27 24	0.203294 0.324351
2003 06 28 24	0.203294 0.325403
2003 06 29 24	0.203294 0.325403
2003 06 30 24	0.239604 0.343812
2003 07 01 24	0.286558 0.846234
2003 07 02 24	0.358211 0.652149
2003 07 03 24	0.508126 0.521065
2003 07 04 24	0.364491 0.469110
2003 07 05 24	0.292673 0.499325
2003 07 06 24	0.292673 0.600604
2003 07 07 24	0.292673 0.532987
2003 07 08 24	0.292673 9999.000000
2003 07 09 24	0.292673 0.487929
2003 07 10 24	0.292673 0.480740
2003 07 11 24	0.231225 0.416396
2003 07 12 24	0.203294 0.375896
2003 07 13 24	0.203294 0.375896
2003 07 14 24	0.203294 0.353279
2003 07 15 24	0.203294 0.295539
2003 07 16 24	0.203294 0.274909
2003 07 17 24	0.203294 0.292792
2003 07 18 24	0.203294 0.323825
2003 07 19 24	0.203294 0.274909
2003 07 20 24	0.203294 0.256675
2003 07 21 24	0.174761 0.230026
2003 07 22 24	0.126183 0.230026
2003 07 23 24	0.155099 0.230026
2003 07 24 24	0.203294 0.299396
2003 07 25 24	0.466923 0.754013
2003 07 26 24	0.325606 0.401610
2003 07 27 24	0.358047 1.502474
2003 07 28 24	1.586209 2.904838
2003 07 29 24	0.688308 0.820929
2003 07 30 24	0.416556 0.584825
2003 07 31 24	0.333237 0.481968
2003 08 01 24	0.203294 0.437610
2003 08 02 24	0.203294 0.408974
2003 08 03 24	0.203294 0.353279
2003 08 04 24	0.203294 0.325403
2003 08 05 24	0.148673 0.293844
2003 08 06 24	0.126183 0.257727
2003 08 07 24	0.126183 0.264156
2003 08 08 24	0.126183 0.256675
2003 08 09 24	0.103217 0.230026
2003 08 10 24	0.066596 0.230026
2003 08 11 24	0.066596 0.230026
2003 08 12 24	0.066596 0.230026
2003 08 13 24	0.066596 0.369584
2003 08 14 24	0.149039 0.397753
2003 08 15 24	0.126183 0.325929
2003 08 16 24	0.126183 0.274909
2003 08 17 24	0.126183 0.261818
2003 08 18 24	0.126183 0.230026
2003 08 19 24	0.126183 0.285721
2003 08 20 24	0.126986 0.274909
2003 08 21 24	0.126183 0.274909
2003 08 22 24	0.106320 0.248727
2003 08 23 24	0.066596 0.230026
2003 08 24 24	0.066596 0.230026
2003 08 25 24	0.066596 0.230026
2003 08 26 24	0.066596 0.321838
2003 08 27 24	0.066596 0.454968
2003 08 28 24	0.066596 0.488396
2003 08 29 24	0.066596 0.401435
2003 08 30 24	0.066596 0.230026
2003 08 31 24	0.066596 0.230026
2003 09 01 24	0.066596 0.230026
2003 09 02 24	0.108803 0.255740
2003 09 03 24	0.126183 0.233766
2003 09 04 24	0.126183 0.230026
2003 09 05 24	0.126183 0.229617
2003 09 06 24	0.126183 0.196305
2003 09 07 24	0.126183 0.168312
2003 09 08 24	0.126183 0.167961
2003 09 09 24	0.082734 0.180935
2003 09 10 24	0.066596 0.190753
2003 09 11 24	0.103838 0.256325
2003 09 12 24	0.174377 0.253519
2003 09 13 24	0.203294 0.325403
2003 09 14 24	0.203294 0.272396
2003 09 15 24	0.203294 0.230026
2003 09 16 24	0.147067 0.220617
2003 09 17 24	0.126183 0.190753
2003 09 18 24	0.088941 0.190753
2003 09 19 24	0.066596 0.190753
2003 09 20 24	0.066596 0.190753
2003 09 21 24	0.066596 0.173922
2003 09 22 24	0.069882 0.157091
2003 09 23 24	0.098872 0.157091
2003 09 24 24	0.126183 0.157091
2003 09 25 24	0.126183 0.157091
2003 09 26 24	0.126183 0.157091
2003 09 27 24	0.126183 0.157091
2003 09 28 24	0.126183 0.157091
2003 09 29 24	0.126183 0.157091
2003 09 30 24	0.126183 0.157091
2003 10 01 24	0.126183 0.157091
2003 10 02 24	0.083355 0.157091
2003 10 03 24	0.066596 0.157091
2003 10 04 24	0.066596 0.174974
2003 10 05 24	0.089562 0.190753
2003 10 06 24	0.126183 0.190753
2003 10 07 24	0.126183 0.238968
2003 10 08 24	0.249864 0.430714
2003 10 09 24	1.120783 2.246552
2003 10 10 24	0.581604 0.804506
2003 10 11 24	0.396073 0.546195
2003 10 12 24	0.396073 0.426039
2003 10 13 24	0.243456 0.366955
2003 10 14 24	0.203294 0.325403
2003 10 15 24	0.203294 0.297526
2003 10 16 24	0.203294 0.266494
2003 10 17 24	0.155903 0.230026
2003 10 18 24	0.182410 0.230026
2003 10 19 24	0.203294 0.230026
2003 10 20 24	0.182538 0.230026
2003 10 21 24	0.160722 0.230026
2003 10 22 24	0.203294 0.230026
2003 10 23 24	0.203294 0.230026
2003 10 24 24	0.150280 0.215123
2003 10 25 24	0.126183 0.196890
2003 10 26 24	0.126183 0.203026
2003 10 27 24	0.126183 9999.000000
2003 10 28 24	0.126183 9999.000000
2003 10 29 24	0.126183 9999.000000
2003 10 30 24	0.192852 9999.000000
2003 10 31 24	0.203294 0.269182
2003 11 01 24	0.234018 0.444623
2003 11 02 24	0.292673 0.412539
2003 11 03 24	0.239604 0.336974
2003 11 04 24	0.203294 0.325403
2003 11 05 24	0.203294 0.278591
2003 11 06 24	0.203294 0.274909
2003 11 07 24	0.203294 0.240429
2003 11 08 24	0.203294 0.230026
2003 11 09 24	0.203294 0.230026
2003 11 10 24	0.203294 0.210799
2003 11 11 24	0.150280 0.215708
2003 11 12 24	0.111907 0.179240
2003 11 13 24	0.141043 0.201799
2003 11 14 24	0.131805 0.191162
2003 11 15 24	0.122349 0.190753
2003 11 16 24	0.112272 0.190753
2003 11 17 24	0.188927 0.366604
2003 11 18 24	0.293750 0.591136
2003 11 19 24	0.292673 0.584942
2003 11 20 24	0.292673 0.424753
2003 11 21 24	0.292673 0.343286
2003 11 22 24	0.200757 0.316987
2003 11 23 24	0.126183 0.274909
2003 11 24 24	0.241193 0.274909
2003 11 25 24	0.142247 0.274909
2003 11 26 24	0.126183 0.274909
2003 11 27 24	0.155903 0.342234
2003 11 28 24	0.203294 0.343286
2003 11 29 24	0.223777 0.506864
2003 11 30 24	0.292673 0.468993
2003 12 01 24	0.292673 0.410610
2003 12 02 24	0.271260 0.386825
2003 12 03 24	0.203294 0.375370
2003 12 04 24	0.203294 0.375896
2003 12 05 24	0.203294 0.341708
2003 12 06 24	0.264323 0.588974
2003 12 07 24	0.343479 0.441468
2003 12 08 24	0.152817 0.347727
2003 12 09 24	0.204225 0.325403
2003 12 10 24	0.179325 0.288584
2003 12 11 24	0.185751 0.274909
2003 12 12 24	0.203294 0.274909
2003 12 13 24	0.312846 1.067961
2003 12 14 24	1.734974 3.479903
2003 12 15 24	1.347371 1.480675
2003 12 16 24	0.830976 0.919519
2003 12 17 24	0.639621 0.818416
2003 12 18 24	0.617422 0.717312
2003 12 19 24	0.435213 0.705039
2003 12 20 24	0.511740 0.831448
2003 12 21 24	0.847077 1.659214
2003 12 22 24	0.935471 1.180695
2003 12 23 24	0.551172 0.772013
2003 12 24 24	0.650245 0.756117
2003 12 25 24	0.787363 0.816312
2003 12 26 24	0.662897 0.767221
2003 12 27 24	0.639365 0.698493
2003 12 28 24	0.637923 0.639584
2003 12 29 24	0.598308 0.618312
2003 12 30 24	0.440105 0.561740
2003 12 31 24	0.471980 0.487110
2004 01 01 24	0.375609 0.449182
2004 01 02 24	0.380994 0.437610
2004 01 03 24	0.396073 0.425221
2004 01 04 24	0.538028 0.452104
2004 01 05 24	0.637923 0.426039
2004 01 06 24	0.890690 0.472617
2004 01 07 24	1.281322 0.647182
2004 01 08 24	1.120126 0.375896
2004 01 09 24	0.621493 0.375896
2004 01 10 24	0.511740 0.375370
2004 01 11 24	0.511740 0.449649
2004 01 12 24	0.785391 1.213656
2004 01 13 24	0.798353 0.718714
2004 01 14 24	1.113170 1.372442
2004 01 15 24	1.020852 1.403299
2004 01 16 24	0.776373 1.201325
2004 01 17 24	0.776373 1.149370
2004 01 18 24	0.776373 1.076201
2004 01 19 24	0.722282 1.050604
2004 01 20 24	0.697053 1.728701
2004 01 21 24	0.637923 1.749156
2004 01 22 24	0.612949 1.299506
2004 01 23 24	0.840469 1.300091
2004 01 24 24	1.694684 1.114013
2004 01 25 24	2.435002 1.118279
2004 01 26 24	2.638406 1.077195
2004 01 27 24	2.486848 0.890942
2004 01 28 24	2.486848 0.639584
2004 01 29 24	2.299345 0.646130
2004 01 30 24	1.774515 0.660039
2004 01 31 24	1.520051 0.717312
2004 02 01 24	1.548675 2.118097
2004 02 02 24	5.916706 7.273753
2004 02 03 24	17.241955 12.262792
2004 02 04 24	19.391622 12.485162
2004 02 05 24	21.159127 14.278909
2004 02 06 24	9999.000000 12.321234
2004 02 07 24	11.559450 9.950435
2004 02 08 24	7.832647 7.409922
2004 02 09 24	5.450677 5.874779
2004 02 10 24	4.757787 5.178799
2004 02 11 24	4.247543 4.601045
2004 02 12 24	3.413811 4.065662
2004 02 13 24	3.029184 3.784967
2004 02 14 24	3.290495 3.955266
2004 02 15 24	2.893874 3.461961
2004 02 16 24	2.558848 9999.000000
2004 02 17 24	2.458369 2.507318
2004 02 18 24	2.399038 2.216571
2004 02 19 24	2.156331 1.855929
2004 02 20 24	1.874537 1.931669
2004 02 21 24	1.630935 1.862591
2004 02 22 24	1.629858 1.778844
2004 02 23 24	1.629858 1.630403
2004 02 24 24	1.590828 1.527078
2004 02 25 24	1.468497 1.523045
2004 02 26 24	1.485712 1.430065
2004 02 27 24	1.615126 1.371740
2004 02 28 24	1.630041 1.243812
2004 02 29 24	2.462258 1.136688
2004 03 01 24	1.779243 1.127688
2004 03 02 24	1.329773 1.125468
2004 03 03 24	1.230992 1.109104
2004 03 04 24	1.597527 1.613396
2004 03 05 24	1.476493 1.009519
2004 03 06 24	1.318491 1.229493
2004 03 07 24	1.397464 0.944299
2004 03 08 24	1.433391 0.920104
2004 03 09 24	1.521785 0.920104
2004 03 10 24	1.395858 0.920104
2004 03 11 24	1.058331 0.855526
2004 03 12 24	0.986897 0.913325
2004 03 13 24	0.968623 0.824727
2004 03 14 24	1.131298 1.016474
2004 03 15 24	1.567807 1.754357
2004 03 16 24	2.932740 3.869649
2004 03 17 24	4.405272 5.464169
2004 03 18 24	5.248241 6.058227
2004 03 19 24	6.942943 7.570987
2004 03 20 24	9.066176 9.510370
2004 03 21 24	10.077827 10.241708
2004 03 22 24	7.082762 7.326117
2004 03 23 24	5.538523 6.118130
2004 03 24 24	5.293533 5.520623
2004 03 25 24	4.680292 9999.000000
2004 03 26 24	3.893148 9999.000000
2004 03 27 24	3.393456 9999.000000
2004 03 28 24	3.047842 9999.000000
2004 03 29 24	2.984057 9999.000000
2004 03 30 24	3.226947 9999.000000
2004 03 31 24	3.447383 9999.000000
2004 04 01 24	3.349643 9999.000000
2004 04 02 24	3.248397 4.377156
2004 04 03 24	3.037180 4.056078
2004 04 04 24	2.763529 3.757383
2004 04 05 24	2.623400 3.669896
2004 04 06 24	2.618434 3.920844
2004 04 07 24	2.396665 3.354370
2004 04 08 24	2.110692 2.859896
2004 04 09 24	2.039951 2.464948
2004 04 10 24	2.039951 2.148545
2004 04 11 24	1.906320 1.961883
2004 04 12 24	1.829647 1.763649
2004 04 13 24	1.583306 1.661084
2004 04 14 24	1.263961 1.548584
2004 04 15 24	1.179602 1.418201
2004 04 16 24	1.086572 1.357714
2004 04 17 24	1.086572 1.242351
2004 04 18 24	1.086572 1.290097
2004 04 19 24	1.240594 2.332519
2004 04 20 24	1.220787 1.732617
2004 04 21 24	1.086572 1.314760
2004 04 22 24	0.986404 1.181455
2004 04 23 24	0.796783 1.083273
2004 04 24 24	0.930414 1.178532
2004 04 25 24	1.086572 1.803857
2004 04 26 24	1.086572 1.355903
2004 04 27 24	0.814965 1.194312
2004 04 28 24	0.776373 1.075500
2004 04 29 24	0.776373 0.961130
2004 04 30 24	0.695611 0.884338
2004 05 01 24	0.637923 0.824727
2004 05 02 24	0.688400 0.927818
2004 05 03 24	0.805965 1.012032
2004 05 04 24	1.125931 1.382552
2004 05 05 24	1.038359 1.118513
2004 05 06 24	1.808379 2.727526
2004 05 07 24	3.364813 5.135318
2004 05 08 24	2.531355 3.110844
2004 05 09 24	2.259018 2.114065
2004 05 10 24	2.121554 2.443383
2004 05 11 24	5.006428 7.169377
2004 05 12 24	4.771059 4.281604
2004 05 13 24	4.507704 3.878182
2004 05 14 24	3.670539 3.487558
2004 05 15 24	3.253162 3.441974
2004 05 16 24	6.531152 6.809260
2004 05 17 24	4.449085 4.549558
2004 05 18 24	4.028787 4.031649
2004 05 19 24	3.687371 3.511929
2004 05 20 24	3.489298 3.086825
2004 05 21 24	3.027067 2.951123
2004 05 22 24	2.739103 2.678903
2004 05 23 24	3.070935 3.706071
2004 05 24 24	3.672858 5.133506
2004 05 25 24	3.104617 3.898110
2004 05 26 24	2.916876 2.962519
2004 05 27 24	2.623400 2.455188
2004 05 28 24	2.332588 2.132065
2004 05 29 24	2.259018 1.844182
2004 05 30 24	2.026442 1.687383
2004 05 31 24	1.730026 1.549929
2004 06 01 24	1.779152 1.772942
2004 06 02 24	1.708284 1.649396
2004 06 03 24	1.667318 1.640279
2004 06 04 24	1.490568 1.407448
2004 06 05 24	1.549278 1.831149
2004 06 06 24	1.488578 1.545545
2004 06 07 24	1.438832 1.284078
2004 06 08 24	1.183765 1.093558
2004 06 09 24	1.000460 1.021091
2004 06 10 24	0.927091 0.967442
2004 06 11 24	0.826613 0.920104
2004 06 12 24	1.186813 1.456539
2004 06 13 24	1.095901 1.144110
2004 06 14 24	0.927091 0.984273
2004 06 15 24	0.818763 0.889539
2004 06 16 24	0.776373 0.967208
2004 06 17 24	0.776373 0.895734
2004 06 18 24	0.878422 1.293896
2004 06 19 24	0.927091 1.342227
2004 06 20 24	0.872142 1.127630
2004 06 21 24	0.776373 1.004493
2004 06 22 24	0.817193 0.962182
2004 06 23 24	0.821903 0.929747
2004 06 24 24	0.748972 0.797610
2004 06 25 24	0.637923 0.734961
2004 06 26 24	0.637923 0.707786
2004 06 27 24	0.637923 0.650805
2004 06 28 24	0.637923 0.675351
2004 06 29 24	0.547229 0.650805
2004 06 30 24	0.511740 0.650805
2004 07 01 24	0.619247 0.668338
2004 07 02 24	0.572586 0.650805
2004 07 03 24	0.511740 0.650805
2004 07 04 24	0.511740 0.650805
2004 07 05 24	0.511740 0.643383
2004 07 06 24	0.465955 0.650805
2004 07 07 24	0.396073 9999.000000
2004 07 08 24	0.827124 9999.000000
2004 07 09 24	4.644274 9999.000000
2004 07 10 24	2.725193 1.880649
2004 07 11 24	2.725193 1.489442
2004 07 12 24	2.725193 1.345442
2004 07 13 24	1.492028 1.929448
2004 07 14 24	1.038396 1.628766
2004 07 15 24	0.906773 1.379747
2004 07 16 24	0.823600 1.189636
2004 07 17 24	0.776373 1.073279
2004 07 18 24	0.776373 1.103903
2004 07 19 24	0.776373 0.920104
2004 07 20 24	9999.000000 0.884396
2004 07 21 24	9999.000000 0.868442
2004 07 22 24	9999.000000 3.642078
2004 07 23 24	9999.000000 1.930734
2004 07 24 24	1.411795 2.469448
2004 07 25 24	1.086572 1.383429
2004 07 26 24	1.086572 1.246032
2004 07 27 24	1.090150 9999.000000
2004 07 28 24	0.986897 1.177948
2004 07 29 24	0.840742 1.071058
2004 07 30 24	0.681189 1.021091
2004 07 31 24	0.637923 0.969545
2004 08 01 24	0.637923 0.920104
2004 08 02 24	0.567292 1.023195
2004 08 03 24	0.513055 1.368584
2004 08 04 24	0.511740 1.306929
2004 08 05 24	0.438243 0.922968
2004 08 06 24	0.396073 0.704279
2004 08 07 24	0.396073 0.672721
2004 08 08 24	0.396073 0.650805
2004 08 09 24	0.396073 0.650805
2004 08 10 24	0.323909 0.613987
2004 08 11 24	0.292673 0.582078
2004 08 12 24	0.292673 0.572260
2004 08 13 24	0.554623 1.157377
2004 08 14 24	0.396073 0.734961
2004 08 15 24	0.396073 0.692942
2004 08 16 24	0.396073 0.609896
2004 08 17 24	0.342219 0.572260
2004 08 18 24	0.396073 0.572260
2004 08 19 24	0.348682 0.569981
2004 08 20 24	0.337911 0.614805
2004 08 21 24	0.357298 0.572260
2004 08 22 24	0.292673 0.572260
2004 08 23 24	0.292673 0.550227
2004 08 24 24	0.320805 0.741799
2004 08 25 24	0.438243 0.721870
2004 08 26 24	0.396073 0.653435
2004 08 27 24	0.540219 0.937110
2004 08 28 24	0.408377 0.689377
2004 08 29 24	0.396073 0.635260
2004 08 30 24	0.376686 0.708545
2004 08 31 24	0.455239 0.772305
2004 09 01 24	0.396073 0.570740
2004 09 02 24	0.324986 0.477584
2004 09 03 24	0.292673 0.432000
2004 09 04 24	0.292673 0.432000
2004 09 05 24	0.292673 0.432000
2004 09 06 24	0.292673 0.432000
2004 09 07 24	0.234949 0.406286
2004 09 08 24	0.203294 0.370286
2004 09 09 24	0.203294 0.370286
2004 09 10 24	0.203294 0.370286
2004 09 11 24	0.203294 0.370286
2004 09 12 24	0.251708 0.440942
2004 09 13 24	0.246122 0.432000
2004 09 14 24	0.203294 0.396643
2004 09 15 24	0.203294 0.370286
2004 09 16 24	0.203294 0.370286
2004 09 17 24	0.203294 0.367948
2004 09 18 24	0.203294 0.314182
2004 09 19 24	0.203294 0.314182
2004 09 20 24	0.203294 0.314182
2004 09 21 24	0.188836 0.270701
2004 09 22 24	0.408469 0.702584
2004 09 23 24	0.431142 0.909643
2004 09 24 24	0.837913 1.902039
2004 09 25 24	1.042868 1.485058
2004 09 26 24	1.082556 1.268942
2004 09 27 24	0.702821 0.860727
2004 09 28 24	0.637923 0.775169
2004 09 29 24	0.615706 0.755942
2004 09 30 24	0.895929 1.322065
2004 10 01 24	0.730826 0.856110
2004 10 02 24	0.637923 0.760266
2004 10 03 24	0.637923 0.729409
2004 10 04 24	0.551172 0.650805
2004 10 05 24	0.511740 0.650805
2004 10 06 24	0.431014 0.622987
2004 10 07 24	0.495621 0.650805
2004 10 08 24	0.434629 0.650805
2004 10 09 24	0.433114 0.650805
2004 10 10 24	0.396073 0.601714
2004 10 11 24	0.329842 0.572260
2004 10 12 24	0.357298 0.531234
2004 10 13 24	0.396073 0.499325
2004 10 14 24	0.396073 0.499325
2004 10 15 24	0.399797 0.533513
2004 10 16 24	0.488848 0.766578
2004 10 17 24	0.511740 0.735721
2004 10 18 24	0.511740 0.633623
2004 10 19 24	0.418966 0.572260
2004 10 20 24	0.396073 0.572260
2004 10 21 24	0.397278 0.572260
2004 10 22 24	0.396073 0.572260
2004 10 23 24	0.396073 0.514519
2004 10 24 24	0.396073 0.499325
2004 10 25 24	0.396073 0.499325
2004 10 26 24	0.396073 0.547188
2004 10 27 24	0.494215 0.852429
2004 10 28 24	0.513055 0.920104
2004 10 29 24	0.453907 0.836649
2004 10 30 24	0.541734 1.420480
2004 10 31 24	0.718996 1.337669
2004 11 01 24	0.530799 0.946403
2004 11 02 24	0.494872 0.870429
2004 11 03 24	0.497282 0.920104
2004 11 04 24	0.447882 0.920104
2004 11 05 24	0.396073 0.920104
2004 11 06 24	0.462998 0.920104
2004 11 07 24	0.910223 0.920104
2004 11 08 24	1.016690 1.539409
2004 11 09 24	0.950349 1.345442
2004 11 10 24	0.927091 3.096935
2004 11 11 24	1.004294 3.096935
2004 11 12 24	1.773146 3.855039
2004 11 13 24	2.112974 3.116571
2004 11 14 24	1.952324 2.152461
2004 11 15 24	1.804965 1.870013
2004 11 16 24	2.384233 3.015000
2004 11 17 24	5.596685 8.695578
2004 11 18 24	7.462789 9.643091
2004 11 19 24	9.594602 9.276428
2004 11 20 24	7.523251 6.737902
2004 11 21 24	5.868694 5.535351
2004 11 22 24	6.428245 6.498760
2004 11 23 24	18.223210 13.597247
2004 11 24 24	11.869959 7.768110
2004 11 25 24	8.148450 6.255467
2004 11 26 24	6.085369 5.470948
2004 11 27 24	5.230661 5.215909
2004 11 28 24	4.482949 4.937260
2004 11 29 24	3.782756 4.470838
2004 11 30 24	3.374288 4.136260
2004 12 01 24	3.165189 3.935221
2004 12 02 24	3.181107 3.879760
2004 12 03 24	2.842759 3.357058
2004 12 04 24	2.561769 2.946740
2004 12 05 24	2.334961 2.596091
2004 12 06 24	2.220225 2.366649
2004 12 07 24	2.039951 2.127039
2004 12 08 24	1.863274 9999.000000
2004 12 09 24	1.717266 9999.000000
2004 12 10 24	1.498527 1.595630
2004 12 11 24	1.438832 1.482721
2004 12 12 24	1.438832 1.357714
2004 12 13 24	1.303028 1.284078
2004 12 14 24	1.034781 1.221195
2004 12 15 24	0.950057 1.145279
2004 12 16 24	0.893446 1.127688
2004 12 17 24	0.965793 1.106591
2004 12 18 24	1.028428 1.087305
2004 12 19 24	0.927091 1.126578
2004 12 20 24	0.886911 1.044643
2004 12 21 24	2.354111 0.946169
2004 12 22 24	2.310864 0.950610
2004 12 23 24	1.133817 1.263390
2004 12 24 24	2.108191 3.684799
2004 12 25 24	2.087872 3.345838
2004 12 26 24	1.904130 2.356247
2004 12 27 24	1.829647 1.689721
2004 12 28 24	1.555156 1.500195
2004 12 29 24	1.429430 1.399383
2004 12 30 24	1.251164 1.357714
2004 12 31 24	1.371724 1.567110
2005 01 01 24	2.672069 3.906701
2005 01 02 24	3.097898 3.896766
2005 01 03 24	2.950284 2.985487
2005 01 04 24	3.572507 3.431279
2005 01 05 24	3.662087 3.475110
2005 01 06 24	4.610921 4.233682
2005 01 07 24	4.449085 3.863747
2005 01 08 24	4.585655 1.197526
2005 01 09 24	4.517434 2.168123
2005 01 10 24	3.997533 4.303403
2005 01 11 24	3.472138 4.418065
2005 01 12 24	3.241205 4.537928
2005 01 13 24	3.456858 5.107149
2005 01 14 24	2.845314 4.287156
2005 01 15 24	2.514925 3.859948
2005 01 16 24	2.217943 3.528234
2005 01 17 24	2.033379 3.195117
2005 01 18 24	1.965468 2.948143
2005 01 19 24	1.904130 2.569909
2005 01 20 24	3.023124 3.614435
2005 01 21 24	6.068318 5.458149
2005 01 22 24	4.449268 4.139299
2005 01 23 24	3.915748 3.629805
2005 01 24 24	3.505180 3.331344
2005 01 25 24	3.111809 3.033409
2005 01 26 24	2.721761 2.741260
2005 01 27 24	2.492471 2.513805
2005 01 28 24	2.263856 2.314227
2005 01 29 24	2.020235 2.047909
2005 01 30 24	1.834941 1.854818
2005 01 31 24	1.785943 1.651091
2005 02 01 24	1.663156 2.065675
2005 02 02 24	1.629858 1.704623
2005 02 03 24	1.552253 1.556649
2005 02 04 24	1.393266 1.477344
2005 02 05 24	1.866523 1.385942
2005 02 06 24	3.939134 1.607318
2005 02 07 24	5.093178 1.394416
2005 02 08 24	5.899363 1.512701
2005 02 09 24	5.809911 1.253513
2005 02 10 24	2.210075 1.145571
2005 02 11 24	2.054446 1.851429
2005 02 12 24	4.175452 3.856032
2005 02 13 24	8.202085 6.443532
2005 02 14 24	5.897099 4.531091
2005 02 15 24	4.621144 3.754519
2005 02 16 24	3.860343 3.863571
2005 02 17 24	3.363754 3.078292
2005 02 18 24	2.866381 2.589545
2005 02 19 24	2.601055 2.339299
2005 02 20 24	2.361067 2.151584
2005 02 21 24	2.128947 1.966617
2005 02 22 24	2.033379 1.891286
2005 02 23 24	1.827785 1.734136
2005 02 24 24	1.727982 1.632506
2005 02 25 24	1.629858 1.486753
2005 02 26 24	1.629858 1.486753
2005 02 27 24	1.372746 1.359468
2005 02 28 24	1.282765 1.416039
2005 03 01 24	1.438466 1.325104
2005 03 02 24	2.822933 1.782468
2005 03 03 24	1.981387 1.238669
2005 03 04 24	3.066006 1.327500
2005 03 05 24	3.528493 1.671721
2005 03 06 24	2.039951 1.795442
2005 03 07 24	1.941572 4.617409
2005 03 08 24	1.601014 1.105188
2005 03 09 24	1.163501 1.074623
2005 03 10 24	1.055391 1.077078
2005 03 11 24	1.031750 1.906071
2005 03 12 24	0.927091 1.076435
2005 03 13 24	0.923951 1.031552
2005 03 14 24	0.776373 0.920104
2005 03 15 24	0.784223 0.920104
2005 03 16 24	1.346933 1.910279
2005 03 17 24	5.245430 6.304675
2005 03 18 24	25.132581 20.267415
2005 03 19 24	32.018457 23.819844
2005 03 20 24	16.234429 12.502402
2005 03 21 24	10.419298 9.059376
2005 03 22 24	7.758255 7.013045
2005 03 23 24	6.408657 6.443883
2005 03 24 24	6.826454 7.283162
2005 03 25 24	8.709791 8.636669
2005 03 26 24	10.599900 9.770318
2005 03 27 24	11.717361 10.772708
2005 03 28 24	11.523395 10.348422
2005 03 29 24	10.723746 10.178941
2005 03 30 24	9.740848 9.790130
2005 03 31 24	8.348988 8.904389
2005 04 01 24	7.036831 8.087260
2005 04 02 24	6.177633 7.753909
2005 04 03 24	5.725479 7.702130
2005 04 04 24	5.560466 7.831928
2005 04 05 24	5.405787 7.892240
2005 04 06 24	5.405896 8.045941
2005 04 07 24	6.301369 9.352753
2005 04 08 24	6.037631 8.702357
2005 04 09 24	5.353777 7.767876
2005 04 10 24	4.440560 6.974006
2005 04 11 24	3.860324 6.601325
2005 04 12 24	3.499047 6.385558
2005 04 13 24	3.216925 6.218182
2005 04 14 24	3.034515 5.947013
2005 04 15 24	2.712231 5.803831
2005 04 16 24	2.410905 9999.000000
2005 04 17 24	2.346828 9999.000000
2005 04 18 24	2.247608 9999.000000
2005 04 19 24	1.948272 4.817805
2005 04 20 24	1.673562 4.288441
2005 04 21 24	1.476639 3.708935
2005 04 22 24	1.318491 3.243214
2005 04 23 24	1.208738 2.895487
2005 04 24 24	1.086572 2.592701
2005 04 25 24	1.067148 2.626539
2005 04 26 24	1.023444 2.450045
2005 04 27 24	9999.000000 2.400429
2005 04 28 24	9999.000000 2.181623
2005 04 29 24	9999.000000 1.839623
2005 04 30 24	9999.000000 1.713682
2005 05 01 24	9999.000000 1.580844
2005 05 02 24	9999.000000 1.486753
2005 05 03 24	9999.000000 9999.000000
2005 05 04 24	9999.000000 9999.000000
2005 05 05 24	9999.000000 3.134396
2005 05 06 24	9999.000000 2.069357
2005 05 07 24	9999.000000 2.778662
2005 05 08 24	9999.000000 3.718578
2005 05 09 24	0.292673 3.801273
2005 05 10 24	0.292673 2.477045
2005 05 11 24	0.292673 2.112312
2005 05 12 24	0.292673 2.250643
2005 05 13 24	0.956738 1.936403
2005 05 14 24	1.438832 1.784922
2005 05 15 24	1.438832 2.009221
2005 05 16 24	1.484598 1.852364
2005 05 17 24	9999.000000 5.112292
2005 05 18 24	0.761203 3.418130
2005 05 19 24	1.420795 2.652955
2005 05 20 24	1.829647 2.237727
2005 05 21 24	1.875651 2.041714
2005 05 22 24	1.826142 2.077247
2005 05 23 24	9999.000000 4.757318
2005 05 24 24	9999.000000 4.892026
2005 05 25 24	1.885180 3.141643
2005 05 26 24	1.629858 2.708474
2005 05 27 24	1.550264 2.385877
2005 05 28 24	1.438832 2.083149
2005 05 29 24	1.438832 1.966617
2005 05 30 24	1.438832 1.974506
2005 05 31 24	1.211130 1.841143
2005 06 01 24	1.086572 1.687383
2005 06 02 24	1.086572 1.615792
2005 06 03 24	0.988558 1.541864
2005 06 04 24	0.890982 1.486753
2005 06 05 24	0.776373 1.432987
2005 06 06 24	0.936694 1.668039
2005 06 07 24	0.955333 1.562026
2005 06 08 24	0.927091 1.494818
2005 06 09 24	0.796162 1.360403
2005 06 10 24	0.637923 1.297578
2005 06 11 24	0.738876 1.319669
2005 06 12 24	0.637923 1.239896
2005 06 13 24	0.637923 1.196649
2005 06 14 24	0.914276 3.773045
2005 06 15 24	4.504363 7.702188
2005 06 16 24	1.427623 3.468857
2005 06 17 24	1.091227 2.390435
2005 06 18 24	1.041718 2.435084
2005 06 19 24	0.927091 1.811571
2005 06 20 24	0.781101 1.635136
2005 06 21 24	0.671093 1.486753
2005 06 22 24	0.637923 1.454493
2005 06 23 24	0.638178 1.357714
2005 06 24 24	0.516560 1.306169
2005 06 25 24	0.501554 1.371039
2005 06 26 24	0.637923 1.454493
2005 06 27 24	0.502320 1.257370
2005 06 28 24	0.461373 1.097708
2005 06 29 24	0.400892 1.048851
2005 06 30 24	0.455221 1.128974
2005 07 01 24	0.558347 1.448240
2005 07 02 24	0.619832 1.431643
2005 07 03 24	0.462341 1.174442
2005 07 04 24	0.390688 1.064396
2005 07 05 24	0.997120 3.128084
2005 07 06 24	1.236085 2.585162
2005 07 07 24	0.655229 1.457182
2005 07 08 24	1.495789 3.875435
2005 07 09 24	1.470359 3.015000
2005 07 10 24	0.927091 9999.000000
2005 07 11 24	0.870572 9999.000000
2005 07 12 24	0.686957 1.431643
2005 07 13 24	0.637923 1.311078
2005 07 14 24	0.637923 1.239896
2005 07 15 24	0.560373 1.200156
2005 07 16 24	0.553801 1.254565
2005 07 17 24	0.511740 1.186130
2005 07 18 24	0.459931 1.151299
2005 07 19 24	0.655558 1.859552
2005 07 20 24	0.734057 1.436260
2005 07 21 24	0.672535 1.576461
2005 07 22 24	1.595738 4.530623
2005 07 23 24	1.187744 2.636532
2005 07 24 24	1.015138 1.665175
2005 07 25 24	0.927091 1.706786
2005 07 26 24	0.758154 1.471968
2005 07 27 24	0.637923 1.165909
2005 07 28 24	0.637923 0.893279
2005 07 29 24	0.564663 0.831097
2005 07 30 24	1.241032 1.553961
2005 07 31 24	1.093984 0.039273
2005 08 01 24	0.728708 0.039273
2005 08 02 24	0.590604 0.436968
2005 08 03 24	0.826686 1.668214
2005 08 04 24	0.858085 1.324110
2005 08 05 24	0.637923 1.075500
2005 08 06 24	1.411120 3.284065
2005 08 07 24	1.482006 3.005532
2005 08 08 24	1.213083 1.845292
2005 08 09 24	1.086572 1.410429
2005 08 10 24	0.917945 1.284078
2005 08 11 24	0.862722 1.197818
2005 08 12 24	0.785976 1.144052
2005 08 13 24	1.274732 1.854058
2005 08 14 24	1.020122 1.367416
2005 08 15 24	1.300746 2.571604
2005 08 16 24	1.427130 2.235974
2005 08 17 24	1.008584 1.246442
2005 08 18 24	0.927091 1.127688
2005 08 19 24	0.867432 1.081052
2005 08 20 24	0.859345 1.725078
2005 08 21 24	1.596688 2.880526
2005 08 22 24	1.888686 3.596084
2005 08 23 24	2.745621 4.369500
2005 08 24 24	2.368643 3.822370
2005 08 25 24	2.078635 3.014357
2005 08 26 24	1.935383 2.709935
2005 08 27 24	1.736726 2.079877
2005 08 28 24	1.560213 1.761370
2005 08 29 24	1.394598 1.506916
2005 08 30 24	1.318491 1.313532
2005 08 31 24	1.258320 1.207169
2005 09 01 24	1.087083 1.127688
2005 09 02 24	0.927091 1.117695
2005 09 03 24	0.927091 1.021091
2005 09 04 24	0.927091 0.989532
2005 09 05 24	0.903542 0.920104
2005 09 06 24	0.750414 0.880364
2005 09 07 24	0.637923 1.060305
2005 09 08 24	0.581404 1.194312
2005 09 09 24	0.515921 1.127688
2005 09 10 24	9999.000000 1.726130
2005 09 11 24	0.797878 2.503519
2005 09 12 24	1.262172 1.774578
2005 09 13 24	1.408107 2.066727
2005 09 14 24	0.926708 1.554312
2005 09 15 24	0.776373 1.430708
2005 09 16 24	1.100045 2.421526
2005 09 17 24	1.440821 2.870123
2005 09 18 24	1.261041 1.905779
2005 09 19 24	0.995203 1.557993
2005 09 20 24	0.927091 1.430299
2005 09 21 24	0.829753 9999.000000
2005 09 22 24	0.776373 9999.000000
2005 09 23 24	0.776373 9999.000000
2005 09 24 24	0.776373 9999.000000
2005 09 25 24	0.776373 9999.000000
2005 09 26 24	0.704264 9999.000000
2005 09 27 24	0.637923 9999.000000
2005 09 28 24	0.637923 9999.000000
2005 09 29 24	0.642888 9999.000000
2005 09 30 24	0.779513 9999.000000
2005 10 01 24	0.709101 9999.000000
2005 10 02 24	1.070215 9999.000000
2005 10 03 24	1.151708 9999.000000
2005 10 04 24	0.852608 9999.000000
2005 10 05 24	0.711475 9999.000000
2005 10 06 24	0.637923 9999.000000
2005 10 07 24	0.637923 9999.000000
2005 10 08 24	0.637923 9999.000000
2005 10 09 24	0.637923 9999.000000
2005 10 10 24	0.561688 9999.000000
2005 10 11 24	0.511740 9999.000000
2005 10 12 24	0.513602 9999.000000
2005 10 13 24	0.511740 9999.000000
2005 10 14 24	0.463546 9999.000000
2005 10 15 24	0.481619 9999.000000
2005 10 16 24	0.511740 9999.000000
2005 10 17 24	0.443063 9999.000000
2005 10 18 24	0.396073 9999.000000
2005 10 19 24	0.396073 9999.000000
2005 10 20 24	0.396073 9999.000000
2005 10 21 24	0.396073 9999.000000
2005 10 22 24	0.396073 9999.000000
2005 10 23 24	0.396073 9999.000000
2005 10 24 24	0.495529 9999.000000
2005 10 25 24	0.400892 9999.000000
2005 10 26 24	0.396073 9999.000000
2005 10 27 24	0.396073 9999.000000
2005 10 28 24	0.396073 9999.000000
2005 10 29 24	0.396073 9999.000000
2005 10 30 24	0.396073 9999.000000
2005 10 31 24	0.396073 9999.000000
2005 11 01 24	0.337911 9999.000000
2005 11 02 24	0.292673 9999.000000
2005 11 03 24	0.292673 9999.000000
2005 11 04 24	0.292673 9999.000000
2005 11 05 24	0.347604 9999.000000
2005 11 06 24	0.396073 9999.000000
2005 11 07 24	0.396073 9999.000000
2005 11 08 24	0.396073 9999.000000
2005 11 09 24	0.379917 9999.000000
2005 11 10 24	0.352990 9999.000000
2005 11 11 24	0.292673 9999.000000
2005 11 12 24	0.292673 9999.000000
2005 11 13 24	0.292673 9999.000000
2005 11 14 24	0.292673 9999.000000
2005 11 15 24	0.292673 9999.000000
2005 11 16 24	0.362684 9999.000000
2005 11 17 24	0.499692 9999.000000
2005 11 18 24	0.463546 9999.000000
2005 11 19 24	0.396073 9999.000000
2005 11 20 24	0.396073 9999.000000
2005 11 21 24	0.396073 9999.000000
2005 11 22 24	0.396073 9999.000000
2005 11 23 24	0.396073 9999.000000
2005 11 24 24	0.396073 9999.000000
2005 11 25 24	0.367868 9999.000000
2005 11 26 24	0.396073 9999.000000
2005 11 27 24	0.396073 9999.000000
2005 11 28 24	0.378018 9999.000000
2005 11 29 24	0.396073 9999.000000
2005 11 30 24	0.429809 9999.000000
2005 12 01 24	0.438243 9999.000000
2005 12 02 24	0.450292 9999.000000
2005 12 03 24	0.396073 9999.000000
2005 12 04 24	0.432219 9999.000000
2005 12 05 24	0.511740 9999.000000
2005 12 06 24	0.437039 9999.000000
2005 12 07 24	0.396073 9999.000000
2005 12 08 24	0.396073 9999.000000
2005 12 09 24	0.396073 9999.000000
2005 12 10 24	0.396073 9999.000000
2005 12 11 24	0.466503 9999.000000
2005 12 12 24	0.403302 9999.000000
2005 12 13 24	0.509002 9999.000000
2005 12 14 24	0.511740 9999.000000
2005 12 15 24	0.628996 9999.000000
2005 12 16 24	1.387972 9999.000000
2005 12 17 24	1.451720 9999.000000
2005 12 18 24	1.258320 9999.000000
2005 12 19 24	1.258320 9999.000000
2005 12 20 24	1.121458 9999.000000
2005 12 21 24	0.942043 9999.000000
2005 12 22 24	0.927091 9999.000000
2005 12 23 24	0.927091 9999.000000
2005 12 24 24	1.452706 9999.000000
2005 12 25 24	2.039951 9999.000000
2005 12 26 24	1.817817 9999.000000
2005 12 27 24	1.802592 9999.000000
2005 12 28 24	1.629858 9999.000000
2005 12 29 24	1.480619 9999.000000
2005 12 30 24	1.434450 9999.000000
2005 12 31 24	2.163322 9999.000000
2006 01 01 24	1.438832 9999.000000
2006 01 02 24	1.288424 9999.000000
2006 01 03 24	0.985235 9999.000000
2006 01 04 24	0.927091 9999.000000
2006 01 05 24	0.927091 9999.000000
2006 01 06 24	0.847022 9999.000000
2006 01 07 24	0.776373 9999.000000
2006 01 08 24	0.753097 9999.000000
2006 01 09 24	0.832710 9999.000000
2006 01 10 24	0.740318 9999.000000
2006 01 11 24	1.049897 9999.000000
2006 01 12 24	0.776373 9999.000000
2006 01 13 24	0.704264 9999.000000
2006 01 14 24	0.836726 9999.000000
2006 01 15 24	1.021710 9999.000000
2006 01 16 24	1.629785 9999.000000
2006 01 17 24	2.063684 9999.000000
2006 01 18 24	1.813892 9999.000000
2006 01 19 24	1.224329 9999.000000
2006 01 20 24	1.149919 9999.000000
2006 01 21 24	1.366047 9999.000000
2006 01 22 24	1.028300 9999.000000
2006 01 23 24	1.416615 9999.000000
2006 01 24 24	4.470718 9999.000000
2006 01 25 24	3.634649 9999.000000
2006 01 26 24	2.773095 9999.000000
2006 01 27 24	2.368187 9999.000000
2006 01 28 24	2.486848 9999.000000
2006 01 29 24	2.578710 9999.000000
2006 01 30 24	2.725193 9999.000000
2006 01 31 24	2.725193 9999.000000
2006 02 01 24	2.893071 9999.000000
2006 02 02 24	4.195844 9999.000000
2006 02 03 24	5.448961 9999.000000
2006 02 04 24	4.693619 9999.000000
2006 02 05 24	3.724704 9999.000000
2006 02 06 24	3.877631 9999.000000
2006 02 07 24	4.587645 9999.000000
2006 02 08 24	6.141450 9999.000000
2006 02 09 24	4.256927 9999.000000
2006 02 10 24	3.155148 9999.000000
2006 02 11 24	2.778864 9999.000000
2006 02 12 24	2.623400 9999.000000
2006 02 13 24	2.151493 9999.000000
2006 02 14 24	2.648282 9999.000000
2006 02 15 24	2.410576 9999.000000
2006 02 16 24	2.039951 9999.000000
2006 02 17 24	1.864698 9999.000000
2006 02 18 24	1.748483 9999.000000
2006 02 19 24	1.629858 9999.000000
2006 02 20 24	1.305931 9999.000000
2006 02 21 24	0.689842 9999.000000
2006 02 22 24	0.637923 9999.000000
2006 02 23 24	0.637923 9999.000000
2006 02 24 24	0.750103 9999.000000
2006 02 25 24	0.664613 9999.000000
2006 02 26 24	0.727467 9999.000000
2006 02 27 24	0.699937 9999.000000
2006 02 28 24	0.637923 9999.000000
2006 03 01 24	0.637923 9999.000000
2006 03 02 24	0.887951 9999.000000
2006 03 03 24	1.267759 9999.000000
2006 03 04 24	0.784351 9999.000000
2006 03 05 24	0.834225 9999.000000
2006 03 06 24	0.695611 9999.000000
2006 03 07 24	0.612621 9999.000000
2006 03 08 24	1.182469 9999.000000
2006 03 09 24	0.801949 9999.000000
2006 03 10 24	1.537101 9999.000000
2006 03 11 24	1.637744 9999.000000
2006 03 12 24	1.013221 9999.000000
2006 03 13 24	1.035073 9999.000000
2006 03 14 24	1.159028 9999.000000
2006 03 15 24	1.086572 9999.000000
2006 03 16 24	1.086572 9999.000000
2006 03 17 24	0.998525 9999.000000
2006 03 18 24	0.927091 9999.000000
2006 03 19 24	0.927091 9999.000000
2006 03 20 24	0.965300 9999.000000
2006 03 21 24	1.086572 9999.000000
2006 03 22 24	1.086572 9999.000000
2006 03 23 24	1.087339 9999.000000
2006 03 24 24	1.078905 9999.000000
2006 03 25 24	1.101067 9999.000000
2006 03 26 24	3.794586 9999.000000
2006 03 27 24	13.754847 9999.000000
2006 03 28 24	20.312068 9999.000000
2006 03 29 24	16.960965 9999.000000
2006 03 30 24	16.866091 9999.000000
2006 03 31 24	29.346754 9999.000000
2006 04 01 24	28.672758 9999.000000
2006 04 02 24	22.938316 9999.000000
2006 04 03 24	19.120490 9999.000000
2006 04 04 24	14.093288 9999.000000
2006 04 05 24	9.839537 9999.000000
2006 04 06 24	7.289744 9999.000000
2006 04 07 24	6.096578 9999.000000
2006 04 08 24	5.826122 9999.000000
2006 04 09 24	5.869223 9999.000000
2006 04 10 24	5.406700 9999.000000
2006 04 11 24	4.680128 9999.000000
2006 04 12 24	4.034483 9999.000000
2006 04 13 24	3.728264 9999.000000
2006 04 14 24	6.124217 9999.000000
2006 04 15 24	7.410541 9999.000000
2006 04 16 24	8.731278 9999.000000
2006 04 17 24	12.128495 9999.000000
2006 04 18 24	10.493708 9999.000000
2006 04 19 24	8.653491 9999.000000
2006 04 20 24	7.352543 9999.000000
2006 04 21 24	6.684225 9999.000000
2006 04 22 24	6.120986 9999.000000
2006 04 23 24	5.862450 9999.000000
2006 04 24 24	4.972965 9999.000000
2006 04 25 24	4.319416 9999.000000
2006 04 26 24	3.846176 9999.000000
2006 04 27 24	3.591164 9999.000000
2006 04 28 24	3.311909 9999.000000
2006 04 29 24	3.271436 9999.000000
