YY	MM	DD	HH	"1"	"2"	tot_average
Interzeptionsverdunstung_in_mm_interception_model
--	--	--	--	0.6468891	0.3531109	1.0000
2000	 8	 1	24	0.00000	0.00000	0.00000
2000	 8	 2	24	0.35841	0.35782	0.35820
2000	 8	 3	24	0.09696	0.78860	0.34118
2000	 8	 4	24	0.00000	0.00000	0.00000
2000	 8	 5	24	0.00000	0.00000	0.00000
2000	 8	 6	24	1.59011	1.66031	1.61490
2000	 8	 7	24	1.53515	1.64782	1.57494
2000	 8	 8	24	1.01561	1.32388	1.12446
2000	 8	 9	24	0.04991	0.32813	0.14815
2000	 8	10	24	0.65716	0.03676	0.43809
2000	 8	11	24	0.00000	0.00000	0.00000
2000	 8	12	24	0.00000	0.00000	0.00000
2000	 8	13	24	0.00000	0.00000	0.00000
2000	 8	14	24	0.00000	0.00000	0.00000
2000	 8	15	24	2.69246	3.31205	2.91125
2000	 8	16	24	0.00000	0.00000	0.00000
2000	 8	17	24	0.10912	0.00990	0.07409
2000	 8	18	24	0.18535	0.04433	0.13555
2000	 8	19	24	0.05229	0.00000	0.03383
2000	 8	20	24	3.04648	3.31199	3.14023
2000	 8	21	24	2.18721	2.61561	2.33848
2000	 8	22	24	0.98045	0.79802	0.91604
2000	 8	23	24	0.18646	0.00000	0.12062
2000	 8	24	24	0.00000	0.00000	0.00000
2000	 8	25	24	0.00000	0.00000	0.00000
2000	 8	26	24	0.00000	0.00000	0.00000
2000	 8	27	24	0.00000	0.00000	0.00000
2000	 8	28	24	1.09891	0.92974	1.03917
2000	 8	29	24	1.53743	0.23152	1.07630
2000	 8	30	24	0.01806	0.00000	0.01169
2000	 8	31	24	0.14751	0.33784	0.21471
2000	 9	 1	24	1.93481	2.15279	2.01178
2000	 9	 2	24	1.53999	1.47852	1.51828
2000	 9	 3	24	0.32401	0.33758	0.32880
2000	 9	 4	24	0.31791	0.28730	0.30710
2000	 9	 5	24	0.66615	0.57525	0.63405
2000	 9	 6	24	1.38258	1.18970	1.31447
2000	 9	 7	24	0.73812	0.86253	0.78205
2000	 9	 8	24	1.22722	1.20987	1.22109
2000	 9	 9	24	0.75876	0.64346	0.71805
2000	 9	10	24	0.00000	0.00000	0.00000
2000	 9	11	24	0.00000	0.00000	0.00000
2000	 9	12	24	0.00000	0.00000	0.00000
2000	 9	13	24	1.64814	1.19728	1.48894
2000	 9	14	24	0.28164	0.00000	0.18219
2000	 9	15	24	0.01481	0.00000	0.00958
2000	 9	16	24	1.09416	0.86309	1.01257
2000	 9	17	24	0.58310	0.57239	0.57932
2000	 9	18	24	0.36151	0.13600	0.28188
2000	 9	19	24	0.47064	0.02984	0.31499
2000	 9	20	24	0.03659	0.00000	0.02367
2000	 9	21	24	0.19690	0.20049	0.19817
2000	 9	22	24	0.37909	0.40476	0.38816
2000	 9	23	24	1.15772	1.03339	1.11382
2000	 9	24	24	0.10879	0.00304	0.07145
2000	 9	25	24	0.00000	0.00000	0.00000
2000	 9	26	24	0.00000	0.00000	0.00000
2000	 9	27	24	0.68873	0.10595	0.48294
2000	 9	28	24	0.24343	0.00772	0.16020
2000	 9	29	24	0.00000	0.00000	0.00000
2000	 9	30	24	0.00000	0.00000	0.00000
2000	10	 1	24	0.98644	0.78853	0.91655
2000	10	 2	24	0.80249	0.73570	0.77891
2000	10	 3	24	0.60551	0.65572	0.62324
2000	10	 4	24	0.27913	0.17235	0.24142
2000	10	 5	24	0.56462	0.43082	0.51737
2000	10	 6	24	0.02962	0.03730	0.03233
2000	10	 7	24	0.00000	0.00000	0.00000
2000	10	 8	24	0.07370	0.07875	0.07548
2000	10	 9	24	0.20286	0.09761	0.16570
2000	10	10	24	0.23660	0.06116	0.17465
2000	10	11	24	0.54196	0.28372	0.45077
2000	10	12	24	0.59401	0.44674	0.54201
2000	10	13	24	0.53959	0.55781	0.54602
2000	10	14	24	0.18260	0.33886	0.23778
2000	10	15	24	0.46336	0.56518	0.49931
2000	10	16	24	0.00000	0.00000	0.00000
2000	10	17	24	0.50852	0.38219	0.46391
2000	10	18	24	0.06429	0.06153	0.06332
2000	10	19	24	0.17452	0.10306	0.14929
2000	10	20	24	0.13684	0.01705	0.09454
2000	10	21	24	0.83343	0.65830	0.77159
2000	10	22	24	0.57609	0.63837	0.59808
2000	10	23	24	0.34291	0.44341	0.37840
2000	10	24	24	0.47023	0.50482	0.48244
2000	10	25	24	0.90369	0.72181	0.83946
2000	10	26	24	0.25617	0.20495	0.23808
2000	10	27	24	0.32157	0.25266	0.29724
2000	10	28	24	0.23513	0.11526	0.19280
2000	10	29	24	0.62410	0.29661	0.50846
2000	10	30	24	0.41110	0.31649	0.37769
2000	10	31	24	0.35700	0.14528	0.28224
2000	11	 1	24	0.43770	0.31320	0.39374
2000	11	 2	24	0.21495	0.39126	0.27720
2000	11	 3	24	0.32048	0.09291	0.24012
2000	11	 4	24	0.22085	0.18053	0.20661
2000	11	 5	24	0.29268	0.19301	0.25749
2000	11	 6	24	0.18575	0.03966	0.13417
2000	11	 7	24	0.56821	0.29542	0.47188
2000	11	 8	24	0.37037	0.20423	0.31170
2000	11	 9	24	0.31880	0.26377	0.29937
2000	11	10	24	0.35563	0.48489	0.40128
2000	11	11	24	0.18474	0.29096	0.22225
2000	11	12	24	0.08095	0.16462	0.11049
2000	11	13	24	0.02147	0.04925	0.03128
2000	11	14	24	0.15432	0.05536	0.11938
2000	11	15	24	0.19861	0.13124	0.17482
2000	11	16	24	0.37414	0.19384	0.31048
2000	11	17	24	0.02516	0.02335	0.02452
2000	11	18	24	0.19793	0.11236	0.16771
2000	11	19	24	0.38817	0.12955	0.29685
2000	11	20	24	0.36529	0.12143	0.27918
2000	11	21	24	0.01687	0.02150	0.01850
2000	11	22	24	0.21632	0.06407	0.16256
2000	11	23	24	0.25107	0.05148	0.18060
2000	11	24	24	0.32752	0.08133	0.24059
2000	11	25	24	0.00932	0.01716	0.01209
2000	11	26	24	0.05310	0.02274	0.04238
2000	11	27	24	0.06305	0.01971	0.04775
2000	11	28	24	0.13286	0.05119	0.10402
2000	11	29	24	0.31115	0.11838	0.24308
2000	11	30	24	0.23388	0.07637	0.17826
2000	12	 1	24	0.43777	0.08370	0.31274
2000	12	 2	24	0.20248	0.15739	0.18656
2000	12	 3	24	0.17048	0.09711	0.14457
2000	12	 4	24	0.07131	0.05914	0.06701
2000	12	 5	24	0.08161	0.02988	0.06334
2000	12	 6	24	0.04052	0.03822	0.03971
2000	12	 7	24	0.03711	0.03653	0.03690
2000	12	 8	24	0.35849	0.03053	0.24268
2000	12	 9	24	0.21047	0.06737	0.15994
2000	12	10	24	0.27986	0.10238	0.21719
2000	12	11	24	0.58906	0.44189	0.53709
2000	12	12	24	0.31672	0.22801	0.28540
2000	12	13	24	1.10679	0.97155	1.05903
2000	12	14	24	0.51744	0.31640	0.44645
2000	12	15	24	0.18192	0.03920	0.13153
2000	12	16	24	0.03086	0.00000	0.01997
2000	12	17	24	0.04578	0.00000	0.02961
2000	12	18	24	0.09053	0.00000	0.05856
2000	12	19	24	0.11541	0.00000	0.07466
2000	12	20	24	0.21264	0.00000	0.13756
2000	12	21	24	0.13452	0.00000	0.08702
2000	12	22	24	0.34992	0.00000	0.22636
2000	12	23	24	0.40343	0.00000	0.26097
2000	12	24	24	0.24527	0.57921	0.36319
2000	12	25	24	0.08750	0.00000	0.05660
2000	12	26	24	0.05097	0.00000	0.03297
2000	12	27	24	0.18977	0.00000	0.12276
2000	12	28	24	0.31287	0.08291	0.23167
2000	12	29	24	0.24390	0.00442	0.15934
2000	12	30	24	0.00000	0.00000	0.00000
2000	12	31	24	0.00000	0.00000	0.00000
2001	 1	 1	24	0.08032	0.00000	0.05196
2001	 1	 2	24	0.13966	0.00000	0.09035
2001	 1	 3	24	0.13627	0.00000	0.08815
2001	 1	 4	24	0.20431	0.00000	0.13217
2001	 1	 5	24	0.16344	0.00000	0.10572
2001	 1	 6	24	0.18620	0.00000	0.12045
2001	 1	 7	24	0.13324	0.00000	0.08619
2001	 1	 8	24	0.08220	0.00000	0.05318
2001	 1	 9	24	0.06751	0.00000	0.04367
2001	 1	10	24	0.18194	0.00000	0.11770
2001	 1	11	24	0.02997	0.00000	0.01939
2001	 1	12	24	0.06416	0.00000	0.04150
2001	 1	13	24	0.09372	0.00000	0.06063
2001	 1	14	24	0.19172	0.00000	0.12402
2001	 1	15	24	0.21750	0.00000	0.14070
2001	 1	16	24	0.24166	0.00000	0.15633
2001	 1	17	24	0.08849	0.00000	0.05725
2001	 1	18	24	0.07542	0.00000	0.04879
2001	 1	19	24	0.09374	0.00000	0.06064
2001	 1	20	24	0.10856	0.00000	0.07023
2001	 1	21	24	0.05116	0.00000	0.03310
2001	 1	22	24	0.00000	0.00000	0.00000
2001	 1	23	24	0.01701	0.00000	0.01100
2001	 1	24	24	0.00909	0.00000	0.00588
2001	 1	25	24	0.07482	0.00000	0.04840
2001	 1	26	24	0.07066	0.00000	0.04571
2001	 1	27	24	0.09512	0.00000	0.06153
2001	 1	28	24	0.32735	0.00000	0.21176
2001	 1	29	24	0.07142	0.00000	0.04620
2001	 1	30	24	0.00000	0.00000	0.00000
2001	 1	31	24	0.00000	0.00000	0.00000
2001	 2	 1	24	0.00000	0.00000	0.00000
2001	 2	 2	24	0.00000	0.00000	0.00000
2001	 2	 3	24	0.00000	0.00000	0.00000
2001	 2	 4	24	0.00000	0.00000	0.00000
2001	 2	 5	24	0.00000	0.00000	0.00000
2001	 2	 6	24	0.00000	0.00000	0.00000
2001	 2	 7	24	0.00034	0.00000	0.00022
2001	 2	 8	24	0.29494	0.00000	0.19080
2001	 2	 9	24	0.40394	0.00000	0.26130
2001	 2	10	24	0.13961	0.00000	0.09031
2001	 2	11	24	0.46573	0.00000	0.30128
2001	 2	12	24	0.83287	0.00000	0.53877
2001	 2	13	24	0.11181	0.00000	0.07233
2001	 2	14	24	0.22339	0.00000	0.14451
2001	 2	15	24	0.85250	0.22511	0.63096
2001	 2	16	24	0.03523	1.65561	0.60741
2001	 2	17	24	0.11240	0.03531	0.08518
2001	 2	18	24	0.02058	0.00000	0.01331
2001	 2	19	24	0.02815	0.00000	0.01821
2001	 2	20	24	0.13325	0.00000	0.08620
2001	 2	21	24	0.04506	0.00000	0.02915
2001	 2	22	24	0.00000	0.00000	0.00000
2001	 2	23	24	0.00000	0.00000	0.00000
2001	 2	24	24	0.00000	0.00000	0.00000
2001	 2	25	24	0.00000	0.00000	0.00000
2001	 2	26	24	0.00000	0.00000	0.00000
2001	 2	27	24	0.00000	0.00000	0.00000
2001	 2	28	24	0.00000	0.00000	0.00000
2001	 3	 1	24	0.00000	0.00000	0.00000
2001	 3	 2	24	0.00000	0.00000	0.00000
2001	 3	 3	24	0.00000	0.00000	0.00000
2001	 3	 4	24	0.00000	0.00000	0.00000
2001	 3	 5	24	0.00000	0.00000	0.00000
2001	 3	 6	24	0.00000	0.00000	0.00000
2001	 3	 7	24	0.00000	0.00000	0.00000
2001	 3	 8	24	0.00000	0.00000	0.00000
2001	 3	 9	24	0.00000	0.00000	0.00000
2001	 3	10	24	0.11755	0.00000	0.07604
2001	 3	11	24	0.21850	0.00000	0.14134
2001	 3	12	24	0.31492	0.00000	0.20372
2001	 3	13	24	0.45776	0.00000	0.29612
2001	 3	14	24	0.39862	0.00000	0.25786
2001	 3	15	24	0.16227	0.00000	0.10497
2001	 3	16	24	0.19069	0.00000	0.12335
2001	 3	17	24	0.03002	0.00000	0.01942
2001	 3	18	24	0.23205	0.00000	0.15011
2001	 3	19	24	0.38209	0.00000	0.24717
2001	 3	20	24	0.33578	0.00000	0.21721
2001	 3	21	24	0.00000	0.00000	0.00000
2001	 3	22	24	0.12022	0.00000	0.07777
2001	 3	23	24	0.08633	0.00000	0.05584
2001	 3	24	24	0.48726	0.00000	0.31520
2001	 3	25	24	0.11057	0.01505	0.07684
2001	 3	26	24	0.00000	0.00524	0.00185
2001	 3	27	24	0.00000	0.00000	0.00000
2001	 3	28	24	0.44904	0.00000	0.29048
2001	 3	29	24	0.25386	0.05163	0.18245
2001	 3	30	24	0.28366	0.22119	0.26160
2001	 3	31	24	0.97789	1.12143	1.02858
2001	 4	 1	24	0.50903	0.73872	0.59014
2001	 4	 2	24	0.00000	0.00000	0.00000
2001	 4	 3	24	1.40299	1.54441	1.45293
2001	 4	 4	24	1.10138	1.11681	1.10683
2001	 4	 5	24	0.96091	0.84094	0.91855
2001	 4	 6	24	0.73377	0.44067	0.63027
2001	 4	 7	24	0.43550	0.29334	0.38530
2001	 4	 8	24	0.28448	0.23452	0.26684
2001	 4	 9	24	1.11895	1.17845	1.13996
2001	 4	10	24	0.54862	0.40026	0.49623
2001	 4	11	24	0.44373	0.54865	0.48078
2001	 4	12	24	0.94172	0.97360	0.95298
2001	 4	13	24	0.00000	0.00000	0.00000
2001	 4	14	24	0.00000	0.00000	0.00000
2001	 4	15	24	0.00023	0.00000	0.00015
2001	 4	16	24	0.19598	0.00000	0.12678
2001	 4	17	24	0.16324	0.00000	0.10560
2001	 4	18	24	0.65430	0.00000	0.42326
2001	 4	19	24	0.72500	0.00000	0.46899
2001	 4	20	24	0.90921	0.50848	0.76771
2001	 4	21	24	0.03942	0.00000	0.02550
2001	 4	22	24	0.16162	0.31526	0.21587
2001	 4	23	24	0.74480	0.77819	0.75659
2001	 4	24	24	1.03051	0.98764	1.01537
2001	 4	25	24	1.93667	2.08078	1.98756
2001	 4	26	24	0.01497	0.00486	0.01140
2001	 4	27	24	1.16940	1.07205	1.13503
2001	 4	28	24	0.99910	0.86042	0.95013
2001	 4	29	24	0.98430	1.13351	1.03699
2001	 4	30	24	0.18347	0.00162	0.11926
2001	 5	 1	24	0.00000	0.00000	0.00000
2001	 5	 2	24	0.00000	0.00000	0.00000
2001	 5	 3	24	2.06812	2.14078	2.09378
2001	 5	 4	24	0.76497	0.79768	0.77652
2001	 5	 5	24	0.09128	0.18088	0.12292
2001	 5	 6	24	0.12389	0.19487	0.14895
2001	 5	 7	24	0.22335	0.34287	0.26556
2001	 5	 8	24	0.31451	0.47377	0.37075
2001	 5	 9	24	1.83700	1.51004	1.72154
2001	 5	10	24	0.01658	0.00000	0.01073
2001	 5	11	24	0.00000	0.00000	0.00000
2001	 5	12	24	0.00000	0.00000	0.00000
2001	 5	13	24	0.00000	0.00000	0.00000
2001	 5	14	24	0.04296	0.16134	0.08476
2001	 5	15	24	1.24748	1.20349	1.23195
2001	 5	16	24	1.83871	1.60863	1.75747
2001	 5	17	24	1.69413	1.75041	1.71401
2001	 5	18	24	1.12613	1.19247	1.14955
2001	 5	19	24	1.10920	1.07755	1.09802
2001	 5	20	24	0.24706	0.33269	0.27729
2001	 5	21	24	0.00000	0.00000	0.00000
2001	 5	22	24	0.00000	0.00000	0.00000
2001	 5	23	24	0.00000	0.00000	0.00000
2001	 5	24	24	0.00000	0.00000	0.00000
2001	 5	25	24	0.00000	0.00000	0.00000
2001	 5	26	24	0.00000	0.00000	0.00000
2001	 5	27	24	1.12058	1.45282	1.23790
2001	 5	28	24	0.36805	0.35710	0.36418
2001	 5	29	24	2.30125	2.48096	2.36471
2001	 5	30	24	0.17300	0.07268	0.13758
2001	 5	31	24	1.30036	1.12495	1.23842
2001	 6	 1	24	0.88228	0.86097	0.87476
2001	 6	 2	24	1.34228	0.96258	1.20820
2001	 6	 3	24	1.26588	1.09144	1.20428
2001	 6	 4	24	0.47720	0.45384	0.46895
2001	 6	 5	24	1.49414	1.41633	1.46666
2001	 6	 6	24	1.33664	1.30567	1.32571
2001	 6	 7	24	1.28894	1.20213	1.25829
2001	 6	 8	24	0.82181	0.95212	0.86782
2001	 6	 9	24	0.26470	0.25832	0.26245
2001	 6	10	24	0.58543	0.42759	0.52969
2001	 6	11	24	0.81591	0.82781	0.82011
2001	 6	12	24	1.38112	1.26651	1.34065
2001	 6	13	24	0.93408	1.21566	1.03351
2001	 6	14	24	0.00000	0.00000	0.00000
2001	 6	15	24	1.16167	0.20067	0.82233
2001	 6	16	24	1.73685	1.64893	1.70581
2001	 6	17	24	1.52655	1.17592	1.40274
2001	 6	18	24	0.79827	0.91828	0.84065
2001	 6	19	24	0.71889	0.57138	0.66680
2001	 6	20	24	1.59533	1.82316	1.67578
2001	 6	21	24	2.17011	2.28589	2.21099
2001	 6	22	24	0.55110	0.74687	0.62023
2001	 6	23	24	0.44835	0.47355	0.45725
2001	 6	24	24	2.28190	2.67243	2.41980
2001	 6	25	24	0.26540	0.02216	0.17951
2001	 6	26	24	0.00000	0.00000	0.00000
2001	 6	27	24	0.00000	0.00000	0.00000
2001	 6	28	24	1.57343	1.51056	1.55123
2001	 6	29	24	0.33406	0.05654	0.23607
2001	 6	30	24	2.61075	2.88069	2.70607
2001	 7	 1	24	0.74452	1.99467	1.18596
2001	 7	 2	24	0.00049	0.22060	0.07821
2001	 7	 3	24	0.00000	0.00000	0.00000
2001	 7	 4	24	0.41274	0.06782	0.29094
2001	 7	 5	24	0.00000	0.00000	0.00000
2001	 7	 6	24	0.37426	0.23206	0.32405
2001	 7	 7	24	2.81200	2.94689	2.85963
2001	 7	 8	24	0.83144	0.88839	0.85155
2001	 7	 9	24	0.39551	0.43765	0.41039
2001	 7	10	24	2.77178	2.98363	2.84659
2001	 7	11	24	0.54709	0.61084	0.56960
2001	 7	12	24	0.08364	0.47063	0.22029
2001	 7	13	24	0.38033	0.66700	0.48156
2001	 7	14	24	0.00000	0.00000	0.00000
2001	 7	15	24	1.66310	1.79638	1.71016
2001	 7	16	24	0.23076	0.37299	0.28099
2001	 7	17	24	0.51710	0.60774	0.54911
2001	 7	18	24	1.98606	1.93362	1.96754
2001	 7	19	24	1.06635	1.48793	1.21521
2001	 7	20	24	1.59940	1.58783	1.59531
2001	 7	21	24	0.92487	1.16822	1.01080
2001	 7	22	24	0.56934	0.55635	0.56475
2001	 7	23	24	0.00000	0.00000	0.00000
2001	 7	24	24	0.00000	0.00000	0.00000
2001	 7	25	24	0.00000	0.00000	0.00000
2001	 7	26	24	0.00000	0.00000	0.00000
2001	 7	27	24	0.00000	0.00000	0.00000
2001	 7	28	24	0.00000	0.00000	0.00000
2001	 7	29	24	1.45239	0.42283	1.08884
2001	 7	30	24	0.00000	0.00000	0.00000
2001	 7	31	24	2.08674	1.88043	2.01389
2001	 8	 1	24	0.25288	0.03920	0.17743
2001	 8	 2	24	0.00000	0.00000	0.00000
2001	 8	 3	24	0.74199	0.49908	0.65622
2001	 8	 4	24	1.07042	0.96905	1.03463
2001	 8	 5	24	1.52591	0.21535	1.06313
2001	 8	 6	24	0.52281	0.38938	0.47569
2001	 8	 7	24	0.00000	0.00000	0.00000
2001	 8	 8	24	0.46583	0.14742	0.35340
2001	 8	 9	24	1.54759	1.00829	1.35716
2001	 8	10	24	0.07815	0.00000	0.05055
2001	 8	11	24	0.09980	0.26927	0.15964
2001	 8	12	24	0.00000	0.00000	0.00000
2001	 8	13	24	1.00711	0.88090	0.96255
2001	 8	14	24	0.00000	0.00000	0.00000
2001	 8	15	24	0.00000	0.00000	0.00000
2001	 8	16	24	1.34758	1.37666	1.35785
2001	 8	17	24	1.38964	1.56894	1.45295
2001	 8	18	24	1.31520	1.66754	1.43962
2001	 8	19	24	1.89914	1.90090	1.89976
2001	 8	20	24	2.91350	3.21690	3.02063
2001	 8	21	24	0.14496	0.21726	0.17049
2001	 8	22	24	1.00375	1.22518	1.08194
2001	 8	23	24	1.45694	1.26725	1.38996
2001	 8	24	24	0.23774	0.00048	0.15397
2001	 8	25	24	0.00420	0.13962	0.05202
2001	 8	26	24	2.87589	3.14003	2.96916
2001	 8	27	24	2.16827	2.17844	2.17186
2001	 8	28	24	0.89765	0.46638	0.74536
2001	 8	29	24	0.03118	0.00000	0.02017
2001	 8	30	24	0.26367	0.04196	0.18538
2001	 8	31	24	0.93607	0.66916	0.84182
2001	 9	 1	24	0.09808	0.12673	0.10819
2001	 9	 2	24	1.36844	1.39452	1.37765
2001	 9	 3	24	1.81290	1.67390	1.76382
2001	 9	 4	24	0.92507	0.66220	0.83225
2001	 9	 5	24	0.75229	0.63471	0.71077
2001	 9	 6	24	1.08554	1.11694	1.09663
2001	 9	 7	24	0.46954	0.42569	0.45406
2001	 9	 8	24	0.49438	0.48606	0.49144
2001	 9	 9	24	0.44762	0.34096	0.40996
2001	 9	10	24	0.18910	0.19406	0.19085
2001	 9	11	24	0.82681	0.72367	0.79039
2001	 9	12	24	0.25157	0.29716	0.26767
2001	 9	13	24	0.33672	0.21248	0.29285
2001	 9	14	24	0.66029	0.50488	0.60541
2001	 9	15	24	0.87087	0.56917	0.76434
2001	 9	16	24	0.40851	0.39596	0.40408
2001	 9	17	24	0.59915	0.43755	0.54209
2001	 9	18	24	0.29623	0.27840	0.28993
2001	 9	19	24	1.09223	0.73194	0.96501
2001	 9	20	24	0.37704	0.17742	0.30655
2001	 9	21	24	0.65023	0.52381	0.60559
2001	 9	22	24	1.10733	0.94384	1.04960
2001	 9	23	24	1.44334	1.37872	1.42052
2001	 9	24	24	0.09763	0.10394	0.09986
2001	 9	25	24	0.04343	0.06280	0.05027
2001	 9	26	24	0.06831	0.09829	0.07890
2001	 9	27	24	0.40551	0.25095	0.35093
2001	 9	28	24	0.19038	0.10781	0.16122
2001	 9	29	24	0.92377	0.78238	0.87385
2001	 9	30	24	0.46394	0.33807	0.41950
2001	10	 1	24	0.54853	0.35052	0.47861
2001	10	 2	24	1.08156	1.18446	1.11790
2001	10	 3	24	1.50542	1.58353	1.53300
2001	10	 4	24	0.41008	0.36386	0.39376
2001	10	 5	24	0.83843	0.83824	0.83836
2001	10	 6	24	0.54295	0.49078	0.52453
2001	10	 7	24	0.17384	0.31227	0.22272
2001	10	 8	24	0.81310	0.43638	0.68008
2001	10	 9	24	0.00000	0.00000	0.00000
2001	10	10	24	0.00000	0.00000	0.00000
2001	10	11	24	0.00000	0.00000	0.00000
2001	10	12	24	0.00000	0.00000	0.00000
2001	10	13	24	0.00000	0.00000	0.00000
2001	10	14	24	0.00000	0.00000	0.00000
2001	10	15	24	0.00000	0.00000	0.00000
2001	10	16	24	0.00658	0.00000	0.00426
2001	10	17	24	0.00000	0.00000	0.00000
2001	10	18	24	0.00000	0.00000	0.00000
2001	10	19	24	0.00921	0.16550	0.06440
2001	10	20	24	0.00000	0.00000	0.00000
2001	10	21	24	0.30524	0.12313	0.24094
2001	10	22	24	0.05933	0.03370	0.05028
2001	10	23	24	0.01257	0.02402	0.01662
2001	10	24	24	0.16745	0.10081	0.14392
2001	10	25	24	0.36400	0.29354	0.33912
2001	10	26	24	0.42607	0.29738	0.38063
2001	10	27	24	0.24382	0.13955	0.20700
2001	10	28	24	0.12897	0.06865	0.10767
2001	10	29	24	0.43416	0.33566	0.39938
2001	10	30	24	1.12402	1.16306	1.13781
2001	10	31	24	1.63819	1.91218	1.73494
2001	11	 1	24	0.25876	0.15594	0.22245
2001	11	 2	24	0.14123	0.15542	0.14624
2001	11	 3	24	0.13685	0.05947	0.10953
2001	11	 4	24	0.48910	0.38525	0.45243
2001	11	 5	24	0.35833	0.17826	0.29474
2001	11	 6	24	0.44894	0.18228	0.35478
2001	11	 7	24	0.15441	0.06814	0.12395
2001	11	 8	24	0.05833	0.04794	0.05466
2001	11	 9	24	0.00577	0.00000	0.00373
2001	11	10	24	0.24535	0.19414	0.22726
2001	11	11	24	0.85214	0.69354	0.79613
2001	11	12	24	0.10413	0.04989	0.08498
2001	11	13	24	0.07060	0.06312	0.06795
2001	11	14	24	0.10851	0.10802	0.10834
2001	11	15	24	0.37892	0.23283	0.32733
2001	11	16	24	0.02870	0.03653	0.03146
2001	11	17	24	0.09935	0.08622	0.09471
2001	11	18	24	0.06658	0.03188	0.05433
2001	11	19	24	0.00821	0.02513	0.01418
2001	11	20	24	0.07850	0.07079	0.07578
2001	11	21	24	0.16865	0.05691	0.12919
2001	11	22	24	0.12285	0.00000	0.07947
2001	11	23	24	0.01745	0.00000	0.01129
2001	11	24	24	0.05424	0.00000	0.03509
2001	11	25	24	0.01248	0.00000	0.00808
2001	11	26	24	0.00191	0.00000	0.00124
2001	11	27	24	0.02482	0.00000	0.01605
2001	11	28	24	0.03166	0.00000	0.02048
2001	11	29	24	0.01359	0.00000	0.00879
2001	11	30	24	0.03229	0.00000	0.02089
2001	12	 1	24	0.50737	0.00000	0.32822
2001	12	 2	24	0.62934	0.00000	0.40711
2001	12	 3	24	0.21658	0.00000	0.14010
2001	12	 4	24	0.00000	0.00000	0.00000
2001	12	 5	24	0.01794	0.00000	0.01160
2001	12	 6	24	0.00000	0.00000	0.00000
2001	12	 7	24	0.00352	0.00000	0.00228
2001	12	 8	24	0.02653	0.00000	0.01716
2001	12	 9	24	0.14864	0.00000	0.09615
2001	12	10	24	0.00000	0.00000	0.00000
2001	12	11	24	0.00000	0.00000	0.00000
2001	12	12	24	0.00000	0.00000	0.00000
2001	12	13	24	0.00000	0.00000	0.00000
2001	12	14	24	0.00000	0.00000	0.00000
2001	12	15	24	0.00000	0.00000	0.00000
2001	12	16	24	0.00000	0.00000	0.00000
2001	12	17	24	0.00000	0.00000	0.00000
2001	12	18	24	0.00000	0.00000	0.00000
2001	12	19	24	0.00000	0.00000	0.00000
2001	12	20	24	0.00000	0.00000	0.00000
2001	12	21	24	0.00000	0.00000	0.00000
2001	12	22	24	0.00000	0.00000	0.00000
2001	12	23	24	0.00000	0.00000	0.00000
2001	12	24	24	0.00000	0.00000	0.00000
2001	12	25	24	0.00000	0.00000	0.00000
2001	12	26	24	0.00000	0.00000	0.00000
2001	12	27	24	0.00000	0.00000	0.00000
2001	12	28	24	0.00000	0.00000	0.00000
2001	12	29	24	0.00000	0.00000	0.00000
2001	12	30	24	0.00000	0.00000	0.00000
2001	12	31	24	0.00000	0.00000	0.00000
2002	 1	 1	24	0.00000	0.00000	0.00000
2002	 1	 2	24	0.00000	0.00000	0.00000
2002	 1	 3	24	0.00000	0.00000	0.00000
2002	 1	 4	24	0.00000	0.00000	0.00000
2002	 1	 5	24	0.00000	0.00000	0.00000
2002	 1	 6	24	0.00000	0.00000	0.00000
2002	 1	 7	24	0.00000	0.00000	0.00000
2002	 1	 8	24	0.00000	0.00000	0.00000
2002	 1	 9	24	0.00000	0.00000	0.00000
2002	 1	10	24	0.00000	0.00000	0.00000
2002	 1	11	24	0.00000	0.00000	0.00000
2002	 1	12	24	0.00000	0.00000	0.00000
2002	 1	13	24	0.00000	0.00000	0.00000
2002	 1	14	24	0.00000	0.00000	0.00000
2002	 1	15	24	0.00000	0.00000	0.00000
2002	 1	16	24	0.00000	0.00000	0.00000
2002	 1	17	24	0.00000	0.00000	0.00000
2002	 1	18	24	0.00000	0.00000	0.00000
2002	 1	19	24	0.00000	0.00000	0.00000
2002	 1	20	24	0.00000	0.00000	0.00000
2002	 1	21	24	0.00000	0.00000	0.00000
2002	 1	22	24	0.00000	0.00000	0.00000
2002	 1	23	24	0.00000	0.00000	0.00000
2002	 1	24	24	0.00000	0.00000	0.00000
2002	 1	25	24	0.00000	0.00000	0.00000
2002	 1	26	24	0.00684	0.00000	0.00442
2002	 1	27	24	0.02137	0.00000	0.01382
2002	 1	28	24	0.06668	0.00000	0.04313
2002	 1	29	24	0.34404	0.00000	0.22255
2002	 1	30	24	0.27724	0.00000	0.17935
2002	 1	31	24	0.40281	0.00000	0.26058
2002	 2	 1	24	0.06135	0.00000	0.03968
2002	 2	 2	24	0.08397	0.00000	0.05432
2002	 2	 3	24	0.06669	0.00000	0.04314
2002	 2	 4	24	0.08605	0.00000	0.05567
2002	 2	 5	24	0.90669	0.00000	0.58653
2002	 2	 6	24	0.26168	0.00000	0.16928
2002	 2	 7	24	0.27590	0.00000	0.17848
2002	 2	 8	24	0.28672	0.00000	0.18548
2002	 2	 9	24	0.47707	0.00406	0.31004
2002	 2	10	24	0.21171	0.00563	0.13894
2002	 2	11	24	0.24874	0.02815	0.17085
2002	 2	12	24	0.41883	0.20682	0.34397
2002	 2	13	24	0.06457	0.05766	0.06213
2002	 2	14	24	0.34974	0.22168	0.30452
2002	 2	15	24	0.94116	0.80937	0.89462
2002	 2	16	24	0.58055	0.96578	0.71658
2002	 2	17	24	0.00064	0.02252	0.00837
2002	 2	18	24	0.00088	0.00283	0.00157
2002	 2	19	24	0.28082	0.00000	0.18166
2002	 2	20	24	0.12243	0.00000	0.07920
2002	 2	21	24	0.00000	0.00000	0.00000
2002	 2	22	24	0.00000	0.00000	0.00000
2002	 2	23	24	0.00000	0.00000	0.00000
2002	 2	24	24	0.00000	0.00000	0.00000
2002	 2	25	24	0.00000	0.00000	0.00000
2002	 2	26	24	0.00000	0.00000	0.00000
2002	 2	27	24	0.00570	0.00000	0.00369
2002	 2	28	24	0.10778	0.00000	0.06972
2002	 3	 1	24	0.51164	0.00000	0.33097
2002	 3	 2	24	0.18904	0.00000	0.12229
2002	 3	 3	24	0.28698	0.00000	0.18565
2002	 3	 4	24	0.28948	0.00000	0.18726
2002	 3	 5	24	0.46121	0.00000	0.29835
2002	 3	 6	24	0.49629	0.00000	0.32104
2002	 3	 7	24	0.46009	0.00156	0.29817
2002	 3	 8	24	0.88253	0.04002	0.58503
2002	 3	 9	24	0.87859	0.64040	0.79448
2002	 3	10	24	0.19808	0.89588	0.44448
2002	 3	11	24	0.00000	0.51464	0.18172
2002	 3	12	24	0.00000	0.00267	0.00094
2002	 3	13	24	0.18274	0.00000	0.11821
2002	 3	14	24	0.07031	0.00026	0.04557
2002	 3	15	24	0.06340	0.10006	0.07635
2002	 3	16	24	0.22623	0.25716	0.23715
2002	 3	17	24	0.58183	0.25184	0.46530
2002	 3	18	24	1.04642	0.48066	0.84665
2002	 3	19	24	0.69885	0.45021	0.61106
2002	 3	20	24	0.19386	0.09332	0.15836
2002	 3	21	24	0.18900	0.12559	0.16661
2002	 3	22	24	0.16894	0.00000	0.10928
2002	 3	23	24	0.00000	0.00000	0.00000
2002	 3	24	24	0.00000	0.00000	0.00000
2002	 3	25	24	0.00000	0.00000	0.00000
2002	 3	26	24	0.00000	0.00000	0.00000
2002	 3	27	24	0.00287	0.00000	0.00186
2002	 3	28	24	0.27004	0.00000	0.17468
2002	 3	29	24	0.99085	0.00000	0.64097
2002	 3	30	24	0.67688	1.95258	1.12734
2002	 3	31	24	0.04544	0.52477	0.21470
2002	 4	 1	24	0.00000	0.00000	0.00000
2002	 4	 2	24	0.00000	0.00000	0.00000
2002	 4	 3	24	0.00000	0.00000	0.00000
2002	 4	 4	24	0.00000	0.00000	0.00000
2002	 4	 5	24	0.00000	0.00000	0.00000
2002	 4	 6	24	0.16403	0.06808	0.13015
2002	 4	 7	24	0.00007	0.00100	0.00040
2002	 4	 8	24	0.00000	0.00000	0.00000
2002	 4	 9	24	0.00000	0.00000	0.00000
2002	 4	10	24	0.00000	0.00000	0.00000
2002	 4	11	24	0.31874	0.20216	0.27758
2002	 4	12	24	0.29182	0.15623	0.24394
2002	 4	13	24	0.14767	0.15403	0.14992
2002	 4	14	24	0.02612	0.02466	0.02560
2002	 4	15	24	0.09114	0.10906	0.09746
2002	 4	16	24	0.94558	0.86913	0.91859
2002	 4	17	24	0.85653	0.81746	0.84274
2002	 4	18	24	0.13282	0.30265	0.19279
2002	 4	19	24	1.26736	1.24666	1.26005
2002	 4	20	24	0.09357	0.00001	0.06053
2002	 4	21	24	0.00894	0.00000	0.00578
2002	 4	22	24	0.00000	0.00000	0.00000
2002	 4	23	24	0.01051	0.00000	0.00680
2002	 4	24	24	0.00000	0.00000	0.00000
2002	 4	25	24	0.00000	0.00000	0.00000
2002	 4	26	24	1.31827	1.33307	1.32349
2002	 4	27	24	1.00749	0.91365	0.97435
2002	 4	28	24	0.67094	1.05354	0.80604
2002	 4	29	24	0.53447	1.12477	0.74291
2002	 4	30	24	0.00000	0.00000	0.00000
2002	 5	 1	24	0.08313	0.31425	0.16474
2002	 5	 2	24	0.86444	0.84428	0.85732
2002	 5	 3	24	0.18005	0.01079	0.12028
2002	 5	 4	24	0.41990	0.25866	0.36296
2002	 5	 5	24	0.22179	0.25974	0.23519
2002	 5	 6	24	0.62565	0.71589	0.65751
2002	 5	 7	24	0.89574	0.90665	0.89959
2002	 5	 8	24	0.63661	0.61052	0.62739
2002	 5	 9	24	0.00000	0.00000	0.00000
2002	 5	10	24	0.32798	0.05638	0.23208
2002	 5	11	24	0.96455	0.65349	0.85471
2002	 5	12	24	0.62246	0.66992	0.63921
2002	 5	13	24	0.88882	1.01630	0.93383
2002	 5	14	24	1.14488	1.43239	1.24641
2002	 5	15	24	0.56894	0.00000	0.36804
2002	 5	16	24	0.00000	0.00000	0.00000
2002	 5	17	24	0.00000	0.00000	0.00000
2002	 5	18	24	0.00000	0.00000	0.00000
2002	 5	19	24	0.74473	0.62659	0.70301
2002	 5	20	24	1.23697	1.11900	1.19531
2002	 5	21	24	0.09115	0.00000	0.05896
2002	 5	22	24	0.00000	0.00000	0.00000
2002	 5	23	24	2.13969	2.06027	2.11164
2002	 5	24	24	0.28120	0.30178	0.28847
2002	 5	25	24	1.38148	1.26539	1.34049
2002	 5	26	24	0.16116	0.19069	0.17159
2002	 5	27	24	1.71475	1.61574	1.67979
2002	 5	28	24	0.19139	0.22758	0.20417
2002	 5	29	24	2.23610	2.27012	2.24811
2002	 5	30	24	0.71076	0.64457	0.68739
2002	 5	31	24	0.00000	0.00000	0.00000
2002	 6	 1	24	0.00000	0.00000	0.00000
2002	 6	 2	24	0.00000	0.00000	0.00000
2002	 6	 3	24	0.00000	0.00000	0.00000
2002	 6	 4	24	0.00000	0.00000	0.00000
2002	 6	 5	24	2.37714	2.46413	2.40786
2002	 6	 6	24	0.40988	0.28344	0.36523
2002	 6	 7	24	0.23049	0.25834	0.24033
2002	 6	 8	24	0.17005	0.21948	0.18751
2002	 6	 9	24	0.82531	0.83356	0.82822
2002	 6	10	24	1.36539	1.19701	1.30593
2002	 6	11	24	1.30352	1.30839	1.30524
2002	 6	12	24	0.09495	0.00000	0.06142
2002	 6	13	24	2.37670	2.40269	2.38588
2002	 6	14	24	0.98584	0.90251	0.95642
2002	 6	15	24	1.81286	1.67850	1.76542
2002	 6	16	24	1.39346	1.62676	1.47584
2002	 6	17	24	0.06315	0.00000	0.04085
2002	 6	18	24	0.00000	0.00000	0.00000
2002	 6	19	24	0.06795	0.00000	0.04395
2002	 6	20	24	2.94408	3.14233	3.01408
2002	 6	21	24	1.58535	1.65648	1.61047
2002	 6	22	24	1.31262	1.10836	1.24049
2002	 6	23	24	1.55852	1.67673	1.60026
2002	 6	24	24	0.00000	0.00000	0.00000
2002	 6	25	24	0.00000	0.00000	0.00000
2002	 6	26	24	0.00000	0.00000	0.00000
2002	 6	27	24	0.00308	0.00000	0.00199
2002	 6	28	24	0.47785	0.69307	0.55385
2002	 6	29	24	0.10550	0.00000	0.06825
2002	 6	30	24	0.00000	0.00000	0.00000
2002	 7	 1	24	1.07710	1.53644	1.23930
2002	 7	 2	24	0.87401	0.51179	0.74611
2002	 7	 3	24	2.59952	2.50412	2.56583
2002	 7	 4	24	1.10108	1.05001	1.08304
2002	 7	 5	24	0.20404	0.19404	0.20051
2002	 7	 6	24	2.99170	3.15319	3.04872
2002	 7	 7	24	0.07974	0.12718	0.09649
2002	 7	 8	24	0.00000	0.00000	0.00000
2002	 7	 9	24	0.00000	0.00000	0.00000
2002	 7	10	24	2.90015	2.42727	2.73317
2002	 7	11	24	0.04650	0.00000	0.03008
2002	 7	12	24	0.00000	0.00000	0.00000
2002	 7	13	24	2.80895	3.03938	2.89032
2002	 7	14	24	0.28351	0.27311	0.27984
2002	 7	15	24	0.07599	0.00000	0.04916
2002	 7	16	24	0.54936	0.67450	0.59355
2002	 7	17	24	0.32630	0.40290	0.35335
2002	 7	18	24	0.49949	0.45658	0.48434
2002	 7	19	24	1.44421	1.28868	1.38929
2002	 7	20	24	0.79149	1.05522	0.88462
2002	 7	21	24	1.20283	2.24230	1.56988
2002	 7	22	24	0.00248	0.00000	0.00160
2002	 7	23	24	0.00000	0.00000	0.00000
2002	 7	24	24	0.36406	0.57207	0.43751
2002	 7	25	24	0.32943	0.10546	0.25034
2002	 7	26	24	0.89730	0.76833	0.85176
2002	 7	27	24	0.20130	0.41691	0.27743
2002	 7	28	24	0.00000	0.00000	0.00000
2002	 7	29	24	0.00000	0.00000	0.00000
2002	 7	30	24	0.00000	0.00000	0.00000
2002	 7	31	24	1.75917	1.91799	1.81525
2002	 8	 1	24	1.91437	2.11353	1.98470
2002	 8	 2	24	1.00963	1.07098	1.03129
2002	 8	 3	24	0.14547	0.01787	0.10041
2002	 8	 4	24	2.09259	2.19201	2.12769
2002	 8	 5	24	1.37936	1.49444	1.42000
2002	 8	 6	24	2.01670	2.00432	2.01233
2002	 8	 7	24	1.08835	1.28492	1.15776
2002	 8	 8	24	1.42245	1.46546	1.43764
2002	 8	 9	24	1.58695	1.84669	1.67867
2002	 8	10	24	0.05160	0.00000	0.03338
2002	 8	11	24	1.44622	1.19764	1.35845
2002	 8	12	24	0.03163	0.04873	0.03767
2002	 8	13	24	0.11370	0.05228	0.09201
2002	 8	14	24	0.21998	0.24869	0.23012
2002	 8	15	24	1.58535	1.57465	1.58157
2002	 8	16	24	1.27366	1.40342	1.31948
2002	 8	17	24	1.91729	1.46795	1.75862
2002	 8	18	24	2.31643	0.10132	1.53425
2002	 8	19	24	0.12450	0.00000	0.08054
2002	 8	20	24	0.00000	0.00000	0.00000
2002	 8	21	24	0.37343	1.60126	0.80699
2002	 8	22	24	0.13065	0.00358	0.08578
2002	 8	23	24	0.00000	0.00000	0.00000
2002	 8	24	24	0.00000	0.00000	0.00000
2002	 8	25	24	0.00000	0.00000	0.00000
2002	 8	26	24	0.00000	0.00000	0.00000
2002	 8	27	24	0.00000	0.00000	0.00000
2002	 8	28	24	0.00000	0.00000	0.00000
2002	 8	29	24	0.02667	0.00000	0.01725
2002	 8	30	24	0.00000	0.00000	0.00000
2002	 8	31	24	1.84562	1.84449	1.84522
2002	 9	 1	24	0.87627	1.06818	0.94404
2002	 9	 2	24	0.59283	1.40053	0.87804
2002	 9	 3	24	0.00000	0.00000	0.00000
2002	 9	 4	24	0.00000	0.00000	0.00000
2002	 9	 5	24	1.28409	1.15761	1.23943
2002	 9	 6	24	1.10418	1.38325	1.20273
2002	 9	 7	24	0.54565	0.48140	0.52296
2002	 9	 8	24	0.00000	0.00000	0.00000
2002	 9	 9	24	0.00000	0.00000	0.00000
2002	 9	10	24	1.99828	2.13932	2.04808
2002	 9	11	24	0.46098	0.52936	0.48513
2002	 9	12	24	0.22209	0.14729	0.19567
2002	 9	13	24	0.00000	0.00000	0.00000
2002	 9	14	24	1.01378	1.04662	1.02538
2002	 9	15	24	0.37234	0.37260	0.37243
2002	 9	16	24	0.78978	0.74790	0.77499
2002	 9	17	24	0.30431	0.25743	0.28776
2002	 9	18	24	0.71861	0.70520	0.71388
2002	 9	19	24	0.85209	0.83869	0.84736
2002	 9	20	24	0.41382	0.53770	0.45756
2002	 9	21	24	0.36049	0.53501	0.42211
2002	 9	22	24	0.50973	0.48114	0.49963
2002	 9	23	24	0.10239	0.16304	0.12381
2002	 9	24	24	0.72881	0.56829	0.67213
2002	 9	25	24	0.51960	0.36866	0.46630
2002	 9	26	24	0.05873	0.06222	0.05996
2002	 9	27	24	0.31867	0.36154	0.33381
2002	 9	28	24	0.73612	0.68840	0.71927
2002	 9	29	24	0.40626	0.40302	0.40512
2002	 9	30	24	0.42239	0.36715	0.40288
2002	10	 1	24	0.17741	0.30958	0.22408
2002	10	 2	24	0.00000	0.00000	0.00000
2002	10	 3	24	0.98505	0.94781	0.97190
2002	10	 4	24	0.46563	0.38783	0.43816
2002	10	 5	24	0.57838	0.49634	0.54941
2002	10	 6	24	0.13379	0.13649	0.13475
2002	10	 7	24	0.14610	0.15287	0.14849
2002	10	 8	24	0.11743	0.07443	0.10225
2002	10	 9	24	0.16219	0.12265	0.14822
2002	10	10	24	0.18840	0.10068	0.15743
2002	10	11	24	0.36711	0.23986	0.32218
2002	10	12	24	0.11019	0.10918	0.10984
2002	10	13	24	0.02771	0.01776	0.02419
2002	10	14	24	0.21718	0.09818	0.17516
2002	10	15	24	0.75146	0.47156	0.65262
2002	10	16	24	0.24947	0.13114	0.20768
2002	10	17	24	0.41096	0.19931	0.33622
2002	10	18	24	0.41254	0.23899	0.35126
2002	10	19	24	0.20363	0.10610	0.16919
2002	10	20	24	0.50604	0.41140	0.47262
2002	10	21	24	0.39985	0.11445	0.29907
2002	10	22	24	0.17879	0.08633	0.14614
2002	10	23	24	0.71023	0.39229	0.59796
2002	10	24	24	0.50926	0.33620	0.44815
2002	10	25	24	0.30273	0.08809	0.22694
2002	10	26	24	0.80134	0.66842	0.75440
2002	10	27	24	0.56113	0.31750	0.47510
2002	10	28	24	0.33182	0.19527	0.28360
2002	10	29	24	0.43604	0.25810	0.37321
2002	10	30	24	0.14981	0.04397	0.11244
2002	10	31	24	0.39683	0.23346	0.33914
2002	11	 1	24	0.35839	0.22504	0.31130
2002	11	 2	24	0.02580	0.00845	0.01967
2002	11	 3	24	0.03305	0.00000	0.02138
2002	11	 4	24	0.00048	0.00000	0.00031
2002	11	 5	24	0.09765	0.00000	0.06317
2002	11	 6	24	0.18136	0.00000	0.11732
2002	11	 7	24	0.14017	0.00000	0.09068
2002	11	 8	24	0.03858	0.00000	0.02496
2002	11	 9	24	0.05840	0.00000	0.03778
2002	11	10	24	0.02415	0.00000	0.01562
2002	11	11	24	0.04669	0.00000	0.03020
2002	11	12	24	0.18513	0.00000	0.11976
2002	11	13	24	0.46081	0.00000	0.29810
2002	11	14	24	0.46936	0.00000	0.30362
2002	11	15	24	0.35497	0.00000	0.22963
2002	11	16	24	0.31645	0.00022	0.20479
2002	11	17	24	0.20851	0.02386	0.14331
2002	11	18	24	0.48942	0.06320	0.33892
2002	11	19	24	0.00000	0.00000	0.00000
2002	11	20	24	0.05231	0.03088	0.04474
2002	11	21	24	0.15446	0.03559	0.11248
2002	11	22	24	0.09338	0.01128	0.06439
2002	11	23	24	0.01286	0.00000	0.00832
2002	11	24	24	0.38496	0.07710	0.27625
2002	11	25	24	0.29623	0.04389	0.20713
2002	11	26	24	0.21987	0.07734	0.16954
2002	11	27	24	0.01316	0.00018	0.00857
2002	11	28	24	0.09330	0.00249	0.06123
2002	11	29	24	0.12898	0.01467	0.08862
2002	11	30	24	0.00000	0.00000	0.00000
2002	12	 1	24	0.03588	0.01210	0.02748
2002	12	 2	24	0.07245	0.00078	0.04715
2002	12	 3	24	0.01538	0.00045	0.01011
2002	12	 4	24	0.00174	0.00339	0.00232
2002	12	 5	24	0.00601	0.01598	0.00953
2002	12	 6	24	0.00148	0.00000	0.00096
2002	12	 7	24	0.01907	0.00000	0.01233
2002	12	 8	24	0.09460	0.00000	0.06119
2002	12	 9	24	0.10474	0.00000	0.06775
2002	12	10	24	0.20079	0.00000	0.12989
2002	12	11	24	0.38203	0.00502	0.24890
2002	12	12	24	0.11238	0.00000	0.07270
2002	12	13	24	0.09999	0.00000	0.06468
2002	12	14	24	0.02954	0.00000	0.01911
2002	12	15	24	0.00000	0.00000	0.00000
2002	12	16	24	0.00000	0.00000	0.00000
2002	12	17	24	0.00000	0.00000	0.00000
2002	12	18	24	0.00000	0.00000	0.00000
2002	12	19	24	0.00000	0.00000	0.00000
2002	12	20	24	0.00000	0.00000	0.00000
2002	12	21	24	0.00083	0.00000	0.00054
2002	12	22	24	0.00000	0.00000	0.00000
2002	12	23	24	0.00000	0.00000	0.00000
2002	12	24	24	0.00000	0.00000	0.00000
2002	12	25	24	0.00000	0.00000	0.00000
2002	12	26	24	0.00000	0.00000	0.00000
2002	12	27	24	0.00000	0.00000	0.00000
2002	12	28	24	0.00000	0.00000	0.00000
2002	12	29	24	0.00001	0.00000	0.00001
2002	12	30	24	0.00000	0.00000	0.00000
2002	12	31	24	0.00000	0.00000	0.00000
2003	 1	 1	24	0.00000	0.00000	0.00000
2003	 1	 2	24	0.00831	0.00000	0.00538
2003	 1	 3	24	0.04546	0.00000	0.02941
2003	 1	 4	24	0.00000	0.00000	0.00000
2003	 1	 5	24	0.00000	0.00000	0.00000
2003	 1	 6	24	0.00000	0.00000	0.00000
2003	 1	 7	24	0.00000	0.00000	0.00000
2003	 1	 8	24	0.00000	0.00000	0.00000
2003	 1	 9	24	0.00000	0.00000	0.00000
2003	 1	10	24	0.00000	0.00000	0.00000
2003	 1	11	24	0.00000	0.00000	0.00000
2003	 1	12	24	0.00000	0.00000	0.00000
2003	 1	13	24	0.00000	0.00000	0.00000
2003	 1	14	24	0.00000	0.00000	0.00000
2003	 1	15	24	0.00000	0.00000	0.00000
2003	 1	16	24	0.03094	0.00000	0.02001
2003	 1	17	24	0.12387	0.00000	0.08013
2003	 1	18	24	0.17237	0.00000	0.11150
2003	 1	19	24	0.13808	0.00000	0.08932
2003	 1	20	24	0.16268	0.00000	0.10524
2003	 1	21	24	0.19940	0.00000	0.12899
2003	 1	22	24	0.19751	0.00000	0.12777
2003	 1	23	24	0.08489	0.00000	0.05491
2003	 1	24	24	0.00412	0.00000	0.00267
2003	 1	25	24	0.05815	0.00000	0.03762
2003	 1	26	24	0.05174	0.00000	0.03347
2003	 1	27	24	0.04231	0.00000	0.02737
2003	 1	28	24	0.11149	0.00000	0.07212
2003	 1	29	24	0.00863	0.00000	0.00558
2003	 1	30	24	0.00000	0.00000	0.00000
2003	 1	31	24	0.00000	0.00000	0.00000
2003	 2	 1	24	0.00000	0.00000	0.00000
2003	 2	 2	24	0.00000	0.00000	0.00000
2003	 2	 3	24	0.00000	0.00000	0.00000
2003	 2	 4	24	0.00000	0.00000	0.00000
2003	 2	 5	24	0.00000	0.00000	0.00000
2003	 2	 6	24	0.00000	0.00000	0.00000
2003	 2	 7	24	0.00000	0.00000	0.00000
2003	 2	 8	24	0.00000	0.00000	0.00000
2003	 2	 9	24	0.00000	0.00000	0.00000
2003	 2	10	24	0.00000	0.00000	0.00000
2003	 2	11	24	0.00000	0.00000	0.00000
2003	 2	12	24	0.03512	0.00000	0.02272
2003	 2	13	24	0.23224	0.00000	0.15023
2003	 2	14	24	0.24023	0.00000	0.15541
2003	 2	15	24	0.00000	0.00000	0.00000
2003	 2	16	24	0.00000	0.00000	0.00000
2003	 2	17	24	0.00000	0.00000	0.00000
2003	 2	18	24	0.00000	0.00000	0.00000
2003	 2	19	24	0.00000	0.00000	0.00000
2003	 2	20	24	0.00000	0.00000	0.00000
2003	 2	21	24	0.34474	0.00000	0.22301
2003	 2	22	24	0.27532	0.00000	0.17810
2003	 2	23	24	0.45667	0.00000	0.29542
2003	 2	24	24	0.15389	0.00000	0.09955
2003	 2	25	24	0.05500	0.00000	0.03558
2003	 2	26	24	0.02989	0.00000	0.01933
2003	 2	27	24	0.06382	0.00000	0.04129
2003	 2	28	24	0.08103	0.00000	0.05242
2003	 3	 1	24	0.05510	0.00035	0.03577
2003	 3	 2	24	0.14376	0.00035	0.09312
2003	 3	 3	24	0.12091	0.00091	0.07854
2003	 3	 4	24	0.10014	0.00165	0.06536
2003	 3	 5	24	0.20965	0.00318	0.13674
2003	 3	 6	24	0.64777	0.00000	0.41903
2003	 3	 7	24	0.07980	0.00000	0.05162
2003	 3	 8	24	0.51885	0.00211	0.33639
2003	 3	 9	24	0.22652	0.00367	0.14783
2003	 3	10	24	1.31754	0.15448	0.90685
2003	 3	11	24	1.23377	0.61195	1.01420
2003	 3	12	24	0.23583	0.10642	0.19014
2003	 3	13	24	0.65839	0.35343	0.55071
2003	 3	14	24	0.14614	0.07819	0.12214
2003	 3	15	24	0.42138	0.21844	0.34972
2003	 3	16	24	0.43795	0.42605	0.43375
2003	 3	17	24	0.24817	0.22823	0.24113
2003	 3	18	24	0.22411	0.37428	0.27713
2003	 3	19	24	0.03238	0.30803	0.12972
2003	 3	20	24	0.00000	0.01103	0.00389
2003	 3	21	24	0.00000	0.07695	0.02717
2003	 3	22	24	0.00000	0.00683	0.00241
2003	 3	23	24	0.00000	0.00000	0.00000
2003	 3	24	24	0.00000	0.00000	0.00000
2003	 3	25	24	0.02729	0.15407	0.07206
2003	 3	26	24	0.00000	0.00000	0.00000
2003	 3	27	24	0.57404	0.49678	0.54676
2003	 3	28	24	0.00000	0.00000	0.00000
2003	 3	29	24	0.00000	0.00000	0.00000
2003	 3	30	24	0.00000	0.00000	0.00000
2003	 3	31	24	0.00000	0.00000	0.00000
2003	 4	 1	24	1.23073	0.83506	1.09102
2003	 4	 2	24	0.51223	0.40672	0.47497
2003	 4	 3	24	0.30894	0.22672	0.27991
2003	 4	 4	24	1.04386	1.00850	1.03138
2003	 4	 5	24	0.57715	0.39260	0.51198
2003	 4	 6	24	0.40979	0.00000	0.26509
2003	 4	 7	24	0.00003	0.00000	0.00002
2003	 4	 8	24	0.16718	0.00000	0.10814
2003	 4	 9	24	0.57095	0.00000	0.36934
2003	 4	10	24	1.10127	0.00000	0.71240
2003	 4	11	24	0.49953	0.00031	0.32325
2003	 4	12	24	0.50817	1.31669	0.79367
2003	 4	13	24	0.10857	0.76382	0.33995
2003	 4	14	24	0.00000	0.00000	0.00000
2003	 4	15	24	0.00000	0.00000	0.00000
2003	 4	16	24	0.00000	0.00000	0.00000
2003	 4	17	24	0.00000	0.00000	0.00000
2003	 4	18	24	0.27156	0.00000	0.17567
2003	 4	19	24	0.17520	0.14705	0.16526
2003	 4	20	24	1.76113	1.92486	1.81894
2003	 4	21	24	0.00033	0.00888	0.00335
2003	 4	22	24	0.00000	0.00000	0.00000
2003	 4	23	24	0.00000	0.00000	0.00000
2003	 4	24	24	0.00000	0.00000	0.00000
2003	 4	25	24	0.00000	0.00000	0.00000
2003	 4	26	24	1.79326	1.99744	1.86536
2003	 4	27	24	1.07713	0.82436	0.98787
2003	 4	28	24	0.19649	0.00000	0.12711
2003	 4	29	24	0.00000	0.00000	0.00000
2003	 4	30	24	0.00000	0.00000	0.00000
2003	 5	 1	24	0.00000	0.00000	0.00000
2003	 5	 2	24	0.00000	0.00000	0.00000
2003	 5	 3	24	0.00000	0.00000	0.00000
2003	 5	 4	24	0.00000	0.00000	0.00000
2003	 5	 5	24	0.00000	0.00000	0.00000
2003	 5	 6	24	0.00000	0.00000	0.00000
2003	 5	 7	24	0.00000	0.00000	0.00000
2003	 5	 8	24	2.21792	2.29467	2.24502
2003	 5	 9	24	0.90552	0.91671	0.90947
2003	 5	10	24	0.44439	0.45048	0.44654
2003	 5	11	24	0.34883	0.60929	0.44080
2003	 5	12	24	1.10039	1.32936	1.18124
2003	 5	13	24	0.97291	0.57567	0.83264
2003	 5	14	24	0.81129	0.99350	0.87563
2003	 5	15	24	0.95824	0.86949	0.92690
2003	 5	16	24	0.27354	1.09939	0.56516
2003	 5	17	24	1.31774	0.92362	1.17857
2003	 5	18	24	1.54908	1.48435	1.52622
2003	 5	19	24	1.08572	1.10050	1.09094
2003	 5	20	24	1.03967	1.17629	1.08791
2003	 5	21	24	0.51648	0.93864	0.66555
2003	 5	22	24	0.00000	0.00000	0.00000
2003	 5	23	24	0.00000	0.00000	0.00000
2003	 5	24	24	0.00000	0.00000	0.00000
2003	 5	25	24	0.04568	0.00000	0.02955
2003	 5	26	24	0.52532	0.46111	0.50265
2003	 5	27	24	1.03317	1.02669	1.03088
2003	 5	28	24	1.19873	1.36133	1.25615
2003	 5	29	24	0.00000	0.00000	0.00000
2003	 5	30	24	0.33788	0.00000	0.21857
2003	 5	31	24	1.01710	1.16898	1.07073
2003	 6	 1	24	0.00000	0.00000	0.00000
2003	 6	 2	24	0.00000	0.00000	0.00000
2003	 6	 3	24	0.00000	0.00000	0.00000
2003	 6	 4	24	0.00000	0.00000	0.00000
2003	 6	 5	24	2.88792	0.94441	2.20165
2003	 6	 6	24	0.19014	0.00000	0.12300
2003	 6	 7	24	0.00000	0.00000	0.00000
2003	 6	 8	24	0.94729	2.39484	1.45843
2003	 6	 9	24	0.00000	0.00000	0.00000
2003	 6	10	24	0.00400	0.12840	0.04793
2003	 6	11	24	0.09977	0.00000	0.06454
2003	 6	12	24	3.12996	3.31278	3.19451
2003	 6	13	24	0.00000	0.00000	0.00000
2003	 6	14	24	0.00000	0.00000	0.00000
2003	 6	15	24	0.00000	0.00000	0.00000
2003	 6	16	24	0.00000	0.00000	0.00000
2003	 6	17	24	0.00000	0.00000	0.00000
2003	 6	18	24	1.83332	1.55069	1.73352
2003	 6	19	24	0.98796	0.80565	0.92358
2003	 6	20	24	1.57901	2.22545	1.80728
2003	 6	21	24	0.13506	0.03284	0.09896
2003	 6	22	24	0.00000	0.00000	0.00000
2003	 6	23	24	2.65082	3.31274	2.88455
2003	 6	24	24	0.00000	0.00000	0.00000
2003	 6	25	24	0.00000	0.00000	0.00000
2003	 6	26	24	0.00000	0.00000	0.00000
2003	 6	27	24	0.00000	0.00000	0.00000
2003	 6	28	24	0.00000	0.00000	0.00000
2003	 6	29	24	0.86514	0.83014	0.85278
2003	 6	30	24	2.98136	3.31266	3.09835
2003	 7	 1	24	0.33046	0.20591	0.28648
2003	 7	 2	24	2.44741	2.20086	2.36035
2003	 7	 3	24	1.69984	1.36361	1.58111
2003	 7	 4	24	1.74000	1.34945	1.60210
2003	 7	 5	24	0.27911	0.29083	0.28325
2003	 7	 6	24	0.79995	0.71232	0.76901
2003	 7	 7	24	1.23191	1.63427	1.37399
2003	 7	 8	24	0.64430	0.96593	0.75787
2003	 7	 9	24	1.99070	1.30436	1.74834
2003	 7	10	24	0.11272	0.00000	0.07292
2003	 7	11	24	0.14355	0.27357	0.18946
2003	 7	12	24	0.04874	0.00000	0.03153
2003	 7	13	24	0.00000	0.00000	0.00000
2003	 7	14	24	0.00000	0.00000	0.00000
2003	 7	15	24	0.00000	0.00000	0.00000
2003	 7	16	24	0.10099	0.00000	0.06533
2003	 7	17	24	2.40275	2.56795	2.46109
2003	 7	18	24	0.68433	0.74395	0.70538
2003	 7	19	24	0.00000	0.00000	0.00000
2003	 7	20	24	0.00000	0.00000	0.00000
2003	 7	21	24	1.01146	1.46288	1.17086
2003	 7	22	24	0.23130	0.14760	0.20174
2003	 7	23	24	1.97176	2.02744	1.99142
2003	 7	24	24	3.07915	3.31235	3.16149
2003	 7	25	24	0.06458	0.00000	0.04178
2003	 7	26	24	0.43837	1.50247	0.81412
2003	 7	27	24	3.07552	3.31231	3.15913
2003	 7	28	24	1.27649	1.58605	1.38580
2003	 7	29	24	1.53349	1.25345	1.43460
2003	 7	30	24	0.29726	0.00000	0.19230
2003	 7	31	24	0.15018	0.01602	0.10281
2003	 8	 1	24	0.74153	0.00701	0.48216
2003	 8	 2	24	0.00000	0.00000	0.00000
2003	 8	 3	24	0.00000	0.00000	0.00000
2003	 8	 4	24	0.00000	0.00000	0.00000
2003	 8	 5	24	0.00000	0.00000	0.00000
2003	 8	 6	24	0.00000	0.00000	0.00000
2003	 8	 7	24	0.00000	0.00000	0.00000
2003	 8	 8	24	0.00000	0.00000	0.00000
2003	 8	 9	24	0.00000	0.00000	0.00000
2003	 8	10	24	0.00000	0.00000	0.00000
2003	 8	11	24	0.00000	0.00000	0.00000
2003	 8	12	24	0.00000	0.00000	0.00000
2003	 8	13	24	2.66590	3.27268	2.88016
2003	 8	14	24	1.26765	0.61646	1.03771
2003	 8	15	24	0.00000	0.00000	0.00000
2003	 8	16	24	0.00000	0.00000	0.00000
2003	 8	17	24	0.00000	0.00000	0.00000
2003	 8	18	24	0.60077	0.59914	0.60019
2003	 8	19	24	1.58211	1.82486	1.66783
2003	 8	20	24	0.17420	0.51871	0.29585
2003	 8	21	24	0.00000	0.00000	0.00000
2003	 8	22	24	0.00000	0.00000	0.00000
2003	 8	23	24	0.49296	0.46247	0.48219
2003	 8	24	24	0.00000	0.00000	0.00000
2003	 8	25	24	0.00000	0.00000	0.00000
2003	 8	26	24	0.00000	0.00000	0.00000
2003	 8	27	24	0.00000	0.00000	0.00000
2003	 8	28	24	1.08206	1.07632	1.08003
2003	 8	29	24	2.14724	1.97292	2.08568
2003	 8	30	24	0.69375	0.20905	0.52260
2003	 8	31	24	1.23178	0.83713	1.09242
2003	 9	 1	24	1.56535	1.68326	1.60698
2003	 9	 2	24	1.08633	1.34152	1.17644
2003	 9	 3	24	1.24216	0.84576	1.10219
2003	 9	 4	24	0.00384	0.00000	0.00248
2003	 9	 5	24	0.00000	0.00000	0.00000
2003	 9	 6	24	0.00000	0.00000	0.00000
2003	 9	 7	24	0.00000	0.00000	0.00000
2003	 9	 8	24	0.00000	0.00000	0.00000
2003	 9	 9	24	1.15745	1.03940	1.11576
2003	 9	10	24	1.30502	1.33347	1.31506
2003	 9	11	24	0.41927	0.36693	0.40079
2003	 9	12	24	0.62583	0.80195	0.68802
2003	 9	13	24	0.56889	0.65634	0.59977
2003	 9	14	24	0.62733	0.65762	0.63803
2003	 9	15	24	1.46308	1.38878	1.43685
2003	 9	16	24	0.00053	0.00000	0.00034
2003	 9	17	24	0.00000	0.00000	0.00000
2003	 9	18	24	0.00000	0.00000	0.00000
2003	 9	19	24	0.00000	0.00000	0.00000
2003	 9	20	24	0.00000	0.00000	0.00000
2003	 9	21	24	0.00000	0.00000	0.00000
2003	 9	22	24	0.00000	0.00000	0.00000
2003	 9	23	24	0.67463	0.26369	0.52952
2003	 9	24	24	0.00195	0.00000	0.00126
2003	 9	25	24	0.00000	0.00000	0.00000
2003	 9	26	24	0.00000	0.00000	0.00000
2003	 9	27	24	0.00000	0.00000	0.00000
2003	 9	28	24	1.36163	1.41430	1.38023
2003	 9	29	24	0.70143	0.77155	0.72619
2003	 9	30	24	0.01225	0.15218	0.06166
2003	10	 1	24	0.00000	0.00000	0.00000
2003	10	 2	24	0.27639	0.08437	0.20859
2003	10	 3	24	0.41921	0.34414	0.39270
2003	10	 4	24	0.71912	0.65566	0.69672
2003	10	 5	24	0.16127	0.12975	0.15014
2003	10	 6	24	0.68854	0.59739	0.65635
2003	10	 7	24	0.31993	0.20697	0.28004
2003	10	 8	24	0.09228	0.07197	0.08511
2003	10	 9	24	0.26323	0.20751	0.24356
2003	10	10	24	0.14988	0.03316	0.10866
2003	10	11	24	0.78989	0.59357	0.72057
2003	10	12	24	0.55836	0.68579	0.60336
2003	10	13	24	0.40501	0.47795	0.43077
2003	10	14	24	0.34528	0.34671	0.34578
2003	10	15	24	0.35925	0.29432	0.33633
2003	10	16	24	0.13062	0.10837	0.12276
2003	10	17	24	0.00491	0.00037	0.00331
2003	10	18	24	0.00000	0.00000	0.00000
2003	10	19	24	0.00000	0.00000	0.00000
2003	10	20	24	0.00000	0.00000	0.00000
2003	10	21	24	0.00129	0.00000	0.00083
2003	10	22	24	0.01008	0.00000	0.00652
2003	10	23	24	0.23704	0.00000	0.15334
2003	10	24	24	0.15755	0.00000	0.10192
2003	10	25	24	0.52957	0.00702	0.34505
2003	10	26	24	0.05368	0.01415	0.03972
2003	10	27	24	0.12612	0.15593	0.13664
2003	10	28	24	0.49340	0.30086	0.42541
2003	10	29	24	0.31175	0.00000	0.20167
2003	10	30	24	0.14898	0.00000	0.09637
2003	10	31	24	0.47859	0.19503	0.37846
2003	11	 1	24	0.32678	0.11594	0.25233
2003	11	 2	24	0.46671	0.53107	0.48944
2003	11	 3	24	0.62891	0.28593	0.50780
2003	11	 4	24	0.47968	0.53672	0.49982
2003	11	 5	24	0.33933	0.44301	0.37594
2003	11	 6	24	0.16851	0.32625	0.22421
2003	11	 7	24	0.00236	0.00538	0.00343
2003	11	 8	24	0.05085	0.13879	0.08190
2003	11	 9	24	0.04262	0.30443	0.13507
2003	11	10	24	0.00120	0.01939	0.00763
2003	11	11	24	0.00041	0.01053	0.00398
2003	11	12	24	0.00010	0.00633	0.00230
2003	11	13	24	0.00000	0.00123	0.00043
2003	11	14	24	0.04072	0.00131	0.02680
2003	11	15	24	0.00074	0.00032	0.00059
2003	11	16	24	0.18344	0.02559	0.12770
2003	11	17	24	0.04067	0.00000	0.02631
2003	11	18	24	0.06694	0.00014	0.04335
2003	11	19	24	0.22430	0.06376	0.16761
2003	11	20	24	0.26332	0.06730	0.19410
2003	11	21	24	0.81119	0.58930	0.73284
2003	11	22	24	0.35968	0.26194	0.32516
2003	11	23	24	0.10190	0.06313	0.08821
2003	11	24	24	0.04785	0.11658	0.07212
2003	11	25	24	0.29888	0.15916	0.24954
2003	11	26	24	0.16509	0.02522	0.11570
2003	11	27	24	0.06000	0.02365	0.04716
2003	11	28	24	0.00000	0.00000	0.00000
2003	11	29	24	0.00000	0.00000	0.00000
2003	11	30	24	0.08106	0.01058	0.05617
2003	12	 1	24	0.20040	0.01215	0.13393
2003	12	 2	24	0.14652	0.01149	0.09884
2003	12	 3	24	0.08357	0.01274	0.05856
2003	12	 4	24	0.03869	0.00000	0.02503
2003	12	 5	24	0.00880	0.00000	0.00569
2003	12	 6	24	0.25326	0.00000	0.16383
2003	12	 7	24	0.06845	0.00000	0.04428
2003	12	 8	24	0.71866	0.00000	0.46489
2003	12	 9	24	0.65548	0.14385	0.47482
2003	12	10	24	0.10131	0.10487	0.10257
2003	12	11	24	0.74573	0.07361	0.50840
2003	12	12	24	0.06386	0.00000	0.04131
2003	12	13	24	0.08324	0.00024	0.05393
2003	12	14	24	0.08832	0.00508	0.05893
2003	12	15	24	0.00000	0.00000	0.00000
2003	12	16	24	0.00000	0.00000	0.00000
2003	12	17	24	0.00000	0.00000	0.00000
2003	12	18	24	0.19704	0.00000	0.12746
2003	12	19	24	0.43369	0.00033	0.28067
2003	12	20	24	0.08487	0.00527	0.05676
2003	12	21	24	0.42647	0.19195	0.34366
2003	12	22	24	0.00000	0.00000	0.00000
2003	12	23	24	0.00000	0.00000	0.00000
2003	12	24	24	0.11140	0.00000	0.07207
2003	12	25	24	0.53710	0.00000	0.34744
2003	12	26	24	0.15470	0.00000	0.10007
2003	12	27	24	0.35052	0.00000	0.22675
2003	12	28	24	0.20304	0.00000	0.13134
2003	12	29	24	0.07605	0.00000	0.04920
2003	12	30	24	0.06797	0.00000	0.04397
2003	12	31	24	0.00000	0.00000	0.00000
2004	 1	 1	24	0.01288	0.00000	0.00833
2004	 1	 2	24	0.00000	0.00000	0.00000
2004	 1	 3	24	0.00000	0.00000	0.00000
2004	 1	 4	24	0.00000	0.00000	0.00000
2004	 1	 5	24	0.00000	0.00000	0.00000
2004	 1	 6	24	0.00000	0.00000	0.00000
2004	 1	 7	24	0.00000	0.00000	0.00000
2004	 1	 8	24	0.00000	0.00000	0.00000
2004	 1	 9	24	0.00000	0.00000	0.00000
2004	 1	10	24	0.00000	0.00000	0.00000
2004	 1	11	24	0.00000	0.00000	0.00000
2004	 1	12	24	0.00000	0.00000	0.00000
2004	 1	13	24	0.00000	0.00000	0.00000
2004	 1	14	24	0.00000	0.00000	0.00000
2004	 1	15	24	0.00000	0.00000	0.00000
2004	 1	16	24	0.00000	0.00000	0.00000
2004	 1	17	24	0.00000	0.00000	0.00000
2004	 1	18	24	0.00000	0.00000	0.00000
2004	 1	19	24	0.00000	0.00000	0.00000
2004	 1	20	24	0.00000	0.00000	0.00000
2004	 1	21	24	0.00000	0.00000	0.00000
2004	 1	22	24	0.00000	0.00000	0.00000
2004	 1	23	24	0.00000	0.00000	0.00000
2004	 1	24	24	0.00000	0.00000	0.00000
2004	 1	25	24	0.00000	0.00000	0.00000
2004	 1	26	24	0.00000	0.00000	0.00000
2004	 1	27	24	0.00000	0.00000	0.00000
2004	 1	28	24	0.00000	0.00000	0.00000
2004	 1	29	24	0.00000	0.00000	0.00000
2004	 1	30	24	0.00000	0.00000	0.00000
2004	 1	31	24	0.00000	0.00000	0.00000
2004	 2	 1	24	0.00000	0.00000	0.00000
2004	 2	 2	24	0.00000	0.00000	0.00000
2004	 2	 3	24	0.00048	0.00000	0.00031
2004	 2	 4	24	0.59239	0.00000	0.38321
2004	 2	 5	24	0.48222	0.00000	0.31195
2004	 2	 6	24	0.46292	0.00000	0.29946
2004	 2	 7	24	0.76296	0.00000	0.49355
2004	 2	 8	24	0.25595	0.00000	0.16557
2004	 2	 9	24	0.00000	0.00000	0.00000
2004	 2	10	24	0.00000	0.00000	0.00000
2004	 2	11	24	0.00000	0.00000	0.00000
2004	 2	12	24	0.00000	0.00000	0.00000
2004	 2	13	24	0.00000	0.00000	0.00000
2004	 2	14	24	0.00000	0.00000	0.00000
2004	 2	15	24	0.00039	0.00000	0.00025
2004	 2	16	24	0.00811	0.00000	0.00524
2004	 2	17	24	0.06605	0.00000	0.04273
2004	 2	18	24	0.00005	0.00000	0.00003
2004	 2	19	24	0.00000	0.00000	0.00000
2004	 2	20	24	0.24099	0.00000	0.15590
2004	 2	21	24	0.55774	0.00000	0.36080
2004	 2	22	24	0.32716	0.00000	0.21164
2004	 2	23	24	0.00000	0.00000	0.00000
2004	 2	24	24	0.35746	0.00000	0.23124
2004	 2	25	24	0.30604	0.00000	0.19797
2004	 2	26	24	0.34514	0.00000	0.22326
2004	 2	27	24	0.21996	0.00000	0.14229
2004	 2	28	24	0.35778	0.00000	0.23144
2004	 2	29	24	0.00000	0.00000	0.00000
2004	 3	 1	24	0.00000	0.00000	0.00000
2004	 3	 2	24	0.00000	0.00000	0.00000
2004	 3	 3	24	0.00000	0.00000	0.00000
2004	 3	 4	24	0.00000	0.00000	0.00000
2004	 3	 5	24	0.00000	0.00000	0.00000
2004	 3	 6	24	0.00000	0.00000	0.00000
2004	 3	 7	24	0.03554	0.00000	0.02299
2004	 3	 8	24	0.04370	0.00000	0.02827
2004	 3	 9	24	0.00000	0.00000	0.00000
2004	 3	10	24	0.00000	0.00000	0.00000
2004	 3	11	24	0.00000	0.00000	0.00000
2004	 3	12	24	0.07135	0.00000	0.04615
2004	 3	13	24	0.45734	0.00000	0.29585
2004	 3	14	24	0.43554	0.00000	0.28174
2004	 3	15	24	0.45078	0.00000	0.29161
2004	 3	16	24	0.10574	0.00000	0.06840
2004	 3	17	24	0.15566	0.00000	0.10069
2004	 3	18	24	0.14614	0.01212	0.09882
2004	 3	19	24	1.68322	0.05520	1.10834
2004	 3	20	24	0.63064	0.02525	0.41687
2004	 3	21	24	1.02967	0.16172	0.72319
2004	 3	22	24	0.84106	0.28774	0.64568
2004	 3	23	24	0.69007	0.20117	0.51744
2004	 3	24	24	0.02319	0.00000	0.01500
2004	 3	25	24	0.08784	0.00000	0.05682
2004	 3	26	24	0.00000	0.00000	0.00000
2004	 3	27	24	0.34076	0.00000	0.22043
2004	 3	28	24	0.61523	0.00000	0.39799
2004	 3	29	24	0.91425	0.50350	0.76921
2004	 3	30	24	0.06655	0.63697	0.26797
2004	 3	31	24	0.00000	0.31665	0.11181
2004	 4	 1	24	0.00000	0.31200	0.11017
2004	 4	 2	24	0.00000	0.25963	0.09168
2004	 4	 3	24	0.00000	0.05380	0.01900
2004	 4	 4	24	0.85550	0.63982	0.77934
2004	 4	 5	24	0.89880	0.76801	0.85262
2004	 4	 6	24	0.64513	0.61969	0.63615
2004	 4	 7	24	1.00210	0.97427	0.99228
2004	 4	 8	24	0.50412	0.45241	0.48586
2004	 4	 9	24	0.39883	0.33328	0.37568
2004	 4	10	24	0.88008	0.76167	0.83827
2004	 4	11	24	0.70225	0.70058	0.70166
2004	 4	12	24	0.17504	0.08809	0.14434
2004	 4	13	24	0.00000	0.00000	0.00000
2004	 4	14	24	0.00000	0.00000	0.00000
2004	 4	15	24	0.00000	0.00000	0.00000
2004	 4	16	24	0.00000	0.00000	0.00000
2004	 4	17	24	0.00000	0.00000	0.00000
2004	 4	18	24	0.86569	1.06800	0.93713
2004	 4	19	24	0.12486	0.10260	0.11700
2004	 4	20	24	1.20021	1.26570	1.22333
2004	 4	21	24	0.61159	0.71248	0.64722
2004	 4	22	24	0.00000	0.00000	0.00000
2004	 4	23	24	1.25987	1.05617	1.18794
2004	 4	24	24	0.29627	0.70999	0.44236
2004	 4	25	24	0.98188	1.03718	1.00141
2004	 4	26	24	0.94301	0.76801	0.88122
2004	 4	27	24	0.46034	0.00576	0.29982
2004	 4	28	24	0.00000	0.00000	0.00000
2004	 4	29	24	0.00000	0.00000	0.00000
2004	 4	30	24	0.00000	0.00000	0.00000
2004	 5	 1	24	0.99900	1.27395	1.09609
2004	 5	 2	24	0.20392	0.14352	0.18259
2004	 5	 3	24	1.80769	1.79539	1.80335
2004	 5	 4	24	0.75898	0.60487	0.70456
2004	 5	 5	24	1.81787	1.99345	1.87987
2004	 5	 6	24	0.24895	0.25071	0.24957
2004	 5	 7	24	0.50092	0.31168	0.43410
2004	 5	 8	24	1.24677	1.00445	1.16120
2004	 5	 9	24	1.15246	0.93500	1.07567
2004	 5	10	24	0.60487	0.64540	0.61918
2004	 5	11	24	1.31341	1.29109	1.30553
2004	 5	12	24	0.64821	0.60336	0.63237
2004	 5	13	24	0.16088	0.18054	0.16782
2004	 5	14	24	1.48943	1.46819	1.48193
2004	 5	15	24	0.96863	0.92632	0.95369
2004	 5	16	24	0.69372	0.70314	0.69705
2004	 5	17	24	0.50412	0.60019	0.53804
2004	 5	18	24	0.26118	0.28064	0.26805
2004	 5	19	24	0.00000	0.00000	0.00000
2004	 5	20	24	0.00000	0.00000	0.00000
2004	 5	21	24	1.06397	1.15480	1.09604
2004	 5	22	24	1.22775	1.14697	1.19922
2004	 5	23	24	0.23183	0.00024	0.15005
2004	 5	24	24	1.55731	1.59263	1.56978
2004	 5	25	24	0.89096	1.01942	0.93632
2004	 5	26	24	0.44031	0.17548	0.34679
2004	 5	27	24	0.00892	0.00000	0.00577
2004	 5	28	24	0.02557	0.00000	0.01654
2004	 5	29	24	0.00000	0.00000	0.00000
2004	 5	30	24	0.00000	0.00000	0.00000
2004	 5	31	24	1.30301	0.70060	1.09029
2004	 6	 1	24	0.44111	0.42981	0.43712
2004	 6	 2	24	0.27785	0.49777	0.35551
2004	 6	 3	24	2.17042	2.27295	2.20663
2004	 6	 4	24	2.63281	3.05396	2.78152
2004	 6	 5	24	0.69997	0.95035	0.78838
2004	 6	 6	24	1.28296	1.31352	1.29375
2004	 6	 7	24	0.54424	0.67887	0.59178
2004	 6	 8	24	0.00000	0.00000	0.00000
2004	 6	 9	24	0.20410	1.19821	0.55513
2004	 6	10	24	0.85016	0.50246	0.72738
2004	 6	11	24	2.10371	2.07783	2.09457
2004	 6	12	24	1.47399	1.76128	1.57544
2004	 6	13	24	1.04070	1.22107	1.10439
2004	 6	14	24	1.04701	0.93351	1.00693
2004	 6	15	24	2.23665	2.65468	2.38426
2004	 6	16	24	0.00462	0.10129	0.03876
2004	 6	17	24	2.44688	2.66503	2.52391
2004	 6	18	24	1.07368	1.33994	1.16770
2004	 6	19	24	1.23235	1.35163	1.27447
2004	 6	20	24	1.07928	1.11239	1.09097
2004	 6	21	24	1.23251	2.18867	1.57014
2004	 6	22	24	2.00880	1.99985	2.00564
2004	 6	23	24	1.37054	1.20347	1.31154
2004	 6	24	24	0.03536	0.00000	0.02288
2004	 6	25	24	0.02604	0.00000	0.01685
2004	 6	26	24	0.00000	0.00000	0.00000
2004	 6	27	24	1.01709	0.57523	0.86107
2004	 6	28	24	0.20450	0.64268	0.35923
2004	 6	29	24	0.60459	1.01095	0.74808
2004	 6	30	24	0.03613	0.00000	0.02337
2004	 7	 1	24	2.34295	2.26463	2.31530
2004	 7	 2	24	1.33847	1.35720	1.34509
2004	 7	 3	24	1.88890	1.90936	1.89612
2004	 7	 4	24	1.76822	2.38976	1.98769
2004	 7	 5	24	1.66257	1.80935	1.71440
2004	 7	 6	24	0.00751	0.01128	0.00884
2004	 7	 7	24	0.00000	0.00000	0.00000
2004	 7	 8	24	2.76373	2.96506	2.83482
2004	 7	 9	24	0.42058	0.34750	0.39478
2004	 7	10	24	0.80558	1.55534	1.07033
2004	 7	11	24	0.46885	0.49700	0.47879
2004	 7	12	24	1.17469	1.19494	1.18184
2004	 7	13	24	0.46033	0.47773	0.46647
2004	 7	14	24	1.95395	2.10133	2.00599
2004	 7	15	24	0.59756	1.08440	0.76947
2004	 7	16	24	0.43734	0.25528	0.37305
2004	 7	17	24	0.00000	0.00000	0.00000
2004	 7	18	24	1.13971	1.13601	1.13840
2004	 7	19	24	0.00000	0.00000	0.00000
2004	 7	20	24	2.62229	2.38123	2.53717
2004	 7	21	24	0.00000	0.00000	0.00000
2004	 7	22	24	1.35119	1.67439	1.46532
2004	 7	23	24	2.98669	3.31236	3.10169
2004	 7	24	24	0.21603	0.00000	0.13975
2004	 7	25	24	0.68612	0.38755	0.58069
2004	 7	26	24	0.94503	1.05196	0.98279
2004	 7	27	24	1.03181	1.22630	1.10049
2004	 7	28	24	1.33303	1.25438	1.30526
2004	 7	29	24	0.07766	0.00000	0.05024
2004	 7	30	24	0.00000	0.00000	0.00000
2004	 7	31	24	0.00000	0.00000	0.00000
2004	 8	 1	24	0.00000	0.00000	0.00000
2004	 8	 2	24	0.00000	0.00000	0.00000
2004	 8	 3	24	0.00000	0.00000	0.00000
2004	 8	 4	24	0.00000	0.00000	0.00000
2004	 8	 5	24	0.00000	0.00000	0.00000
2004	 8	 6	24	0.00000	0.00000	0.00000
2004	 8	 7	24	0.00000	0.00000	0.00000
2004	 8	 8	24	0.00000	0.00000	0.00000
2004	 8	 9	24	0.00000	0.00000	0.00000
2004	 8	10	24	0.00000	0.00000	0.00000
2004	 8	11	24	0.00000	0.00000	0.00000
2004	 8	12	24	3.05616	3.31209	3.14653
2004	 8	13	24	1.00479	2.16301	1.41377
2004	 8	14	24	1.25209	0.74425	1.07277
2004	 8	15	24	0.41669	0.00312	0.27065
2004	 8	16	24	0.00000	0.00000	0.00000
2004	 8	17	24	2.21483	1.91026	2.10728
2004	 8	18	24	0.76556	0.01466	0.50041
2004	 8	19	24	1.53551	2.56177	1.89789
2004	 8	20	24	1.11488	0.74112	0.98290
2004	 8	21	24	0.98772	0.92911	0.96702
2004	 8	22	24	0.00000	0.00000	0.00000
2004	 8	23	24	0.00000	0.00000	0.00000
2004	 8	24	24	1.17318	0.86437	1.06413
2004	 8	25	24	1.57283	1.84927	1.67044
2004	 8	26	24	1.24313	1.29132	1.26015
2004	 8	27	24	1.48113	1.69201	1.55559
2004	 8	28	24	0.66056	0.56695	0.62751
2004	 8	29	24	1.33057	1.32268	1.32778
2004	 8	30	24	0.76144	0.56428	0.69182
2004	 8	31	24	1.29775	1.48036	1.36223
2004	 9	 1	24	0.83184	1.21975	0.96882
2004	 9	 2	24	0.00000	0.00000	0.00000
2004	 9	 3	24	0.00000	0.00000	0.00000
2004	 9	 4	24	0.00000	0.00000	0.00000
2004	 9	 5	24	0.00000	0.00000	0.00000
2004	 9	 6	24	0.00000	0.00000	0.00000
2004	 9	 7	24	0.00000	0.00000	0.00000
2004	 9	 8	24	0.00000	0.00000	0.00000
2004	 9	 9	24	0.00000	0.00000	0.00000
2004	 9	10	24	0.00000	0.00000	0.00000
2004	 9	11	24	1.13171	1.28407	1.18551
2004	 9	12	24	1.08921	1.03753	1.07096
2004	 9	13	24	1.43189	1.56494	1.47887
2004	 9	14	24	0.75741	0.64394	0.71734
2004	 9	15	24	0.00000	0.00000	0.00000
2004	 9	16	24	0.00000	0.00000	0.00000
2004	 9	17	24	0.00000	0.00000	0.00000
2004	 9	18	24	0.00000	0.00000	0.00000
2004	 9	19	24	0.22180	0.39048	0.28136
2004	 9	20	24	0.04038	0.00000	0.02612
2004	 9	21	24	1.37069	1.36149	1.36744
2004	 9	22	24	0.42829	0.45835	0.43890
2004	 9	23	24	0.19308	0.21262	0.19998
2004	 9	24	24	0.34403	0.33889	0.34222
2004	 9	25	24	0.34582	0.40474	0.36663
2004	 9	26	24	0.21281	0.26421	0.23096
2004	 9	27	24	0.34890	0.31639	0.33742
2004	 9	28	24	0.36642	0.40050	0.37845
2004	 9	29	24	0.55605	0.53067	0.54709
2004	 9	30	24	0.53387	0.60267	0.55816
2004	10	 1	24	0.70971	0.75007	0.72396
2004	10	 2	24	0.56757	0.45357	0.52732
2004	10	 3	24	0.84315	1.02017	0.90566
2004	10	 4	24	0.42713	0.60678	0.49057
2004	10	 5	24	0.00001	0.00026	0.00010
2004	10	 6	24	0.95844	0.69600	0.86577
2004	10	 7	24	0.66123	0.92889	0.75574
2004	10	 8	24	0.46110	0.36254	0.42630
2004	10	 9	24	0.46896	0.56930	0.50439
2004	10	10	24	0.37850	0.48774	0.41707
2004	10	11	24	0.30841	0.44904	0.35806
2004	10	12	24	0.03163	0.19693	0.09000
2004	10	13	24	0.00000	0.00000	0.00000
2004	10	14	24	0.07701	0.03465	0.06206
2004	10	15	24	0.08931	0.02877	0.06793
2004	10	16	24	0.14885	0.14166	0.14631
2004	10	17	24	0.47703	0.35204	0.43290
2004	10	18	24	0.60689	0.51848	0.57568
2004	10	19	24	0.62465	0.69948	0.65108
2004	10	20	24	0.84137	0.54867	0.73802
2004	10	21	24	0.54401	0.87969	0.66255
2004	10	22	24	0.41716	0.83583	0.56499
2004	10	23	24	0.02299	0.23002	0.09609
2004	10	24	24	0.00000	0.00000	0.00000
2004	10	25	24	1.08961	0.92563	1.03170
2004	10	26	24	0.05056	0.03281	0.04429
2004	10	27	24	0.05447	0.05452	0.05449
2004	10	28	24	0.19265	0.10467	0.16158
2004	10	29	24	0.58409	0.16892	0.43749
2004	10	30	24	0.21817	0.16834	0.20058
2004	10	31	24	0.14069	0.10575	0.12835
2004	11	 1	24	0.08569	0.10828	0.09366
2004	11	 2	24	0.01377	0.00006	0.00893
2004	11	 3	24	0.26908	0.10119	0.20980
2004	11	 4	24	0.15633	0.03978	0.11518
2004	11	 5	24	0.21728	0.08534	0.17069
2004	11	 6	24	0.08414	0.00035	0.05455
2004	11	 7	24	0.01232	0.00000	0.00797
2004	11	 8	24	0.00087	0.00000	0.00057
2004	11	 9	24	0.00000	0.00000	0.00000
2004	11	10	24	0.08195	0.00000	0.05301
2004	11	11	24	0.22827	0.00000	0.14767
2004	11	12	24	0.11080	0.00000	0.07167
2004	11	13	24	0.07251	0.00000	0.04690
2004	11	14	24	0.07095	0.00000	0.04590
2004	11	15	24	0.10891	0.00000	0.07045
2004	11	16	24	0.00614	0.00000	0.00397
2004	11	17	24	0.04758	0.00000	0.03078
2004	11	18	24	0.09157	0.01188	0.06343
2004	11	19	24	0.00000	0.00000	0.00000
2004	11	20	24	0.00000	0.00000	0.00000
2004	11	21	24	0.00000	0.00000	0.00000
2004	11	22	24	0.03700	0.00000	0.02393
2004	11	23	24	0.12226	0.00000	0.07909
2004	11	24	24	0.18874	0.00000	0.12209
2004	11	25	24	0.89396	0.00000	0.57829
2004	11	26	24	0.81300	0.00000	0.52592
2004	11	27	24	0.05236	0.00000	0.03387
2004	11	28	24	0.11627	0.00000	0.07521
2004	11	29	24	0.04700	0.00000	0.03041
2004	11	30	24	0.09817	0.00000	0.06351
2004	12	 1	24	0.07022	0.00000	0.04543
2004	12	 2	24	0.01573	0.00000	0.01018
2004	12	 3	24	0.04923	0.00000	0.03185
2004	12	 4	24	0.20550	0.00164	0.13352
2004	12	 5	24	0.25483	0.00129	0.16530
2004	12	 6	24	0.04696	0.00000	0.03038
2004	12	 7	24	0.13822	0.00143	0.08991
2004	12	 8	24	0.07634	0.00991	0.05288
2004	12	 9	24	0.80972	0.14241	0.57409
2004	12	10	24	0.53733	0.80457	0.63169
2004	12	11	24	0.00000	0.54146	0.19120
2004	12	12	24	0.02813	0.01584	0.02379
2004	12	13	24	0.03548	0.00000	0.02295
2004	12	14	24	0.01571	0.00000	0.01016
2004	12	15	24	0.00910	0.03313	0.01759
2004	12	16	24	0.63519	0.00000	0.41090
2004	12	17	24	0.08748	0.00000	0.05659
2004	12	18	24	0.01581	0.00000	0.01023
2004	12	19	24	0.00000	0.00000	0.00000
2004	12	20	24	0.06238	0.00000	0.04036
2004	12	21	24	0.15980	0.00000	0.10337
2004	12	22	24	0.15038	0.00000	0.09728
2004	12	23	24	0.07576	0.00000	0.04901
2004	12	24	24	0.26594	0.00000	0.17203
2004	12	25	24	0.25010	0.00000	0.16179
2004	12	26	24	0.00027	0.00000	0.00018
2004	12	27	24	0.00000	0.00000	0.00000
2004	12	28	24	0.00000	0.00000	0.00000
2004	12	29	24	0.00206	0.00000	0.00133
2004	12	30	24	0.11075	0.00000	0.07165
2004	12	31	24	0.06999	0.00000	0.04527
2005	 1	 1	24	0.03587	0.00000	0.02321
2005	 1	 2	24	0.35532	0.00000	0.22985
2005	 1	 3	24	0.11148	0.00000	0.07211
2005	 1	 4	24	0.16809	0.00000	0.10874
2005	 1	 5	24	0.05599	0.00000	0.03622
2005	 1	 6	24	0.14931	0.00000	0.09659
2005	 1	 7	24	0.78532	0.00000	0.50802
2005	 1	 8	24	0.95464	0.03642	0.63041
2005	 1	 9	24	0.23921	0.06044	0.17609
2005	 1	10	24	0.10655	0.11415	0.10924
2005	 1	11	24	0.01468	0.17647	0.07181
2005	 1	12	24	0.33739	0.12710	0.26313
2005	 1	13	24	0.15343	0.00000	0.09925
2005	 1	14	24	0.08061	0.00000	0.05214
2005	 1	15	24	0.15638	0.00192	0.10184
2005	 1	16	24	0.59100	0.12889	0.42782
2005	 1	17	24	0.47566	0.09276	0.34045
2005	 1	18	24	0.27858	0.00000	0.18021
2005	 1	19	24	0.22066	0.00000	0.14274
2005	 1	20	24	0.10087	0.00000	0.06525
2005	 1	21	24	0.00239	0.00000	0.00155
2005	 1	22	24	0.00070	0.00000	0.00045
2005	 1	23	24	0.00000	0.00000	0.00000
2005	 1	24	24	0.00000	0.00000	0.00000
2005	 1	25	24	0.00000	0.00000	0.00000
2005	 1	26	24	0.00000	0.00000	0.00000
2005	 1	27	24	0.00000	0.00000	0.00000
2005	 1	28	24	0.00000	0.00000	0.00000
2005	 1	29	24	0.00000	0.00000	0.00000
2005	 1	30	24	0.00000	0.00000	0.00000
2005	 1	31	24	0.00000	0.00000	0.00000
2005	 2	 1	24	0.00000	0.00000	0.00000
2005	 2	 2	24	0.00000	0.00000	0.00000
2005	 2	 3	24	0.00000	0.00000	0.00000
2005	 2	 4	24	0.00000	0.00000	0.00000
2005	 2	 5	24	0.00000	0.00000	0.00000
2005	 2	 6	24	0.00000	0.00000	0.00000
2005	 2	 7	24	0.00000	0.00000	0.00000
2005	 2	 8	24	0.00000	0.00000	0.00000
2005	 2	 9	24	0.00000	0.00000	0.00000
2005	 2	10	24	0.00107	0.00000	0.00069
2005	 2	11	24	0.00100	0.00000	0.00065
2005	 2	12	24	0.01888	0.00000	0.01221
2005	 2	13	24	0.06809	0.00000	0.04405
2005	 2	14	24	0.00000	0.00000	0.00000
2005	 2	15	24	0.00000	0.00000	0.00000
2005	 2	16	24	0.00000	0.00000	0.00000
2005	 2	17	24	0.00000	0.00000	0.00000
2005	 2	18	24	0.00000	0.00000	0.00000
2005	 2	19	24	0.00000	0.00000	0.00000
2005	 2	20	24	0.00000	0.00000	0.00000
2005	 2	21	24	0.00000	0.00000	0.00000
2005	 2	22	24	0.00000	0.00000	0.00000
2005	 2	23	24	0.00000	0.00000	0.00000
2005	 2	24	24	0.00000	0.00000	0.00000
2005	 2	25	24	0.00000	0.00000	0.00000
2005	 2	26	24	0.00000	0.00000	0.00000
2005	 2	27	24	0.00000	0.00000	0.00000
2005	 2	28	24	0.00000	0.00000	0.00000
2005	 3	 1	24	0.00000	0.00000	0.00000
2005	 3	 2	24	0.00000	0.00000	0.00000
2005	 3	 3	24	0.00000	0.00000	0.00000
2005	 3	 4	24	0.00000	0.00000	0.00000
2005	 3	 5	24	0.00000	0.00000	0.00000
2005	 3	 6	24	0.00000	0.00000	0.00000
2005	 3	 7	24	0.00000	0.00000	0.00000
2005	 3	 8	24	0.00000	0.00000	0.00000
2005	 3	 9	24	0.00000	0.00000	0.00000
2005	 3	10	24	0.00000	0.00000	0.00000
2005	 3	11	24	0.00000	0.00000	0.00000
2005	 3	12	24	0.00000	0.00000	0.00000
2005	 3	13	24	0.00000	0.00000	0.00000
2005	 3	14	24	0.00017	0.00000	0.00011
2005	 3	15	24	0.01159	0.00000	0.00750
2005	 3	16	24	0.18353	0.00000	0.11873
2005	 3	17	24	0.31376	0.00000	0.20297
2005	 3	18	24	0.11287	0.00000	0.07301
2005	 3	19	24	0.18094	0.00000	0.11705
2005	 3	20	24	0.40591	0.00000	0.26258
2005	 3	21	24	0.32262	0.00000	0.20870
2005	 3	22	24	0.13575	0.00000	0.08781
2005	 3	23	24	0.22022	0.00000	0.14245
2005	 3	24	24	0.09695	0.00000	0.06272
2005	 3	25	24	1.00009	0.00000	0.64695
2005	 3	26	24	0.16558	0.00000	0.10711
2005	 3	27	24	0.49054	0.00000	0.31733
2005	 3	28	24	0.19222	0.00000	0.12434
2005	 3	29	24	0.18564	0.00000	0.12009
2005	 3	30	24	0.13472	0.00153	0.08769
2005	 3	31	24	0.06201	0.00495	0.04186
2005	 4	 1	24	0.05774	0.01998	0.04441
2005	 4	 2	24	0.05250	0.04677	0.05047
2005	 4	 3	24	0.03881	0.15472	0.07974
2005	 4	 4	24	0.00206	0.64093	0.22765
2005	 4	 5	24	0.19136	0.35334	0.24856
2005	 4	 6	24	1.21744	1.12433	1.18456
2005	 4	 7	24	0.47819	0.77050	0.58141
2005	 4	 8	24	0.67486	0.45286	0.59647
2005	 4	 9	24	0.17471	0.19049	0.18028
2005	 4	10	24	0.47802	0.58507	0.51582
2005	 4	11	24	0.91537	0.97575	0.93669
2005	 4	12	24	0.42888	0.31284	0.38790
2005	 4	13	24	0.00000	0.01667	0.00588
2005	 4	14	24	0.00000	0.00000	0.00000
2005	 4	15	24	0.00000	0.00000	0.00000
2005	 4	16	24	0.19397	0.02299	0.13360
2005	 4	17	24	1.20410	1.56117	1.33019
2005	 4	18	24	0.07064	0.45304	0.20567
2005	 4	19	24	0.00000	0.00000	0.00000
2005	 4	20	24	0.00000	0.00000	0.00000
2005	 4	21	24	0.00000	0.00000	0.00000
2005	 4	22	24	0.00000	0.00000	0.00000
2005	 4	23	24	0.00000	0.00000	0.00000
2005	 4	24	24	0.00000	0.00000	0.00000
2005	 4	25	24	0.90427	0.89872	0.90231
2005	 4	26	24	1.18664	1.43166	1.27316
2005	 4	27	24	0.80446	0.92342	0.84647
2005	 4	28	24	1.08282	1.15660	1.10887
2005	 4	29	24	0.00001	0.00000	0.00001
2005	 4	30	24	0.00000	0.00000	0.00000
2005	 5	 1	24	0.00000	0.00000	0.00000
2005	 5	 2	24	0.00000	0.00000	0.00000
2005	 5	 3	24	1.49436	1.48216	1.49005
2005	 5	 4	24	1.23349	1.33056	1.26777
2005	 5	 5	24	0.65264	0.81420	0.70969
2005	 5	 6	24	0.52674	0.51527	0.52269
2005	 5	 7	24	1.16235	1.01777	1.11130
2005	 5	 8	24	0.82778	0.92305	0.86142
2005	 5	 9	24	1.21474	1.27267	1.23520
2005	 5	10	24	1.12543	1.29210	1.18428
2005	 5	11	24	0.84723	0.92748	0.87556
2005	 5	12	24	0.84119	1.00365	0.89855
2005	 5	13	24	0.11516	0.45417	0.23487
2005	 5	14	24	1.52561	1.56008	1.53778
2005	 5	15	24	1.13168	1.29934	1.19088
2005	 5	16	24	2.29831	2.43242	2.34566
2005	 5	17	24	0.25859	0.36730	0.29698
2005	 5	18	24	0.22761	0.34215	0.26806
2005	 5	19	24	1.19190	1.56362	1.32316
2005	 5	20	24	0.00000	0.00000	0.00000
2005	 5	21	24	0.92761	1.46092	1.11593
2005	 5	22	24	1.80669	1.91197	1.84387
2005	 5	23	24	0.45061	0.56168	0.48983
2005	 5	24	24	1.88808	2.01012	1.93117
2005	 5	25	24	0.32865	0.18492	0.27790
2005	 5	26	24	0.00000	0.00000	0.00000
2005	 5	27	24	0.00000	0.00000	0.00000
2005	 5	28	24	0.00000	0.00000	0.00000
2005	 5	29	24	0.00174	0.12094	0.04383
2005	 5	30	24	1.59897	1.91617	1.71098
2005	 5	31	24	0.00000	0.00000	0.00000
2005	 6	 1	24	0.00000	0.00000	0.00000
2005	 6	 2	24	0.08821	0.00000	0.05706
2005	 6	 3	24	0.18733	0.39202	0.25961
2005	 6	 4	24	0.27416	0.15552	0.23227
2005	 6	 5	24	1.62199	1.11205	1.44192
2005	 6	 6	24	0.53764	0.65813	0.58019
2005	 6	 7	24	1.03760	1.20916	1.09818
2005	 6	 8	24	1.59689	1.56943	1.58719
2005	 6	 9	24	0.83339	0.62508	0.75984
2005	 6	10	24	1.90539	1.99037	1.93539
2005	 6	11	24	0.11368	0.09415	0.10678
2005	 6	12	24	0.14323	0.00000	0.09265
2005	 6	13	24	0.00000	0.00000	0.00000
2005	 6	14	24	2.73974	2.96931	2.82081
2005	 6	15	24	0.38781	0.34356	0.37219
2005	 6	16	24	0.00000	0.00000	0.00000
2005	 6	17	24	2.09582	2.40857	2.20626
2005	 6	18	24	0.28591	0.06742	0.20876
2005	 6	19	24	0.00000	0.00000	0.00000
2005	 6	20	24	0.00000	0.00000	0.00000
2005	 6	21	24	1.18521	1.11174	1.15927
2005	 6	22	24	0.00000	0.00000	0.00000
2005	 6	23	24	0.00000	0.00000	0.00000
2005	 6	24	24	1.56181	0.47956	1.17965
2005	 6	25	24	2.88281	3.21491	3.00008
2005	 6	26	24	0.39523	0.23991	0.34038
2005	 6	27	24	0.00000	0.00000	0.00000
2005	 6	28	24	0.00000	0.00000	0.00000
2005	 6	29	24	0.09917	0.00000	0.06415
2005	 6	30	24	1.29571	1.25124	1.28001
2005	 7	 1	24	0.74807	0.91814	0.80812
2005	 7	 2	24	1.14438	1.14695	1.14528
2005	 7	 3	24	1.28787	1.24757	1.27364
2005	 7	 4	24	2.64670	3.31247	2.88179
2005	 7	 5	24	0.34869	0.31538	0.33693
2005	 7	 6	24	2.12812	2.30793	2.19161
2005	 7	 7	24	1.66073	1.57931	1.63198
2005	 7	 8	24	0.35269	0.38260	0.36325
2005	 7	 9	24	0.56540	0.92403	0.69204
2005	 7	10	24	2.31074	2.89762	2.51797
2005	 7	11	24	1.25901	0.73756	1.07488
2005	 7	12	24	0.00000	0.00000	0.00000
2005	 7	13	24	0.00000	0.00000	0.00000
2005	 7	14	24	0.00000	0.00000	0.00000
2005	 7	15	24	1.76817	1.82991	1.78997
2005	 7	16	24	0.00000	0.00000	0.00000
2005	 7	17	24	0.00000	0.00000	0.00000
2005	 7	18	24	0.66252	0.39981	0.56975
2005	 7	19	24	1.20514	1.51685	1.31521
2005	 7	20	24	2.57620	2.85757	2.67555
2005	 7	21	24	1.13061	1.12561	1.12884
2005	 7	22	24	0.36894	0.54621	0.43154
2005	 7	23	24	0.95642	1.16245	1.02917
2005	 7	24	24	2.70877	2.93773	2.78962
2005	 7	25	24	1.27165	0.95981	1.16153
2005	 7	26	24	0.26959	0.00000	0.17440
2005	 7	27	24	0.00000	0.00000	0.00000
2005	 7	28	24	0.01301	0.19499	0.07727
2005	 7	29	24	3.07214	3.31228	3.15694
2005	 7	30	24	2.43506	3.03615	2.64731
2005	 7	31	24	0.56329	0.27611	0.46188
2005	 8	 1	24	0.21439	0.03054	0.14947
2005	 8	 2	24	2.12847	2.55771	2.28004
2005	 8	 3	24	0.30014	0.34527	0.31608
2005	 8	 4	24	1.60559	1.89170	1.70662
2005	 8	 5	24	2.49613	2.62290	2.54090
2005	 8	 6	24	1.68762	1.83634	1.74013
2005	 8	 7	24	1.44252	1.60409	1.49957
2005	 8	 8	24	1.68688	1.92312	1.77030
2005	 8	 9	24	1.05478	1.22050	1.11330
2005	 8	10	24	1.26679	0.90467	1.13892
2005	 8	11	24	0.11252	0.00000	0.07279
2005	 8	12	24	1.80216	1.80591	1.80349
2005	 8	13	24	0.40380	0.58389	0.46739
2005	 8	14	24	1.51461	1.57608	1.53631
2005	 8	15	24	0.21859	0.36064	0.26875
2005	 8	16	24	1.70363	2.26979	1.90355
2005	 8	17	24	0.62977	0.68162	0.64808
2005	 8	18	24	0.07544	0.00000	0.04880
2005	 8	19	24	0.00000	0.00000	0.00000
2005	 8	20	24	1.63076	2.01530	1.76654
2005	 8	21	24	1.27977	1.29669	1.28575
2005	 8	22	24	1.99029	2.21851	2.07088
2005	 8	23	24	0.13742	0.26794	0.18351
2005	 8	24	24	0.53263	0.91210	0.66663
2005	 8	25	24	0.98461	0.80345	0.92064
2005	 8	26	24	1.79849	2.47710	2.03811
2005	 8	27	24	0.25734	0.03137	0.17755
2005	 8	28	24	0.00000	0.00000	0.00000
2005	 8	29	24	0.00000	0.00000	0.00000
2005	 8	30	24	0.00000	0.00000	0.00000
2005	 8	31	24	0.00000	0.00000	0.00000
2005	 9	 1	24	0.00000	0.00000	0.00000
2005	 9	 2	24	0.00000	0.00000	0.00000
2005	 9	 3	24	0.09137	0.00000	0.05910
2005	 9	 4	24	0.07160	0.00000	0.04632
2005	 9	 5	24	0.00000	0.00000	0.00000
2005	 9	 6	24	0.00000	0.00000	0.00000
2005	 9	 7	24	0.00000	0.00000	0.00000
2005	 9	 8	24	0.00000	0.00000	0.00000
2005	 9	 9	24	0.00000	0.00000	0.00000
2005	 9	10	24	1.63801	2.12858	1.81123
2005	 9	11	24	0.84389	0.91272	0.86819
2005	 9	12	24	0.21244	0.42482	0.28743
2005	 9	13	24	1.09803	1.36909	1.19374
2005	 9	14	24	1.10967	0.94111	1.05015
2005	 9	15	24	1.24979	1.43221	1.31421
2005	 9	16	24	0.31511	0.45754	0.36540
2005	 9	17	24	0.32273	0.52596	0.39449
2005	 9	18	24	1.47949	1.65561	1.54168
2005	 9	19	24	0.62393	0.34826	0.52659
2005	 9	20	24	0.00000	0.00000	0.00000
2005	 9	21	24	0.00000	0.00000	0.00000
2005	 9	22	24	0.00000	0.00000	0.00000
2005	 9	23	24	0.00000	0.00000	0.00000
2005	 9	24	24	0.00000	0.00000	0.00000
2005	 9	25	24	0.00000	0.00000	0.00000
2005	 9	26	24	0.08200	0.00000	0.05305
2005	 9	27	24	0.37089	1.18171	0.65720
2005	 9	28	24	0.63636	0.58108	0.61684
2005	 9	29	24	0.57274	0.59790	0.58163
2005	 9	30	24	0.59543	0.79046	0.66430
2005	10	 1	24	0.74498	0.55644	0.67840
2005	10	 2	24	0.09188	0.18118	0.12341
2005	10	 3	24	0.05677	0.12166	0.07968
2005	10	 4	24	0.52337	0.78561	0.61597
2005	10	 5	24	0.83953	0.90321	0.86202
2005	10	 6	24	0.51395	0.11646	0.37359
2005	10	 7	24	0.00000	0.00000	0.00000
2005	10	 8	24	0.00000	0.00000	0.00000
2005	10	 9	24	0.00000	0.00000	0.00000
2005	10	10	24	0.00000	0.00000	0.00000
2005	10	11	24	0.00000	0.00000	0.00000
2005	10	12	24	0.00000	0.00000	0.00000
2005	10	13	24	0.00000	0.00000	0.00000
2005	10	14	24	0.00000	0.00000	0.00000
2005	10	15	24	0.00000	0.00000	0.00000
2005	10	16	24	0.00000	0.00000	0.00000
2005	10	17	24	0.00000	0.00000	0.00000
2005	10	18	24	0.00000	0.00000	0.00000
2005	10	19	24	0.00000	0.00000	0.00000
2005	10	20	24	0.00000	0.00000	0.00000
2005	10	21	24	0.00083	0.00000	0.00054
2005	10	22	24	0.45659	0.13669	0.34363
2005	10	23	24	0.52153	0.50041	0.51407
2005	10	24	24	0.40560	0.54861	0.45610
2005	10	25	24	1.08874	0.92260	1.03008
2005	10	26	24	0.54140	0.76245	0.61945
2005	10	27	24	0.26562	0.34215	0.29264
2005	10	28	24	0.01498	0.05358	0.02861
2005	10	29	24	0.00000	0.00000	0.00000
2005	10	30	24	0.00000	0.00000	0.00000
2005	10	31	24	0.00000	0.00000	0.00000
2005	11	 1	24	0.37577	0.11911	0.28514
2005	11	 2	24	0.11714	0.16808	0.13513
2005	11	 3	24	0.26721	0.16179	0.22999
2005	11	 4	24	0.25491	0.16007	0.22143
2005	11	 5	24	0.09784	0.09398	0.09648
2005	11	 6	24	0.33381	0.12759	0.26099
2005	11	 7	24	0.37284	0.15037	0.29428
2005	11	 8	24	0.31447	0.13232	0.25015
2005	11	 9	24	0.25956	0.08421	0.19764
2005	11	10	24	0.05614	0.10024	0.07171
2005	11	11	24	0.17015	0.40763	0.25401
2005	11	12	24	0.03639	0.06824	0.04764
2005	11	13	24	0.05906	0.07712	0.06544
2005	11	14	24	0.01268	0.01837	0.01469
2005	11	15	24	0.15082	0.00000	0.09756
2005	11	16	24	0.00739	0.00000	0.00478
2005	11	17	24	0.00000	0.00000	0.00000
2005	11	18	24	0.00000	0.00000	0.00000
2005	11	19	24	0.00000	0.00000	0.00000
2005	11	20	24	0.00000	0.00000	0.00000
2005	11	21	24	0.00000	0.00000	0.00000
2005	11	22	24	0.00000	0.00000	0.00000
2005	11	23	24	0.00000	0.00000	0.00000
2005	11	24	24	0.00033	0.00000	0.00021
2005	11	25	24	0.00215	0.00000	0.00139
2005	11	26	24	0.02958	0.00000	0.01913
2005	11	27	24	0.04727	0.00000	0.03058
2005	11	28	24	0.03699	0.00000	0.02393
2005	11	29	24	0.04433	0.00000	0.02868
2005	11	30	24	0.08181	0.00000	0.05292
2005	12	 1	24	0.15959	0.00000	0.10324
2005	12	 2	24	0.18198	0.00000	0.11772
2005	12	 3	24	0.00019	0.00000	0.00012
2005	12	 4	24	0.03511	0.00000	0.02271
2005	12	 5	24	0.06086	0.00000	0.03937
2005	12	 6	24	0.10709	0.00000	0.06927
2005	12	 7	24	0.00873	0.00000	0.00565
2005	12	 8	24	0.03587	0.00000	0.02320
2005	12	 9	24	0.00269	0.00000	0.00174
2005	12	10	24	0.09618	0.00000	0.06222
2005	12	11	24	0.20475	0.00000	0.13245
2005	12	12	24	0.00892	0.00000	0.00577
2005	12	13	24	0.00517	0.00000	0.00335
2005	12	14	24	0.00167	0.00000	0.00108
2005	12	15	24	0.00743	0.00000	0.00480
2005	12	16	24	0.02604	0.00000	0.01685
2005	12	17	24	0.00000	0.00000	0.00000
2005	12	18	24	0.00000	0.00000	0.00000
2005	12	19	24	0.00000	0.00000	0.00000
2005	12	20	24	0.00000	0.00000	0.00000
2005	12	21	24	0.00000	0.00000	0.00000
2005	12	22	24	0.00000	0.00000	0.00000
2005	12	23	24	0.00000	0.00000	0.00000
2005	12	24	24	0.00016	0.00000	0.00010
2005	12	25	24	0.00137	0.00000	0.00089
2005	12	26	24	0.00637	0.00000	0.00412
2005	12	27	24	0.00000	0.00000	0.00000
2005	12	28	24	0.00000	0.00000	0.00000
2005	12	29	24	0.00000	0.00000	0.00000
2005	12	30	24	0.00000	0.00000	0.00000
2005	12	31	24	0.00000	0.00000	0.00000
2006	 1	 1	24	0.00280	0.00000	0.00181
2006	 1	 2	24	0.00002	0.00000	0.00001
2006	 1	 3	24	0.00013	0.00000	0.00009
2006	 1	 4	24	0.00000	0.00000	0.00000
2006	 1	 5	24	0.00000	0.00000	0.00000
2006	 1	 6	24	0.00345	0.00000	0.00223
2006	 1	 7	24	0.00444	0.00000	0.00287
2006	 1	 8	24	0.01695	0.00000	0.01096
2006	 1	 9	24	0.09772	0.00000	0.06321
2006	 1	10	24	0.14998	0.00000	0.09702
2006	 1	11	24	0.35114	0.00000	0.22715
2006	 1	12	24	0.01832	0.00000	0.01185
2006	 1	13	24	0.05318	0.00000	0.03440
2006	 1	14	24	0.43414	0.00000	0.28084
2006	 1	15	24	0.12339	0.00000	0.07982
2006	 1	16	24	0.28681	0.00000	0.18554
2006	 1	17	24	0.00000	0.00000	0.00000
2006	 1	18	24	0.00000	0.00000	0.00000
2006	 1	19	24	0.00000	0.00000	0.00000
2006	 1	20	24	0.00003	0.00000	0.00002
2006	 1	21	24	0.00089	0.00000	0.00057
2006	 1	22	24	0.00452	0.00000	0.00292
2006	 1	23	24	0.01677	0.00000	0.01085
2006	 1	24	24	0.16775	0.00000	0.10852
2006	 1	25	24	0.14173	0.00000	0.09169
2006	 1	26	24	0.04445	0.00000	0.02875
2006	 1	27	24	0.20137	0.00000	0.13027
2006	 1	28	24	0.43727	0.00000	0.28286
2006	 1	29	24	0.11007	0.00000	0.07120
2006	 1	30	24	0.04089	0.00000	0.02645
2006	 1	31	24	0.01517	0.00000	0.00982
2006	 2	 1	24	0.07306	0.00000	0.04726
2006	 2	 2	24	0.06303	0.00000	0.04078
2006	 2	 3	24	0.02374	0.00000	0.01536
2006	 2	 4	24	0.00000	0.00000	0.00000
2006	 2	 5	24	0.00000	0.00000	0.00000
2006	 2	 6	24	0.00453	0.00000	0.00293
2006	 2	 7	24	0.00577	0.00000	0.00373
2006	 2	 8	24	0.02452	0.00000	0.01586
2006	 2	 9	24	0.00000	0.00000	0.00000
2006	 2	10	24	0.00000	0.00000	0.00000
2006	 2	11	24	0.00000	0.00000	0.00000
2006	 2	12	24	0.00000	0.00000	0.00000
2006	 2	13	24	0.00000	0.00000	0.00000
2006	 2	14	24	0.01913	0.00000	0.01237
2006	 2	15	24	0.02266	0.00000	0.01466
2006	 2	16	24	0.03925	0.00000	0.02539
2006	 2	17	24	0.16924	0.00000	0.10948
2006	 2	18	24	0.21471	0.00000	0.13889
2006	 2	19	24	0.35445	0.00000	0.22929
2006	 2	20	24	0.14570	0.00000	0.09425
2006	 2	21	24	0.03616	0.00000	0.02339
2006	 2	22	24	0.00000	0.00000	0.00000
2006	 2	23	24	0.01989	0.00000	0.01286
2006	 2	24	24	0.19181	0.00000	0.12408
2006	 2	25	24	0.02113	0.00000	0.01367
2006	 2	26	24	0.00000	0.00000	0.00000
2006	 2	27	24	0.00000	0.00000	0.00000
2006	 2	28	24	0.06570	0.00000	0.04250
2006	 3	 1	24	0.03832	0.00000	0.02479
2006	 3	 2	24	0.44712	0.00000	0.28923
2006	 3	 3	24	0.33864	0.00000	0.21906
2006	 3	 4	24	0.20268	0.00000	0.13111
2006	 3	 5	24	0.41554	0.00000	0.26881
2006	 3	 6	24	0.22438	0.00000	0.14515
2006	 3	 7	24	0.04067	0.00000	0.02631
2006	 3	 8	24	0.41874	0.00000	0.27088
2006	 3	 9	24	0.00000	0.00000	0.00000
2006	 3	10	24	0.08987	0.00000	0.05814
2006	 3	11	24	0.00000	0.00000	0.00000
2006	 3	12	24	0.00000	0.00000	0.00000
2006	 3	13	24	0.00000	0.00000	0.00000
2006	 3	14	24	0.00000	0.00000	0.00000
2006	 3	15	24	0.00000	0.00000	0.00000
2006	 3	16	24	0.00000	0.00000	0.00000
2006	 3	17	24	0.00000	0.00000	0.00000
2006	 3	18	24	0.00000	0.00000	0.00000
2006	 3	19	24	0.02086	0.00000	0.01349
2006	 3	20	24	0.14654	0.00000	0.09479
2006	 3	21	24	0.45712	0.00000	0.29571
2006	 3	22	24	0.53753	0.00000	0.34772
2006	 3	23	24	0.35822	0.00000	0.23173
2006	 3	24	24	0.05282	0.00000	0.03417
2006	 3	25	24	0.43245	0.00000	0.27975
2006	 3	26	24	0.09338	0.00000	0.06041
2006	 3	27	24	0.91843	0.00000	0.59412
2006	 3	28	24	0.43749	0.00000	0.28301
2006	 3	29	24	0.68633	0.00000	0.44398
2006	 3	30	24	0.44283	0.00000	0.28646
2006	 3	31	24	0.48193	0.00000	0.31176
2006	 4	 1	24	0.77845	0.00000	0.50357
2006	 4	 2	24	1.08055	0.00000	0.69900
2006	 4	 3	24	0.65314	0.00000	0.42251
2006	 4	 4	24	0.57162	0.00000	0.36977
2006	 4	 5	24	0.48654	0.00000	0.31474
2006	 4	 6	24	0.30232	0.00000	0.19557
2006	 4	 7	24	0.02484	0.00000	0.01607
2006	 4	 8	24	0.03792	0.00216	0.02529
2006	 4	 9	24	0.37226	0.00649	0.24310
2006	 4	10	24	0.83214	0.00282	0.53930
2006	 4	11	24	0.36781	0.00356	0.23919
2006	 4	12	24	0.45066	0.00480	0.29322
2006	 4	13	24	0.47772	0.00699	0.31150
2006	 4	14	24	0.67089	0.01578	0.43956
2006	 4	15	24	1.40272	0.05664	0.92740
2006	 4	16	24	0.57947	0.02882	0.38503
2006	 4	17	24	0.58783	0.06171	0.40205
2006	 4	18	24	1.12398	0.32147	0.84060
2006	 4	19	24	0.12900	0.44761	0.24150
2006	 4	20	24	0.00000	0.46709	0.16494
2006	 4	21	24	0.00000	0.39894	0.14087
2006	 4	22	24	1.25225	1.58035	1.36810
2006	 4	23	24	1.19981	1.32629	1.24447
2006	 4	24	24	0.06027	0.34091	0.15937
2006	 4	25	24	0.00000	0.05273	0.01862
2006	 4	26	24	0.90148	2.08078	1.31791
2006	 4	27	24	0.57432	0.65823	0.60395
2006	 4	28	24	0.35059	0.54651	0.41977
2006	 4	29	24	0.11665	0.13709	0.12387
