YY	MM	DD	HH	"1"	"2"	tot_average
potentielle_Evapotranspiration_(Penman/Monteith)_submodel:_evapotranspiration
--	--	--	--	0.6468891	0.3531109	1.0000
2000	 8	 1	24	4.70146	4.40524	4.59686
2000	 8	 2	24	3.57390	3.40336	3.51368
2000	 8	 3	24	3.41798	3.47952	3.43971
2000	 8	 4	24	3.65244	3.73661	3.68217
2000	 8	 5	24	4.36910	4.72684	4.49542
2000	 8	 6	24	1.78282	1.67464	1.74462
2000	 8	 7	24	1.56440	1.69640	1.61101
2000	 8	 8	24	1.90052	1.90508	1.90213
2000	 8	 9	24	2.12285	2.35662	2.20540
2000	 8	10	24	3.01524	3.08197	3.03880
2000	 8	11	24	2.65922	3.09119	2.81175
2000	 8	12	24	3.59937	3.83810	3.68367
2000	 8	13	24	5.71472	6.09801	5.85007
2000	 8	14	24	6.65407	7.02317	6.78440
2000	 8	15	24	4.61927	4.37402	4.53267
2000	 8	16	24	3.88771	4.33963	4.04729
2000	 8	17	24	5.03899	5.32315	5.13933
2000	 8	18	24	3.19929	3.29956	3.23470
2000	 8	19	24	4.88573	5.07366	4.95209
2000	 8	20	24	5.48992	6.06398	5.69263
2000	 8	21	24	2.54836	3.06443	2.73059
2000	 8	22	24	1.57109	1.79950	1.65174
2000	 8	23	24	2.76038	2.82797	2.78425
2000	 8	24	24	3.44083	3.39514	3.42470
2000	 8	25	24	1.88705	1.71522	1.82637
2000	 8	26	24	3.68155	3.61032	3.65640
2000	 8	27	24	4.20546	3.93913	4.11142
2000	 8	28	24	1.10315	1.06370	1.08922
2000	 8	29	24	2.77518	2.61760	2.71953
2000	 8	30	24	2.83074	2.78475	2.81450
2000	 8	31	24	1.66805	1.77410	1.70549
2000	 9	 1	24	2.13642	2.35835	2.21478
2000	 9	 2	24	1.62101	1.49548	1.57668
2000	 9	 3	24	0.32401	0.33758	0.32880
2000	 9	 4	24	0.31791	0.28730	0.30710
2000	 9	 5	24	0.66616	0.57630	0.63443
2000	 9	 6	24	1.44061	1.19576	1.35415
2000	 9	 7	24	0.74019	0.86538	0.78440
2000	 9	 8	24	1.59544	1.59630	1.59574
2000	 9	 9	24	2.94422	3.11589	3.00484
2000	 9	10	24	1.93355	2.04473	1.97281
2000	 9	11	24	1.55745	1.70097	1.60813
2000	 9	12	24	2.46184	2.27807	2.39695
2000	 9	13	24	1.89260	1.88252	1.88904
2000	 9	14	24	1.05585	1.08129	1.06483
2000	 9	15	24	1.93404	1.81569	1.89225
2000	 9	16	24	1.17752	0.86512	1.06721
2000	 9	17	24	0.59381	0.64705	0.61261
2000	 9	18	24	0.44269	0.40495	0.42937
2000	 9	19	24	1.13631	0.76692	1.00588
2000	 9	20	24	0.97254	0.83796	0.92502
2000	 9	21	24	0.19690	0.20049	0.19817
2000	 9	22	24	0.37909	0.40494	0.38822
2000	 9	23	24	1.61005	1.61066	1.61026
2000	 9	24	24	1.56423	1.31180	1.47509
2000	 9	25	24	1.45880	1.13871	1.34577
2000	 9	26	24	1.41233	1.24944	1.35481
2000	 9	27	24	1.60921	1.28738	1.49557
2000	 9	28	24	1.36435	0.92211	1.20819
2000	 9	29	24	2.59492	2.35303	2.50951
2000	 9	30	24	2.64282	2.07811	2.44341
2000	10	 1	24	1.08568	0.81974	0.99177
2000	10	 2	24	0.86517	0.91951	0.88436
2000	10	 3	24	0.66350	0.68079	0.66961
2000	10	 4	24	0.35462	0.22132	0.30755
2000	10	 5	24	0.57974	0.43784	0.52963
2000	10	 6	24	0.02962	0.03730	0.03233
2000	10	 7	24	0.00000	0.00000	0.00000
2000	10	 8	24	0.07370	0.07875	0.07548
2000	10	 9	24	0.20286	0.09761	0.16570
2000	10	10	24	0.23831	0.06116	0.17576
2000	10	11	24	0.56896	0.28732	0.46951
2000	10	12	24	0.65037	0.45611	0.58178
2000	10	13	24	0.74714	0.67412	0.72136
2000	10	14	24	0.32281	0.59134	0.41763
2000	10	15	24	1.58881	1.45257	1.54070
2000	10	16	24	1.16975	0.88200	1.06814
2000	10	17	24	0.92445	0.89672	0.91466
2000	10	18	24	0.06429	0.06153	0.06332
2000	10	19	24	0.17452	0.10306	0.14929
2000	10	20	24	0.13726	0.01705	0.09481
2000	10	21	24	1.01976	0.67629	0.89848
2000	10	22	24	1.33196	0.79252	1.14148
2000	10	23	24	1.06525	0.53006	0.87627
2000	10	24	24	0.86177	0.61650	0.77516
2000	10	25	24	0.94455	0.73399	0.87020
2000	10	26	24	0.25617	0.20495	0.23808
2000	10	27	24	0.32159	0.25300	0.29737
2000	10	28	24	0.23805	0.11526	0.19469
2000	10	29	24	0.71324	0.30150	0.56785
2000	10	30	24	0.72992	0.32560	0.58715
2000	10	31	24	0.48036	0.14528	0.36204
2000	11	 1	24	0.61197	0.31792	0.50814
2000	11	 2	24	0.69393	0.41736	0.59627
2000	11	 3	24	0.32060	0.09291	0.24020
2000	11	 4	24	0.22816	0.18191	0.21183
2000	11	 5	24	0.33044	0.19824	0.28375
2000	11	 6	24	0.20166	0.03966	0.14446
2000	11	 7	24	0.57192	0.29694	0.47482
2000	11	 8	24	0.43265	0.20970	0.35392
2000	11	 9	24	0.50667	0.27268	0.42405
2000	11	10	24	0.68367	0.54025	0.63303
2000	11	11	24	0.62149	0.40508	0.54507
2000	11	12	24	0.65263	0.26475	0.51567
2000	11	13	24	0.44653	0.07961	0.31697
2000	11	14	24	0.15432	0.05536	0.11938
2000	11	15	24	0.19861	0.13124	0.17482
2000	11	16	24	0.37418	0.19384	0.31050
2000	11	17	24	0.02516	0.02335	0.02452
2000	11	18	24	0.19793	0.11236	0.16771
2000	11	19	24	0.39477	0.12988	0.30124
2000	11	20	24	0.36569	0.12143	0.27944
2000	11	21	24	0.01687	0.02150	0.01850
2000	11	22	24	0.21638	0.06407	0.16260
2000	11	23	24	0.25619	0.05148	0.18391
2000	11	24	24	0.32752	0.08133	0.24059
2000	11	25	24	0.00932	0.01716	0.01209
2000	11	26	24	0.05310	0.02274	0.04238
2000	11	27	24	0.06305	0.01971	0.04775
2000	11	28	24	0.13286	0.05119	0.10402
2000	11	29	24	0.31126	0.11838	0.24315
2000	11	30	24	0.23850	0.07637	0.18125
2000	12	 1	24	0.56457	0.08462	0.39510
2000	12	 2	24	0.31515	0.16009	0.26040
2000	12	 3	24	0.28841	0.09990	0.22185
2000	12	 4	24	0.14180	0.06108	0.11330
2000	12	 5	24	0.25612	0.02988	0.17623
2000	12	 6	24	0.13707	0.03822	0.10216
2000	12	 7	24	0.14388	0.03653	0.10598
2000	12	 8	24	0.35982	0.03053	0.24354
2000	12	 9	24	0.24470	0.06737	0.18208
2000	12	10	24	0.27986	0.10238	0.21719
2000	12	11	24	0.58983	0.44504	0.53870
2000	12	12	24	0.31672	0.22801	0.28540
2000	12	13	24	1.29625	0.99931	1.19140
2000	12	14	24	0.51784	0.31714	0.44697
2000	12	15	24	0.18779	0.14705	0.17341
2000	12	16	24	0.07331	0.05490	0.06681
2000	12	17	24	0.06136	0.03256	0.05119
2000	12	18	24	0.09905	0.04280	0.07919
2000	12	19	24	0.13767	0.06974	0.11368
2000	12	20	24	0.23522	0.09817	0.18682
2000	12	21	24	0.16213	0.08119	0.13355
2000	12	22	24	0.49401	0.08705	0.35031
2000	12	23	24	0.90115	0.17432	0.64450
2000	12	24	24	0.86359	0.58413	0.76491
2000	12	25	24	0.13643	0.06836	0.11239
2000	12	26	24	0.06176	0.03169	0.05114
2000	12	27	24	0.19882	0.04091	0.14306
2000	12	28	24	0.31287	0.08292	0.23167
2000	12	29	24	0.26668	0.10929	0.21111
2000	12	30	24	0.16020	0.07799	0.13117
2000	12	31	24	0.07715	0.04477	0.06571
2001	 1	 1	24	0.42460	0.04449	0.29038
2001	 1	 2	24	0.20478	0.03310	0.14416
2001	 1	 3	24	0.13872	0.00034	0.08986
2001	 1	 4	24	0.22617	0.02914	0.15659
2001	 1	 5	24	0.17990	0.03117	0.12738
2001	 1	 6	24	0.20312	0.06108	0.15297
2001	 1	 7	24	0.13885	0.02520	0.09871
2001	 1	 8	24	0.08591	0.01706	0.06160
2001	 1	 9	24	0.07134	0.02006	0.05323
2001	 1	10	24	0.21122	0.01617	0.14235
2001	 1	11	24	0.04079	0.01633	0.03216
2001	 1	12	24	0.07847	0.02351	0.05906
2001	 1	13	24	0.11257	0.03486	0.08513
2001	 1	14	24	0.21876	0.05893	0.16232
2001	 1	15	24	0.24611	0.04740	0.17594
2001	 1	16	24	0.31878	0.05026	0.22397
2001	 1	17	24	0.14496	0.04652	0.11020
2001	 1	18	24	0.11031	0.03488	0.08368
2001	 1	19	24	0.13366	0.02496	0.09528
2001	 1	20	24	0.12561	0.02057	0.08852
2001	 1	21	24	0.07443	0.02059	0.05542
2001	 1	22	24	0.09686	0.03562	0.07524
2001	 1	23	24	0.08843	0.03525	0.06965
2001	 1	24	24	0.07954	0.02830	0.06144
2001	 1	25	24	0.09023	0.02681	0.06784
2001	 1	26	24	0.08085	0.02498	0.06112
2001	 1	27	24	0.11701	0.02789	0.08554
2001	 1	28	24	0.37160	0.01591	0.24600
2001	 1	29	24	0.08555	0.02070	0.06265
2001	 1	30	24	0.03924	0.01891	0.03206
2001	 1	31	24	0.03246	0.02548	0.03000
2001	 2	 1	24	0.02722	0.02856	0.02769
2001	 2	 2	24	0.05715	0.04395	0.05249
2001	 2	 3	24	0.05510	0.03726	0.04880
2001	 2	 4	24	0.01496	0.03055	0.02046
2001	 2	 5	24	0.21498	0.10940	0.17770
2001	 2	 6	24	0.52802	0.21768	0.41843
2001	 2	 7	24	1.03018	0.40081	0.80794
2001	 2	 8	24	0.77805	0.21453	0.57907
2001	 2	 9	24	0.54866	0.33379	0.47279
2001	 2	10	24	0.17875	0.05066	0.13352
2001	 2	11	24	0.85254	0.24001	0.63625
2001	 2	12	24	1.00705	0.54757	0.84480
2001	 2	13	24	0.12600	0.05744	0.10179
2001	 2	14	24	0.34079	0.10527	0.25763
2001	 2	15	24	2.00119	1.65875	1.88027
2001	 2	16	24	2.70334	2.26500	2.54856
2001	 2	17	24	0.15425	0.16230	0.15709
2001	 2	18	24	0.05075	0.05606	0.05262
2001	 2	19	24	0.04185	0.03291	0.03869
2001	 2	20	24	0.16947	0.12594	0.15410
2001	 2	21	24	0.06285	0.03640	0.05351
2001	 2	22	24	0.06815	0.02546	0.05307
2001	 2	23	24	0.03488	0.03356	0.03442
2001	 2	24	24	0.07968	0.05277	0.07018
2001	 2	25	24	0.13200	0.09713	0.11969
2001	 2	26	24	0.11860	0.08153	0.10551
2001	 2	27	24	0.11042	0.04660	0.08789
2001	 2	28	24	0.26499	0.06758	0.19528
2001	 3	 1	24	0.33987	0.10361	0.25644
2001	 3	 2	24	0.34901	0.18311	0.29043
2001	 3	 3	24	0.14540	0.07817	0.12166
2001	 3	 4	24	0.07506	0.04804	0.06552
2001	 3	 5	24	0.01686	0.03125	0.02194
2001	 3	 6	24	0.13792	0.04858	0.10637
2001	 3	 7	24	0.40506	0.12741	0.30702
2001	 3	 8	24	0.48157	0.13042	0.35758
2001	 3	 9	24	0.24104	0.09856	0.19073
2001	 3	10	24	0.45661	0.16398	0.35328
2001	 3	11	24	0.33292	0.14726	0.26736
2001	 3	12	24	0.41346	0.12749	0.31248
2001	 3	13	24	0.63266	0.36939	0.53970
2001	 3	14	24	0.49743	0.20230	0.39322
2001	 3	15	24	0.18810	0.05836	0.14229
2001	 3	16	24	0.21347	0.05743	0.15837
2001	 3	17	24	0.04090	0.04222	0.04137
2001	 3	18	24	0.25445	0.09622	0.19858
2001	 3	19	24	0.43698	0.16704	0.34166
2001	 3	20	24	0.42248	0.15971	0.32969
2001	 3	21	24	0.40749	0.21656	0.34007
2001	 3	22	24	0.23171	0.05327	0.16870
2001	 3	23	24	0.11370	0.04431	0.08920
2001	 3	24	24	0.54721	0.15624	0.40915
2001	 3	25	24	0.11132	0.03516	0.08443
2001	 3	26	24	0.08524	0.11077	0.09425
2001	 3	27	24	0.16242	0.11977	0.14736
2001	 3	28	24	0.52849	0.26615	0.43586
2001	 3	29	24	0.31443	0.16143	0.26041
2001	 3	30	24	0.28982	0.23867	0.27176
2001	 3	31	24	1.33697	1.30315	1.32503
2001	 4	 1	24	2.41256	2.48965	2.43978
2001	 4	 2	24	3.00040	3.01877	3.00689
2001	 4	 3	24	2.17133	2.09493	2.14436
2001	 4	 4	24	1.26057	1.25416	1.25830
2001	 4	 5	24	1.53417	1.46020	1.50805
2001	 4	 6	24	0.77873	0.44616	0.66130
2001	 4	 7	24	0.44734	0.29534	0.39367
2001	 4	 8	24	0.28448	0.23454	0.26685
2001	 4	 9	24	1.49087	1.43171	1.46998
2001	 4	10	24	1.04119	0.79661	0.95483
2001	 4	11	24	0.61003	0.56000	0.59237
2001	 4	12	24	1.04127	1.06973	1.05132
2001	 4	13	24	0.27501	0.29902	0.28349
2001	 4	14	24	0.21243	0.13334	0.18450
2001	 4	15	24	0.19119	0.09584	0.15752
2001	 4	16	24	0.25555	0.11902	0.20734
2001	 4	17	24	0.20878	0.07744	0.16240
2001	 4	18	24	0.82714	0.37157	0.66627
2001	 4	19	24	1.33720	0.65415	1.09601
2001	 4	20	24	0.99787	0.83581	0.94065
2001	 4	21	24	0.06303	0.14359	0.09148
2001	 4	22	24	0.17187	0.35546	0.23670
2001	 4	23	24	0.83981	0.96012	0.88229
2001	 4	24	24	2.98197	3.13513	3.03605
2001	 4	25	24	3.07665	3.07679	3.07670
2001	 4	26	24	1.74607	1.81266	1.76959
2001	 4	27	24	1.35158	1.42063	1.37596
2001	 4	28	24	1.10501	0.91514	1.03797
2001	 4	29	24	1.49906	1.40360	1.46535
2001	 4	30	24	4.20938	4.48343	4.30615
2001	 5	 1	24	4.65696	4.95680	4.76284
2001	 5	 2	24	3.19550	3.52540	3.31199
2001	 5	 3	24	5.17669	5.43061	5.26635
2001	 5	 4	24	0.78483	0.80806	0.79303
2001	 5	 5	24	0.09128	0.18088	0.12292
2001	 5	 6	24	0.12389	0.19487	0.14895
2001	 5	 7	24	0.22335	0.34338	0.26574
2001	 5	 8	24	0.31527	0.48823	0.37634
2001	 5	 9	24	3.07821	3.46944	3.21636
2001	 5	10	24	4.47893	4.90352	4.62886
2001	 5	11	24	4.43451	4.78582	4.55856
2001	 5	12	24	3.71705	3.79335	3.74399
2001	 5	13	24	5.01137	5.16260	5.06477
2001	 5	14	24	6.38196	6.19292	6.31521
2001	 5	15	24	1.27259	1.22884	1.25714
2001	 5	16	24	3.38232	3.69089	3.49128
2001	 5	17	24	1.97681	1.95140	1.96784
2001	 5	18	24	1.13469	1.21424	1.16278
2001	 5	19	24	1.76215	1.68698	1.73560
2001	 5	20	24	3.14312	3.40730	3.23640
2001	 5	21	24	2.97743	3.06719	3.00913
2001	 5	22	24	2.88885	2.98506	2.92282
2001	 5	23	24	5.83693	5.71183	5.79276
2001	 5	24	24	6.54433	6.60610	6.56614
2001	 5	25	24	4.95826	5.27867	5.07140
2001	 5	26	24	5.96328	5.89518	5.93924
2001	 5	27	24	3.89462	3.62714	3.80017
2001	 5	28	24	0.36805	0.35710	0.36418
2001	 5	29	24	3.30579	3.31833	3.31022
2001	 5	30	24	3.17199	3.09766	3.14574
2001	 5	31	24	1.30647	1.13005	1.24417
2001	 6	 1	24	0.95984	0.86395	0.92598
2001	 6	 2	24	1.37646	0.96556	1.23137
2001	 6	 3	24	1.27068	1.09622	1.20908
2001	 6	 4	24	0.47720	0.45433	0.46913
2001	 6	 5	24	1.51754	1.55521	1.53084
2001	 6	 6	24	2.24738	1.94140	2.13933
2001	 6	 7	24	3.03518	2.81721	2.95822
2001	 6	 8	24	0.86492	0.95533	0.89684
2001	 6	 9	24	1.71411	1.56304	1.66077
2001	 6	10	24	0.58543	0.42775	0.52975
2001	 6	11	24	0.81593	0.82999	0.82090
2001	 6	12	24	1.74719	1.56155	1.68164
2001	 6	13	24	2.90693	2.79774	2.86838
2001	 6	14	24	4.26677	4.04281	4.18769
2001	 6	15	24	4.66175	4.51179	4.60880
2001	 6	16	24	1.76700	1.73583	1.75600
2001	 6	17	24	1.60242	1.61312	1.60620
2001	 6	18	24	0.79835	0.92142	0.84181
2001	 6	19	24	0.73994	0.67140	0.71574
2001	 6	20	24	3.12831	3.45522	3.24375
2001	 6	21	24	2.49621	2.59609	2.53148
2001	 6	22	24	0.55110	0.74886	0.62093
2001	 6	23	24	0.44835	0.47385	0.45736
2001	 6	24	24	3.21733	3.64246	3.36745
2001	 6	25	24	3.67052	4.11918	3.82895
2001	 6	26	24	4.95984	5.74627	5.23754
2001	 6	27	24	6.09216	6.22370	6.13861
2001	 6	28	24	1.84029	1.78360	1.82027
2001	 6	29	24	3.47160	4.15217	3.71192
2001	 6	30	24	3.39609	3.36789	3.38613
2001	 7	 1	24	2.07449	2.33385	2.16608
2001	 7	 2	24	1.95241	2.13151	2.01565
2001	 7	 3	24	3.43977	3.49093	3.45784
2001	 7	 4	24	2.71631	2.71609	2.71623
2001	 7	 5	24	5.25744	5.42137	5.31533
2001	 7	 6	24	6.75686	6.77997	6.76502
2001	 7	 7	24	3.82349	3.62411	3.75309
2001	 7	 8	24	0.83147	0.89079	0.85242
2001	 7	 9	24	0.39551	0.43765	0.41039
2001	 7	10	24	3.62691	3.68783	3.64842
2001	 7	11	24	3.12239	2.96956	3.06842
2001	 7	12	24	4.99041	4.71163	4.89197
2001	 7	13	24	2.17835	1.93132	2.09112
2001	 7	14	24	3.69599	3.40410	3.59292
2001	 7	15	24	1.68583	1.92758	1.77119
2001	 7	16	24	0.23076	0.37305	0.28100
2001	 7	17	24	0.51710	0.60917	0.54961
2001	 7	18	24	2.28078	2.17378	2.24300
2001	 7	19	24	2.60953	2.24570	2.48106
2001	 7	20	24	1.61981	1.62980	1.62334
2001	 7	21	24	1.52810	1.72297	1.59691
2001	 7	22	24	4.87782	5.19872	4.99113
2001	 7	23	24	5.04466	5.31495	5.14010
2001	 7	24	24	3.52027	3.35462	3.46178
2001	 7	25	24	3.84252	3.66797	3.78089
2001	 7	26	24	4.42720	4.90817	4.59703
2001	 7	27	24	4.93197	5.13565	5.00389
2001	 7	28	24	7.09410	7.30615	7.16898
2001	 7	29	24	3.91704	4.23454	4.02916
2001	 7	30	24	5.10081	5.61772	5.28334
2001	 7	31	24	5.11643	5.30423	5.18274
2001	 8	 1	24	2.32530	2.30466	2.31801
2001	 8	 2	24	4.10089	4.24175	4.15063
2001	 8	 3	24	2.95195	2.76837	2.88712
2001	 8	 4	24	1.07421	1.00613	1.05017
2001	 8	 5	24	2.95354	2.99393	2.96781
2001	 8	 6	24	2.87750	2.82934	2.86049
2001	 8	 7	24	2.63674	2.51236	2.59282
2001	 8	 8	24	3.10485	2.95463	3.05181
2001	 8	 9	24	3.43159	3.42520	3.42933
2001	 8	10	24	2.82681	2.88945	2.84892
2001	 8	11	24	2.32779	2.45124	2.37138
2001	 8	12	24	4.01174	4.13342	4.05471
2001	 8	13	24	1.97695	1.86020	1.93572
2001	 8	14	24	4.49853	4.25462	4.41241
2001	 8	15	24	6.09275	5.78426	5.98382
2001	 8	16	24	5.55764	5.07910	5.38866
2001	 8	17	24	1.42043	1.62868	1.49396
2001	 8	18	24	2.07188	2.55414	2.24217
2001	 8	19	24	2.07174	2.00273	2.04737
2001	 8	20	24	3.89072	3.96789	3.91797
2001	 8	21	24	0.14496	0.21726	0.17049
2001	 8	22	24	1.00684	1.24520	1.09101
2001	 8	23	24	2.43443	2.56562	2.48075
2001	 8	24	24	3.39377	3.20023	3.32543
2001	 8	25	24	4.45281	4.32674	4.40829
2001	 8	26	24	3.81008	3.73063	3.78203
2001	 8	27	24	2.56812	2.39578	2.50727
2001	 8	28	24	2.21260	1.98366	2.13176
2001	 8	29	24	1.53697	1.33452	1.46548
2001	 8	30	24	3.18664	2.83532	3.06259
2001	 8	31	24	0.93864	0.66920	0.84350
2001	 9	 1	24	0.09808	0.12673	0.10819
2001	 9	 2	24	1.41706	1.41071	1.41482
2001	 9	 3	24	1.98862	1.72544	1.89569
2001	 9	 4	24	0.94548	0.73785	0.87216
2001	 9	 5	24	0.82806	0.77916	0.81080
2001	 9	 6	24	1.16539	1.15924	1.16322
2001	 9	 7	24	0.46954	0.42583	0.45411
2001	 9	 8	24	0.49438	0.48662	0.49164
2001	 9	 9	24	0.44762	0.34096	0.40996
2001	 9	10	24	0.18910	0.19406	0.19085
2001	 9	11	24	0.82780	0.72489	0.79146
2001	 9	12	24	0.25157	0.29716	0.26767
2001	 9	13	24	0.33672	0.21248	0.29285
2001	 9	14	24	0.66036	0.50530	0.60561
2001	 9	15	24	0.87897	0.56971	0.76977
2001	 9	16	24	0.40851	0.39608	0.40412
2001	 9	17	24	0.59916	0.43772	0.54215
2001	 9	18	24	0.29623	0.27840	0.28993
2001	 9	19	24	1.18918	0.73444	1.02861
2001	 9	20	24	0.37704	0.17742	0.30655
2001	 9	21	24	0.65277	0.52430	0.60741
2001	 9	22	24	1.23607	1.03206	1.16403
2001	 9	23	24	1.70021	1.50247	1.63038
2001	 9	24	24	0.09763	0.10394	0.09986
2001	 9	25	24	0.04343	0.06280	0.05027
2001	 9	26	24	0.06831	0.09829	0.07890
2001	 9	27	24	0.40557	0.25133	0.35111
2001	 9	28	24	0.19038	0.10781	0.16122
2001	 9	29	24	1.03970	0.83097	0.96599
2001	 9	30	24	0.46441	0.34117	0.42089
2001	10	 1	24	0.56462	0.35373	0.49015
2001	10	 2	24	1.64487	1.48088	1.58696
2001	10	 3	24	1.91621	1.88295	1.90447
2001	10	 4	24	0.41046	0.36751	0.39529
2001	10	 5	24	1.08305	0.95545	1.03800
2001	10	 6	24	1.10415	0.86396	1.01934
2001	10	 7	24	0.93831	0.52576	0.79263
2001	10	 8	24	1.46461	1.16563	1.35904
2001	10	 9	24	1.49673	1.31646	1.43308
2001	10	10	24	1.66511	1.52330	1.61504
2001	10	11	24	1.01789	0.91367	0.98109
2001	10	12	24	1.44089	1.37975	1.41930
2001	10	13	24	3.04315	3.09518	3.06152
2001	10	14	24	3.58957	3.66049	3.61461
2001	10	15	24	1.50144	1.01145	1.32842
2001	10	16	24	0.54395	0.53615	0.54119
2001	10	17	24	0.44324	0.35012	0.41036
2001	10	18	24	0.31179	0.13968	0.25102
2001	10	19	24	0.72852	0.51279	0.65234
2001	10	20	24	0.60333	0.27490	0.48736
2001	10	21	24	0.30544	0.12313	0.24107
2001	10	22	24	0.05933	0.03370	0.05028
2001	10	23	24	0.01257	0.02402	0.01662
2001	10	24	24	0.16745	0.10081	0.14392
2001	10	25	24	0.36878	0.29634	0.34320
2001	10	26	24	0.48102	0.30312	0.41820
2001	10	27	24	0.24399	0.13955	0.20711
2001	10	28	24	0.12897	0.06865	0.10767
2001	10	29	24	0.43572	0.33805	0.40123
2001	10	30	24	1.55737	1.34063	1.48084
2001	10	31	24	2.60107	2.63987	2.61477
2001	11	 1	24	0.25876	0.15594	0.22245
2001	11	 2	24	0.14123	0.15542	0.14624
2001	11	 3	24	0.13685	0.05947	0.10953
2001	11	 4	24	0.50351	0.39362	0.46471
2001	11	 5	24	0.35917	0.17826	0.29529
2001	11	 6	24	0.44932	0.18228	0.35502
2001	11	 7	24	0.15441	0.06814	0.12395
2001	11	 8	24	0.05833	0.04794	0.05466
2001	11	 9	24	0.06466	0.06263	0.06395
2001	11	10	24	0.24567	0.19648	0.22830
2001	11	11	24	0.94259	0.71088	0.86077
2001	11	12	24	0.10413	0.04989	0.08498
2001	11	13	24	0.07060	0.06312	0.06795
2001	11	14	24	0.10851	0.10804	0.10834
2001	11	15	24	0.38118	0.23294	0.32884
2001	11	16	24	0.02870	0.03653	0.03147
2001	11	17	24	0.09976	0.08711	0.09529
2001	11	18	24	0.06658	0.03188	0.05433
2001	11	19	24	0.00821	0.02513	0.01418
2001	11	20	24	0.07850	0.07079	0.07578
2001	11	21	24	0.16865	0.05691	0.12919
2001	11	22	24	0.13817	0.06561	0.11255
2001	11	23	24	0.07538	0.03924	0.06262
2001	11	24	24	0.07351	0.02323	0.05575
2001	11	25	24	0.06883	0.00394	0.04592
2001	11	26	24	0.00207	0.00178	0.00197
2001	11	27	24	0.02593	0.00000	0.01678
2001	11	28	24	0.03406	0.00462	0.02366
2001	11	29	24	0.01910	0.01593	0.01798
2001	11	30	24	0.03430	0.00520	0.02402
2001	12	 1	24	0.53184	0.04764	0.36086
2001	12	 2	24	0.95942	0.13670	0.66891
2001	12	 3	24	0.49932	0.08459	0.35287
2001	12	 4	24	0.11796	0.03154	0.08744
2001	12	 5	24	0.01843	0.00154	0.01247
2001	12	 6	24	0.00000	0.00002	0.00001
2001	12	 7	24	0.00446	0.00143	0.00339
2001	12	 8	24	0.03322	0.02090	0.02887
2001	12	 9	24	0.16964	0.06096	0.13126
2001	12	10	24	0.55247	0.31021	0.46693
2001	12	11	24	0.00677	0.00118	0.00480
2001	12	12	24	0.00724	0.01177	0.00884
2001	12	13	24	0.14677	0.07347	0.12089
2001	12	14	24	0.08444	0.05316	0.07339
2001	12	15	24	0.05334	0.02757	0.04424
2001	12	16	24	0.02864	0.02500	0.02736
2001	12	17	24	0.01336	0.01145	0.01268
2001	12	18	24	0.00899	0.02335	0.01406
2001	12	19	24	0.02372	0.01548	0.02081
2001	12	20	24	0.05733	0.03085	0.04798
2001	12	21	24	0.09962	0.05572	0.08412
2001	12	22	24	0.03241	0.04100	0.03544
2001	12	23	24	0.10899	0.06961	0.09508
2001	12	24	24	0.31160	0.20718	0.27473
2001	12	25	24	0.10904	0.03555	0.08309
2001	12	26	24	0.12898	0.03693	0.09648
2001	12	27	24	0.14448	0.04722	0.11013
2001	12	28	24	0.08159	0.02630	0.06207
2001	12	29	24	0.11904	0.03424	0.08910
2001	12	30	24	0.05718	0.03902	0.05077
2001	12	31	24	0.07856	0.04665	0.06729
2002	 1	 1	24	0.07977	0.04464	0.06736
2002	 1	 2	24	0.05780	0.03953	0.05135
2002	 1	 3	24	0.10167	0.04553	0.08185
2002	 1	 4	24	0.71168	0.37396	0.59243
2002	 1	 5	24	1.50460	1.36619	1.45572
2002	 1	 6	24	0.49239	0.37156	0.44972
2002	 1	 7	24	0.00000	0.00018	0.00006
2002	 1	 8	24	0.00000	0.00000	0.00000
2002	 1	 9	24	0.52710	0.57799	0.54507
2002	 1	10	24	0.61144	0.72912	0.65299
2002	 1	11	24	0.48918	0.32615	0.43161
2002	 1	12	24	0.06984	0.02415	0.05370
2002	 1	13	24	0.00601	0.00560	0.00586
2002	 1	14	24	0.12971	0.00000	0.08391
2002	 1	15	24	0.20808	0.03735	0.14779
2002	 1	16	24	0.18010	0.02827	0.12649
2002	 1	17	24	0.08631	0.02237	0.06373
2002	 1	18	24	0.24181	0.02633	0.16572
2002	 1	19	24	0.08582	0.00630	0.05774
2002	 1	20	24	0.08925	0.01390	0.06264
2002	 1	21	24	0.06168	0.01921	0.04668
2002	 1	22	24	0.46020	0.14771	0.34985
2002	 1	23	24	0.52704	0.19349	0.40926
2002	 1	24	24	0.47279	0.13193	0.35243
2002	 1	25	24	0.28972	0.14638	0.23910
2002	 1	26	24	0.53573	0.29034	0.44908
2002	 1	27	24	0.41125	0.27096	0.36171
2002	 1	28	24	0.52756	0.35125	0.46531
2002	 1	29	24	1.80331	1.52765	1.70597
2002	 1	30	24	0.71969	0.29045	0.56812
2002	 1	31	24	1.79733	1.46487	1.67994
2002	 2	 1	24	0.77926	0.43451	0.65752
2002	 2	 2	24	1.39070	0.67575	1.13824
2002	 2	 3	24	1.24646	0.23761	0.89023
2002	 2	 4	24	1.39746	0.62336	1.12412
2002	 2	 5	24	1.16167	0.56932	0.95250
2002	 2	 6	24	0.27475	0.05311	0.19649
2002	 2	 7	24	0.28918	0.06537	0.21015
2002	 2	 8	24	0.30353	0.09606	0.23027
2002	 2	 9	24	0.50372	0.22346	0.40476
2002	 2	10	24	0.21938	0.07749	0.16928
2002	 2	11	24	0.25151	0.07462	0.18905
2002	 2	12	24	0.41966	0.23054	0.35288
2002	 2	13	24	0.06457	0.05815	0.06231
2002	 2	14	24	0.35003	0.23806	0.31049
2002	 2	15	24	1.23244	0.87035	1.10458
2002	 2	16	24	1.89815	1.46395	1.74483
2002	 2	17	24	0.85545	0.55682	0.75000
2002	 2	18	24	0.60920	0.41255	0.53976
2002	 2	19	24	0.41673	0.26464	0.36302
2002	 2	20	24	0.14426	0.03975	0.10735
2002	 2	21	24	0.07190	0.03785	0.05987
2002	 2	22	24	0.16264	0.06132	0.12686
2002	 2	23	24	0.08362	0.02259	0.06207
2002	 2	24	24	0.12864	0.05954	0.10424
2002	 2	25	24	0.04139	0.02843	0.03681
2002	 2	26	24	0.45687	0.28809	0.39727
2002	 2	27	24	0.75422	0.53745	0.67768
2002	 2	28	24	0.66446	0.37376	0.56181
2002	 3	 1	24	0.83936	0.52815	0.72947
2002	 3	 2	24	0.27139	0.11066	0.21463
2002	 3	 3	24	0.40212	0.20858	0.33378
2002	 3	 4	24	0.39745	0.12890	0.30262
2002	 3	 5	24	0.94873	0.30414	0.72112
2002	 3	 6	24	1.52527	0.81116	1.27311
2002	 3	 7	24	0.48367	0.26979	0.40815
2002	 3	 8	24	1.23808	0.63465	1.02501
2002	 3	 9	24	1.68596	1.04765	1.46056
2002	 3	10	24	1.60130	1.29562	1.49336
2002	 3	11	24	2.86223	2.35675	2.68373
2002	 3	12	24	2.77298	2.34762	2.62278
2002	 3	13	24	2.22608	2.01236	2.15061
2002	 3	14	24	0.07544	0.11237	0.08848
2002	 3	15	24	0.06340	0.10009	0.07636
2002	 3	16	24	0.23334	0.26451	0.24435
2002	 3	17	24	0.72885	0.28284	0.57136
2002	 3	18	24	1.27357	0.55596	1.02017
2002	 3	19	24	0.72963	0.45626	0.63310
2002	 3	20	24	0.19386	0.09332	0.15836
2002	 3	21	24	0.18900	0.12559	0.16661
2002	 3	22	24	0.26503	0.25322	0.26086
2002	 3	23	24	0.08096	0.14681	0.10421
2002	 3	24	24	0.05156	0.03710	0.04646
2002	 3	25	24	0.06147	0.03230	0.05117
2002	 3	26	24	0.11860	0.03702	0.08980
2002	 3	27	24	0.15462	0.05829	0.12061
2002	 3	28	24	0.53536	0.19393	0.41480
2002	 3	29	24	2.34263	1.43126	2.02082
2002	 3	30	24	3.69393	2.55880	3.29310
2002	 3	31	24	2.39252	2.49680	2.42934
2002	 4	 1	24	2.67403	2.64999	2.66554
2002	 4	 2	24	2.84172	2.71126	2.79565
2002	 4	 3	24	3.30086	3.07324	3.22048
2002	 4	 4	24	3.38240	3.09387	3.28052
2002	 4	 5	24	1.87102	1.65825	1.79589
2002	 4	 6	24	0.68562	0.56920	0.64451
2002	 4	 7	24	1.65940	1.53290	1.61473
2002	 4	 8	24	2.33565	2.10047	2.25260
2002	 4	 9	24	1.97814	1.66863	1.86885
2002	 4	10	24	1.35099	1.20750	1.30032
2002	 4	11	24	0.41851	0.20216	0.34211
2002	 4	12	24	0.33919	0.15623	0.27459
2002	 4	13	24	0.14767	0.15403	0.14992
2002	 4	14	24	0.02612	0.02466	0.02560
2002	 4	15	24	0.09114	0.10906	0.09746
2002	 4	16	24	1.03954	0.96156	1.01200
2002	 4	17	24	1.53455	1.34448	1.46743
2002	 4	18	24	1.24751	1.21011	1.23430
2002	 4	19	24	1.62666	1.61851	1.62378
2002	 4	20	24	0.63245	0.63410	0.63303
2002	 4	21	24	1.33497	1.47076	1.38292
2002	 4	22	24	0.89338	0.80607	0.86255
2002	 4	23	24	1.90198	1.93059	1.91209
2002	 4	24	24	0.69852	0.70932	0.70233
2002	 4	25	24	1.00419	0.91499	0.97269
2002	 4	26	24	1.60751	1.51878	1.57617
2002	 4	27	24	1.15116	1.00091	1.09811
2002	 4	28	24	1.82232	1.52906	1.71877
2002	 4	29	24	2.15537	1.91333	2.06991
2002	 4	30	24	2.89104	2.64517	2.80422
2002	 5	 1	24	3.85536	3.63039	3.77592
2002	 5	 2	24	1.91912	2.21143	2.02234
2002	 5	 3	24	0.79036	1.21251	0.93942
2002	 5	 4	24	0.55129	0.92979	0.68494
2002	 5	 5	24	0.22179	0.25975	0.23519
2002	 5	 6	24	0.64251	0.72868	0.67294
2002	 5	 7	24	1.28112	1.43636	1.33594
2002	 5	 8	24	4.42101	4.45955	4.43462
2002	 5	 9	24	5.34095	5.04325	5.23583
2002	 5	10	24	2.68019	2.37702	2.57313
2002	 5	11	24	1.01431	0.65541	0.88758
2002	 5	12	24	0.62775	0.67183	0.64331
2002	 5	13	24	0.99475	1.07115	1.02173
2002	 5	14	24	3.84466	3.70522	3.79542
2002	 5	15	24	2.62166	2.63803	2.62744
2002	 5	16	24	4.63184	4.68917	4.65208
2002	 5	17	24	5.01722	5.11925	5.05325
2002	 5	18	24	4.12609	4.09892	4.11649
2002	 5	19	24	0.74476	0.62659	0.70303
2002	 5	20	24	1.97746	1.88840	1.94601
2002	 5	21	24	3.83141	3.57071	3.73935
2002	 5	22	24	3.29672	2.81135	3.12533
2002	 5	23	24	2.73026	2.50907	2.65215
2002	 5	24	24	0.62835	0.55344	0.60190
2002	 5	25	24	1.39876	1.29738	1.36296
2002	 5	26	24	0.16116	0.19069	0.17159
2002	 5	27	24	1.88238	1.78402	1.84765
2002	 5	28	24	0.19139	0.22758	0.20417
2002	 5	29	24	2.82629	2.78922	2.81320
2002	 5	30	24	3.70948	3.51094	3.63937
2002	 5	31	24	3.69437	3.30827	3.55804
2002	 6	 1	24	3.07145	3.14118	3.09607
2002	 6	 2	24	4.04420	4.03768	4.04190
2002	 6	 3	24	4.58437	4.55748	4.57487
2002	 6	 4	24	5.61394	5.19799	5.46706
2002	 6	 5	24	5.48238	4.86680	5.26501
2002	 6	 6	24	0.40988	0.28344	0.36523
2002	 6	 7	24	0.23049	0.25834	0.24033
2002	 6	 8	24	0.17005	0.21948	0.18751
2002	 6	 9	24	0.82536	0.83663	0.82934
2002	 6	10	24	1.43118	1.51653	1.46132
2002	 6	11	24	2.64289	2.43093	2.56804
2002	 6	12	24	3.41385	3.11370	3.30786
2002	 6	13	24	2.85093	2.73545	2.81016
2002	 6	14	24	1.01112	1.13429	1.05461
2002	 6	15	24	1.87080	1.77669	1.83757
2002	 6	16	24	2.65477	2.72493	2.67955
2002	 6	17	24	4.71989	4.63438	4.68970
2002	 6	18	24	6.40746	6.02887	6.27377
2002	 6	19	24	2.65649	3.57932	2.98235
2002	 6	20	24	4.15961	4.84701	4.40234
2002	 6	21	24	1.61259	1.80160	1.67933
2002	 6	22	24	3.52032	3.85234	3.63756
2002	 6	23	24	3.14021	3.80001	3.37319
2002	 6	24	24	2.13737	2.17713	2.15141
2002	 6	25	24	3.84728	4.20275	3.97280
2002	 6	26	24	4.21996	4.36491	4.27115
2002	 6	27	24	4.44843	4.64197	4.51677
2002	 6	28	24	2.92180	2.96129	2.93575
2002	 6	29	24	2.59744	2.54203	2.57787
2002	 6	30	24	3.73902	3.51793	3.66095
2002	 7	 1	24	4.58759	4.50725	4.55922
2002	 7	 2	24	0.87450	0.51179	0.74642
2002	 7	 3	24	3.42844	3.02482	3.28592
2002	 7	 4	24	1.67322	1.39913	1.57644
2002	 7	 5	24	4.30009	4.09568	4.22791
2002	 7	 6	24	4.20009	3.96275	4.11628
2002	 7	 7	24	2.84475	2.82791	2.83880
2002	 7	 8	24	5.47171	5.33004	5.42169
2002	 7	 9	24	7.45800	7.28497	7.39690
2002	 7	10	24	4.89117	4.87657	4.88601
2002	 7	11	24	2.33840	2.06152	2.24063
2002	 7	12	24	5.30812	5.24714	5.28659
2002	 7	13	24	3.67783	3.67000	3.67506
2002	 7	14	24	1.62989	1.81497	1.69524
2002	 7	15	24	0.33041	0.46892	0.37932
2002	 7	16	24	0.54936	0.67627	0.59417
2002	 7	17	24	0.32630	0.40329	0.35348
2002	 7	18	24	0.49949	0.45778	0.48476
2002	 7	19	24	1.61225	1.53617	1.58538
2002	 7	20	24	1.48002	1.58036	1.51545
2002	 7	21	24	3.69721	3.30455	3.55856
2002	 7	22	24	2.31178	1.96008	2.18759
2002	 7	23	24	2.44359	2.09005	2.31875
2002	 7	24	24	1.92080	1.92210	1.92126
2002	 7	25	24	1.68197	1.78751	1.71924
2002	 7	26	24	0.94391	0.76972	0.88240
2002	 7	27	24	1.08710	0.89412	1.01896
2002	 7	28	24	5.53635	5.59184	5.55594
2002	 7	29	24	6.36407	6.50050	6.41225
2002	 7	30	24	6.50995	6.52516	6.51532
2002	 7	31	24	3.97523	3.81103	3.91725
2002	 8	 1	24	2.07178	2.38042	2.18077
2002	 8	 2	24	1.88314	1.90087	1.88940
2002	 8	 3	24	4.04614	3.98934	4.02608
2002	 8	 4	24	2.38977	2.42893	2.40360
2002	 8	 5	24	1.45487	1.67935	1.53413
2002	 8	 6	24	2.33444	2.19079	2.28371
2002	 8	 7	24	1.09218	1.30441	1.16712
2002	 8	 8	24	1.45913	1.49620	1.47222
2002	 8	 9	24	2.72957	3.13551	2.87292
2002	 8	10	24	3.20150	2.75660	3.04440
2002	 8	11	24	1.49515	1.20460	1.39255
2002	 8	12	24	0.03163	0.04873	0.03767
2002	 8	13	24	0.11370	0.05228	0.09201
2002	 8	14	24	0.21998	0.24869	0.23012
2002	 8	15	24	1.67968	1.69044	1.68348
2002	 8	16	24	1.95017	2.02856	1.97785
2002	 8	17	24	2.13430	2.12589	2.13133
2002	 8	18	24	3.67129	4.22539	3.86695
2002	 8	19	24	4.59555	4.75781	4.65285
2002	 8	20	24	5.06756	4.90274	5.00936
2002	 8	21	24	3.04547	2.66147	2.90987
2002	 8	22	24	3.20356	3.52649	3.31759
2002	 8	23	24	4.22971	4.32193	4.26227
2002	 8	24	24	3.99389	3.91485	3.96598
2002	 8	25	24	3.30659	3.56518	3.39790
2002	 8	26	24	4.48734	4.69353	4.56015
2002	 8	27	24	4.13684	4.06617	4.11189
2002	 8	28	24	1.97983	1.49832	1.80980
2002	 8	29	24	2.18072	2.47076	2.28313
2002	 8	30	24	1.72072	1.75577	1.73310
2002	 8	31	24	1.99467	1.95130	1.97936
2002	 9	 1	24	1.18592	1.07488	1.14671
2002	 9	 2	24	2.80743	2.74351	2.78486
2002	 9	 3	24	2.58432	2.18347	2.44277
2002	 9	 4	24	3.38554	3.11053	3.28843
2002	 9	 5	24	1.29953	1.16311	1.25136
2002	 9	 6	24	1.72640	1.84784	1.76929
2002	 9	 7	24	2.63719	2.83613	2.70743
2002	 9	 8	24	3.59859	3.54780	3.58065
2002	 9	 9	24	3.65780	3.53582	3.61473
2002	 9	10	24	2.41514	2.45011	2.42749
2002	 9	11	24	0.86518	0.96258	0.89957
2002	 9	12	24	3.04680	2.97756	3.02235
2002	 9	13	24	3.04321	3.05432	3.04713
2002	 9	14	24	1.05022	1.05266	1.05108
2002	 9	15	24	0.37234	0.37301	0.37258
2002	 9	16	24	0.79514	0.74956	0.77905
2002	 9	17	24	0.30804	0.25743	0.29017
2002	 9	18	24	0.79687	0.71161	0.76676
2002	 9	19	24	1.34171	1.13593	1.26904
2002	 9	20	24	1.02238	0.92600	0.98835
2002	 9	21	24	0.57514	0.54601	0.56486
2002	 9	22	24	0.50978	0.48207	0.50000
2002	 9	23	24	0.10239	0.16304	0.12381
2002	 9	24	24	0.75056	0.56954	0.68664
2002	 9	25	24	0.53618	0.36866	0.47703
2002	 9	26	24	0.05873	0.06222	0.05996
2002	 9	27	24	0.31867	0.36716	0.33579
2002	 9	28	24	0.83860	0.78956	0.82129
2002	 9	29	24	0.66606	0.60436	0.64428
2002	 9	30	24	0.85638	0.69147	0.79815
2002	10	 1	24	1.44554	1.31144	1.39819
2002	10	 2	24	1.52909	1.29773	1.44740
2002	10	 3	24	1.05821	0.99977	1.03757
2002	10	 4	24	0.47958	0.39423	0.44945
2002	10	 5	24	0.59880	0.50530	0.56578
2002	10	 6	24	0.13379	0.13649	0.13475
2002	10	 7	24	0.14610	0.15287	0.14849
2002	10	 8	24	0.11743	0.07443	0.10225
2002	10	 9	24	0.16219	0.12283	0.14829
2002	10	10	24	0.19019	0.10345	0.15956
2002	10	11	24	0.41673	0.24739	0.35693
2002	10	12	24	0.11839	0.10918	0.11514
2002	10	13	24	0.02771	0.01776	0.02419
2002	10	14	24	0.22619	0.09818	0.18099
2002	10	15	24	0.78986	0.47935	0.68021
2002	10	16	24	0.24947	0.13114	0.20768
2002	10	17	24	0.41489	0.19931	0.33877
2002	10	18	24	0.41767	0.23904	0.35460
2002	10	19	24	0.20363	0.10610	0.16919
2002	10	20	24	0.53778	0.42108	0.49657
2002	10	21	24	0.40031	0.11445	0.29937
2002	10	22	24	0.17879	0.08633	0.14614
2002	10	23	24	0.73449	0.39601	0.61497
2002	10	24	24	0.55542	0.34037	0.47948
2002	10	25	24	0.30376	0.08809	0.22761
2002	10	26	24	0.92546	0.67930	0.83854
2002	10	27	24	0.56311	0.31754	0.47640
2002	10	28	24	0.33218	0.19527	0.28383
2002	10	29	24	0.44287	0.25910	0.37798
2002	10	30	24	0.15386	0.04397	0.11506
2002	10	31	24	0.39713	0.23429	0.33963
2002	11	 1	24	0.35867	0.22576	0.31174
2002	11	 2	24	0.02580	0.00845	0.01967
2002	11	 3	24	0.13378	0.04707	0.10316
2002	11	 4	24	0.00079	0.00000	0.00051
2002	11	 5	24	0.11911	0.01630	0.08281
2002	11	 6	24	0.20892	0.02604	0.14434
2002	11	 7	24	0.21002	0.02598	0.14503
2002	11	 8	24	0.04155	0.00000	0.02688
2002	11	 9	24	0.06368	0.00679	0.04359
2002	11	10	24	0.05692	0.00000	0.03682
2002	11	11	24	0.04882	0.00567	0.03358
2002	11	12	24	0.18681	0.00000	0.12084
2002	11	13	24	0.55236	0.09867	0.39216
2002	11	14	24	0.50813	0.01071	0.33248
2002	11	15	24	0.54770	0.19317	0.42251
2002	11	16	24	0.79331	0.27348	0.60975
2002	11	17	24	0.78598	0.36750	0.63821
2002	11	18	24	0.48946	0.13207	0.36326
2002	11	19	24	0.00000	0.00000	0.00000
2002	11	20	24	0.05231	0.03599	0.04655
2002	11	21	24	0.15446	0.03769	0.11323
2002	11	22	24	0.09338	0.01128	0.06439
2002	11	23	24	0.01286	0.00000	0.00832
2002	11	24	24	0.38503	0.07710	0.27629
2002	11	25	24	0.30037	0.04389	0.20980
2002	11	26	24	0.24556	0.07734	0.18616
2002	11	27	24	0.01316	0.00018	0.00857
2002	11	28	24	0.09330	0.00249	0.06123
2002	11	29	24	0.12898	0.01467	0.08862
2002	11	30	24	0.00000	0.00000	0.00000
2002	12	 1	24	0.03588	0.01210	0.02748
2002	12	 2	24	0.07245	0.00078	0.04715
2002	12	 3	24	0.01538	0.00045	0.01011
2002	12	 4	24	0.00174	0.00339	0.00232
2002	12	 5	24	0.00601	0.01598	0.00953
2002	12	 6	24	0.01013	0.02081	0.01390
2002	12	 7	24	0.03716	0.02581	0.03315
2002	12	 8	24	0.11395	0.09664	0.10784
2002	12	 9	24	0.12181	0.09914	0.11381
2002	12	10	24	0.20927	0.05181	0.15367
2002	12	11	24	0.42732	0.11455	0.31688
2002	12	12	24	0.22061	0.05937	0.16368
2002	12	13	24	0.17281	0.04570	0.12792
2002	12	14	24	0.07929	0.02913	0.06158
2002	12	15	24	0.06022	0.02219	0.04679
2002	12	16	24	0.04641	0.00115	0.03043
2002	12	17	24	0.00400	0.00000	0.00259
2002	12	18	24	0.01167	0.00000	0.00755
2002	12	19	24	0.00532	0.00000	0.00344
2002	12	20	24	0.02478	0.00000	0.01603
2002	12	21	24	0.00173	0.00000	0.00112
2002	12	22	24	0.03156	0.00000	0.02041
2002	12	23	24	0.00305	0.00000	0.00197
2002	12	24	24	0.09260	0.00256	0.06081
2002	12	25	24	0.04769	0.00024	0.03094
2002	12	26	24	0.05292	0.00708	0.03674
2002	12	27	24	0.09313	0.00056	0.06044
2002	12	28	24	0.35199	0.00285	0.22870
2002	12	29	24	0.06801	0.02065	0.05129
2002	12	30	24	0.00406	0.01625	0.00836
2002	12	31	24	0.03566	0.02387	0.03150
2003	 1	 1	24	0.15909	0.05517	0.12239
2003	 1	 2	24	0.14670	0.09720	0.12922
2003	 1	 3	24	0.08324	0.07000	0.07857
2003	 1	 4	24	0.03504	0.03269	0.03421
2003	 1	 5	24	0.06874	0.02610	0.05368
2003	 1	 6	24	0.04893	0.01579	0.03723
2003	 1	 7	24	0.06646	0.03687	0.05601
2003	 1	 8	24	0.18727	0.21093	0.19563
2003	 1	 9	24	0.05062	0.05575	0.05243
2003	 1	10	24	0.06768	0.03226	0.05518
2003	 1	11	24	0.05388	0.01577	0.04043
2003	 1	12	24	0.14117	0.01848	0.09785
2003	 1	13	24	0.05540	0.01951	0.04273
2003	 1	14	24	0.03503	0.02812	0.03259
2003	 1	15	24	0.21122	0.15181	0.19024
2003	 1	16	24	0.26046	0.10596	0.20590
2003	 1	17	24	0.37381	0.05440	0.26103
2003	 1	18	24	0.23789	0.05414	0.17300
2003	 1	19	24	0.18239	0.05486	0.13736
2003	 1	20	24	0.20408	0.05570	0.15168
2003	 1	21	24	0.29669	0.03342	0.20373
2003	 1	22	24	0.37597	0.03111	0.25420
2003	 1	23	24	0.12219	0.06967	0.10364
2003	 1	24	24	0.02565	0.06445	0.03935
2003	 1	25	24	0.06263	0.00023	0.04060
2003	 1	26	24	0.05791	0.00053	0.03765
2003	 1	27	24	0.08275	0.11220	0.09315
2003	 1	28	24	0.15265	0.11596	0.13969
2003	 1	29	24	0.08705	0.04683	0.07285
2003	 1	30	24	0.07658	0.01655	0.05538
2003	 1	31	24	0.07038	0.01275	0.05003
2003	 2	 1	24	0.08053	0.01843	0.05860
2003	 2	 2	24	0.14309	0.02263	0.10056
2003	 2	 3	24	0.07959	0.03210	0.06282
2003	 2	 4	24	0.11108	0.02811	0.08178
2003	 2	 5	24	0.05908	0.00284	0.03922
2003	 2	 6	24	0.05361	0.01344	0.03943
2003	 2	 7	24	0.05862	0.01653	0.04376
2003	 2	 8	24	0.03537	0.01301	0.02747
2003	 2	 9	24	0.09924	0.02224	0.07205
2003	 2	10	24	0.07301	0.00909	0.05044
2003	 2	11	24	0.06825	0.02342	0.05242
2003	 2	12	24	0.38663	0.21358	0.32553
2003	 2	13	24	1.18978	0.94121	1.10201
2003	 2	14	24	1.02875	0.76808	0.93670
2003	 2	15	24	0.08422	0.04876	0.07170
2003	 2	16	24	0.05207	0.01522	0.03906
2003	 2	17	24	0.02886	0.02768	0.02845
2003	 2	18	24	0.07240	0.03036	0.05756
2003	 2	19	24	0.03031	0.00000	0.01960
2003	 2	20	24	0.12243	0.14300	0.12969
2003	 2	21	24	0.56893	0.21607	0.44433
2003	 2	22	24	0.46941	0.06589	0.32692
2003	 2	23	24	1.05323	0.25848	0.77260
2003	 2	24	24	1.93435	1.01836	1.61091
2003	 2	25	24	2.40711	1.55621	2.10665
2003	 2	26	24	1.43000	0.46545	1.08941
2003	 2	27	24	1.82538	0.76054	1.44937
2003	 2	28	24	1.52764	1.10083	1.37693
2003	 3	 1	24	0.88323	0.47321	0.73845
2003	 3	 2	24	0.27474	0.03832	0.19126
2003	 3	 3	24	0.12252	0.00337	0.08044
2003	 3	 4	24	0.11494	0.00827	0.07727
2003	 3	 5	24	0.36626	0.01249	0.24134
2003	 3	 6	24	0.72632	0.08880	0.50120
2003	 3	 7	24	0.11323	0.02766	0.08301
2003	 3	 8	24	0.55992	0.10748	0.40016
2003	 3	 9	24	0.23302	0.08059	0.17920
2003	 3	10	24	1.86729	0.98051	1.55416
2003	 3	11	24	1.44540	0.94715	1.26946
2003	 3	12	24	0.23583	0.11281	0.19239
2003	 3	13	24	0.68580	0.43925	0.59874
2003	 3	14	24	0.15939	0.09299	0.13594
2003	 3	15	24	0.50782	0.26411	0.42176
2003	 3	16	24	0.76834	0.51506	0.67891
2003	 3	17	24	0.56556	0.36401	0.49439
2003	 3	18	24	0.83283	0.59823	0.74999
2003	 3	19	24	1.12234	0.91712	1.04987
2003	 3	20	24	0.08579	0.08516	0.08556
2003	 3	21	24	1.28131	1.15082	1.23523
2003	 3	22	24	2.12654	1.74829	1.99298
2003	 3	23	24	3.49759	2.91411	3.29156
2003	 3	24	24	4.08540	4.01345	4.06000
2003	 3	25	24	2.40657	2.38189	2.39786
2003	 3	26	24	1.86819	2.16161	1.97180
2003	 3	27	24	2.41944	2.30629	2.37949
2003	 3	28	24	1.66966	2.03885	1.80003
2003	 3	29	24	2.43766	2.40817	2.42724
2003	 3	30	24	1.59680	1.53040	1.57336
2003	 3	31	24	1.20539	1.04851	1.14999
2003	 4	 1	24	3.08972	2.76565	2.97529
2003	 4	 2	24	0.53042	0.41279	0.48889
2003	 4	 3	24	0.31222	0.22854	0.28267
2003	 4	 4	24	1.42432	1.22911	1.35539
2003	 4	 5	24	0.62367	0.39747	0.54380
2003	 4	 6	24	0.63215	0.46633	0.57360
2003	 4	 7	24	0.23413	0.26089	0.24358
2003	 4	 8	24	0.43333	0.09405	0.31353
2003	 4	 9	24	0.91148	0.36465	0.71839
2003	 4	10	24	1.66545	0.84415	1.37544
2003	 4	11	24	0.65692	0.27563	0.52229
2003	 4	12	24	1.95163	1.54591	1.80837
2003	 4	13	24	2.65177	2.61088	2.63733
2003	 4	14	24	3.29043	3.22216	3.26633
2003	 4	15	24	3.73382	3.78958	3.75351
2003	 4	16	24	4.00283	4.09296	4.03466
2003	 4	17	24	3.88946	4.05159	3.94671
2003	 4	18	24	0.36346	0.44542	0.39240
2003	 4	19	24	0.17520	0.14705	0.16526
2003	 4	20	24	3.23395	2.73651	3.05830
2003	 4	21	24	3.85035	3.84036	3.84682
2003	 4	22	24	4.52752	4.56710	4.54150
2003	 4	23	24	3.46379	3.38584	3.43627
2003	 4	24	24	3.31233	3.25829	3.29325
2003	 4	25	24	3.72636	3.83630	3.76518
2003	 4	26	24	3.88983	3.65209	3.80588
2003	 4	27	24	1.30815	1.18410	1.26435
2003	 4	28	24	2.16880	1.93317	2.08560
2003	 4	29	24	2.58458	2.07567	2.40488
2003	 4	30	24	2.52690	2.24241	2.42644
2003	 5	 1	24	3.74017	3.77870	3.75377
2003	 5	 2	24	4.29560	4.27674	4.28894
2003	 5	 3	24	2.86606	2.69445	2.80546
2003	 5	 4	24	5.06297	5.18321	5.10543
2003	 5	 5	24	6.37585	6.12059	6.28572
2003	 5	 6	24	5.01270	4.86182	4.95942
2003	 5	 7	24	2.86484	2.82209	2.84974
2003	 5	 8	24	3.63178	3.49812	3.58458
2003	 5	 9	24	0.93957	0.95787	0.94603
2003	 5	10	24	0.53083	0.52481	0.52870
2003	 5	11	24	1.21916	1.01291	1.14633
2003	 5	12	24	1.84836	1.56976	1.74999
2003	 5	13	24	1.00348	0.72501	0.90515
2003	 5	14	24	2.17413	2.08240	2.14174
2003	 5	15	24	1.03773	0.88555	0.98399
2003	 5	16	24	3.05165	2.98455	3.02796
2003	 5	17	24	2.99744	2.56098	2.84332
2003	 5	18	24	1.77112	1.74402	1.76155
2003	 5	19	24	1.10468	1.15820	1.12358
2003	 5	20	24	1.66960	1.48057	1.60285
2003	 5	21	24	2.43834	2.34092	2.40394
2003	 5	22	24	1.89065	1.71044	1.82702
2003	 5	23	24	1.96065	1.36239	1.74939
2003	 5	24	24	4.79755	4.15947	4.57224
2003	 5	25	24	3.28122	2.60749	3.04332
2003	 5	26	24	0.52532	0.46194	0.50294
2003	 5	27	24	1.13123	1.21260	1.15997
2003	 5	28	24	3.13847	2.84032	3.03319
2003	 5	29	24	5.76567	5.77839	5.77016
2003	 5	30	24	6.77442	6.40523	6.64406
2003	 5	31	24	3.52645	3.19466	3.40929
2003	 6	 1	24	4.43362	4.83731	4.57616
2003	 6	 2	24	6.40651	6.00326	6.26412
2003	 6	 3	24	6.02637	5.54464	5.85626
2003	 6	 4	24	6.03495	5.39308	5.80830
2003	 6	 5	24	4.56179	4.30560	4.47132
2003	 6	 6	24	0.74686	0.91442	0.80602
2003	 6	 7	24	5.25929	5.18630	5.23351
2003	 6	 8	24	6.67125	6.27707	6.53206
2003	 6	 9	24	4.79298	4.94414	4.84636
2003	 6	10	24	6.07875	5.63109	5.92068
2003	 6	11	24	3.04554	2.37368	2.80830
2003	 6	12	24	5.31934	5.36635	5.33594
2003	 6	13	24	1.97959	1.92442	1.96011
2003	 6	14	24	5.16446	5.03174	5.11760
2003	 6	15	24	5.23118	5.11515	5.19021
2003	 6	16	24	4.95954	5.21634	5.05022
2003	 6	17	24	5.52182	5.76052	5.60611
2003	 6	18	24	1.93991	1.65030	1.83765
2003	 6	19	24	0.99405	0.80844	0.92851
2003	 6	20	24	3.09533	3.23131	3.14335
2003	 6	21	24	3.13255	3.10534	3.12294
2003	 6	22	24	3.95867	4.44392	4.13002
2003	 6	23	24	4.85849	4.82958	4.84828
2003	 6	24	24	4.24229	4.66057	4.38999
2003	 6	25	24	3.23638	3.27858	3.25128
2003	 6	26	24	2.43084	2.51715	2.46131
2003	 6	27	24	4.07089	4.65332	4.27655
2003	 6	28	24	5.19863	6.05559	5.50123
2003	 6	29	24	4.48796	4.84651	4.61457
2003	 6	30	24	4.17865	5.28790	4.57033
2003	 7	 1	24	0.33046	0.20591	0.28648
2003	 7	 2	24	3.14103	2.62528	2.95891
2003	 7	 3	24	2.01224	1.37955	1.78883
2003	 7	 4	24	1.86962	1.39309	1.70135
2003	 7	 5	24	0.27911	0.29083	0.28325
2003	 7	 6	24	0.83626	0.71473	0.79335
2003	 7	 7	24	2.10113	2.06976	2.09006
2003	 7	 8	24	3.35695	3.53481	3.41975
2003	 7	 9	24	2.54076	2.73096	2.60792
2003	 7	10	24	2.47326	2.62264	2.52601
2003	 7	11	24	5.28272	5.39949	5.32395
2003	 7	12	24	3.70312	3.63332	3.67847
2003	 7	13	24	3.05326	3.05648	3.05439
2003	 7	14	24	5.33047	5.55430	5.40951
2003	 7	15	24	6.04655	6.31623	6.14177
2003	 7	16	24	7.39991	7.36557	7.38778
2003	 7	17	24	2.91945	2.90564	2.91457
2003	 7	18	24	3.34604	3.92626	3.55092
2003	 7	19	24	6.20439	6.75842	6.40002
2003	 7	20	24	7.33153	7.34793	7.33732
2003	 7	21	24	6.30985	6.22813	6.28099
2003	 7	22	24	3.81459	4.29999	3.98599
2003	 7	23	24	2.86092	3.25763	3.00100
2003	 7	24	24	4.78427	4.50287	4.68490
2003	 7	25	24	2.19830	2.45244	2.28804
2003	 7	26	24	3.26959	2.68429	3.06291
2003	 7	27	24	5.18554	5.11441	5.16042
2003	 7	28	24	1.28267	1.62293	1.40282
2003	 7	29	24	2.41643	2.85400	2.57094
2003	 7	30	24	5.17298	5.57705	5.31566
2003	 7	31	24	2.73320	2.77134	2.74667
2003	 8	 1	24	3.22116	3.85914	3.44644
2003	 8	 2	24	5.02525	5.50190	5.19356
2003	 8	 3	24	5.79315	6.32526	5.98104
2003	 8	 4	24	6.19974	6.68945	6.37266
2003	 8	 5	24	5.79399	6.22777	5.94716
2003	 8	 6	24	6.18581	6.66254	6.35415
2003	 8	 7	24	5.89490	7.17333	6.34633
2003	 8	 8	24	6.50993	7.39068	6.82094
2003	 8	 9	24	6.50886	7.38407	6.81790
2003	 8	10	24	6.49947	7.37473	6.80853
2003	 8	11	24	5.82315	7.04879	6.25594
2003	 8	12	24	7.65170	7.43308	7.57450
2003	 8	13	24	7.26892	7.18413	7.23898
2003	 8	14	24	3.10319	3.45415	3.22712
2003	 8	15	24	4.07784	4.28137	4.14971
2003	 8	16	24	4.77608	5.11930	4.89728
2003	 8	17	24	6.30339	6.66227	6.43012
2003	 8	18	24	5.44970	5.15580	5.34592
2003	 8	19	24	1.91986	1.89236	1.91015
2003	 8	20	24	2.62602	2.73765	2.66544
2003	 8	21	24	4.58531	4.75129	4.64392
2003	 8	22	24	6.09740	6.20604	6.13576
2003	 8	23	24	2.35605	2.33054	2.34704
2003	 8	24	24	2.02828	2.05244	2.03681
2003	 8	25	24	3.54770	3.76009	3.62270
2003	 8	26	24	5.24340	5.43361	5.31056
2003	 8	27	24	2.50776	2.43553	2.48226
2003	 8	28	24	3.30796	3.25883	3.29061
2003	 8	29	24	3.92875	3.65520	3.83216
2003	 8	30	24	0.91626	0.84874	0.89242
2003	 8	31	24	1.53622	1.49458	1.52152
2003	 9	 1	24	1.64979	1.78626	1.69798
2003	 9	 2	24	1.09535	1.35742	1.18789
2003	 9	 3	24	2.84148	2.80744	2.82946
2003	 9	 4	24	1.59675	1.55427	1.58175
2003	 9	 5	24	2.97752	3.02056	2.99272
2003	 9	 6	24	4.24115	3.93008	4.13131
2003	 9	 7	24	4.19331	3.75605	4.03891
2003	 9	 8	24	3.62957	3.38439	3.54299
2003	 9	 9	24	1.19335	1.04432	1.14073
2003	 9	10	24	1.34619	1.34143	1.34450
2003	 9	11	24	0.41927	0.36743	0.40097
2003	 9	12	24	0.62595	0.80430	0.68893
2003	 9	13	24	0.56896	0.65767	0.60029
2003	 9	14	24	0.67732	0.70022	0.68541
2003	 9	15	24	2.95294	2.87611	2.92581
2003	 9	16	24	3.13708	3.14947	3.14145
2003	 9	17	24	2.84566	3.15448	2.95471
2003	 9	18	24	4.39142	4.08548	4.28339
2003	 9	19	24	5.32015	5.37908	5.34096
2003	 9	20	24	5.24474	5.03184	5.16956
2003	 9	21	24	5.07685	5.13233	5.09644
2003	 9	22	24	4.64463	4.48480	4.58819
2003	 9	23	24	1.26624	1.07535	1.19883
2003	 9	24	24	1.32166	1.40949	1.35267
2003	 9	25	24	2.44084	2.38503	2.42113
2003	 9	26	24	3.30623	2.68750	3.08775
2003	 9	27	24	1.88975	1.83345	1.86987
2003	 9	28	24	2.16543	1.97195	2.09711
2003	 9	29	24	1.02819	1.03550	1.03077
2003	 9	30	24	0.51828	0.51065	0.51559
2003	10	 1	24	1.29884	0.84935	1.14012
2003	10	 2	24	0.27639	0.08437	0.20859
2003	10	 3	24	0.42503	0.35007	0.39856
2003	10	 4	24	0.74302	0.66728	0.71628
2003	10	 5	24	0.16127	0.12975	0.15014
2003	10	 6	24	0.71610	0.60819	0.67800
2003	10	 7	24	0.32116	0.20793	0.28117
2003	10	 8	24	0.09228	0.07197	0.08511
2003	10	 9	24	0.26340	0.20816	0.24389
2003	10	10	24	0.14988	0.03316	0.10867
2003	10	11	24	0.82158	0.60215	0.74409
2003	10	12	24	0.82158	0.78920	0.81014
2003	10	13	24	0.81733	0.79569	0.80969
2003	10	14	24	0.51722	0.49526	0.50946
2003	10	15	24	0.43834	0.33763	0.40278
2003	10	16	24	0.50439	0.45522	0.48703
2003	10	17	24	0.83111	0.62268	0.75751
2003	10	18	24	1.08192	0.75540	0.96662
2003	10	19	24	0.58621	0.38402	0.51481
2003	10	20	24	0.13555	0.03096	0.09862
2003	10	21	24	0.00129	0.00000	0.00083
2003	10	22	24	0.01008	0.00000	0.00652
2003	10	23	24	0.25298	0.18499	0.22897
2003	10	24	24	0.19433	0.13956	0.17499
2003	10	25	24	0.54919	0.34730	0.47790
2003	10	26	24	0.05368	0.01647	0.04054
2003	10	27	24	0.12612	0.15593	0.13664
2003	10	28	24	0.52662	0.31040	0.45027
2003	10	29	24	0.61383	0.13799	0.44581
2003	10	30	24	0.15812	0.06598	0.12558
2003	10	31	24	0.50191	0.19537	0.39367
2003	11	 1	24	0.38340	0.11866	0.28992
2003	11	 2	24	0.76052	0.54820	0.68555
2003	11	 3	24	0.63615	0.28685	0.51281
2003	11	 4	24	0.68903	0.55232	0.64075
2003	11	 5	24	0.72186	0.48616	0.63863
2003	11	 6	24	0.64129	0.45279	0.57473
2003	11	 7	24	0.01865	0.00702	0.01454
2003	11	 8	24	0.49365	0.21948	0.39684
2003	11	 9	24	0.83524	0.51785	0.72316
2003	11	10	24	0.37165	0.10600	0.27785
2003	11	11	24	0.46400	0.13938	0.34938
2003	11	12	24	0.54084	0.19876	0.42004
2003	11	13	24	0.35982	0.12366	0.27643
2003	11	14	24	0.27369	0.07984	0.20524
2003	11	15	24	0.30326	0.09809	0.23081
2003	11	16	24	0.18344	0.03391	0.13064
2003	11	17	24	0.04067	0.00000	0.02631
2003	11	18	24	0.06694	0.00014	0.04335
2003	11	19	24	0.22524	0.06376	0.16822
2003	11	20	24	0.27422	0.06730	0.20115
2003	11	21	24	1.10253	0.60149	0.92561
2003	11	22	24	1.04601	0.27372	0.77331
2003	11	23	24	1.00209	0.07229	0.67377
2003	11	24	24	0.98408	0.12255	0.67987
2003	11	25	24	0.50875	0.18910	0.39588
2003	11	26	24	0.16509	0.02522	0.11570
2003	11	27	24	0.06000	0.02365	0.04716
2003	11	28	24	0.00000	0.00000	0.00000
2003	11	29	24	0.00000	0.00000	0.00000
2003	11	30	24	0.08106	0.01058	0.05617
2003	12	 1	24	0.20064	0.01215	0.13408
2003	12	 2	24	0.15270	0.01149	0.10284
2003	12	 3	24	0.09593	0.01274	0.06656
2003	12	 4	24	0.03974	0.00000	0.02571
2003	12	 5	24	0.00880	0.00000	0.00569
2003	12	 6	24	0.28549	0.06375	0.20720
2003	12	 7	24	0.07488	0.00216	0.04920
2003	12	 8	24	0.85121	0.49159	0.72422
2003	12	 9	24	1.14020	0.49828	0.91353
2003	12	10	24	0.64414	0.16523	0.47504
2003	12	11	24	0.75886	0.08342	0.52035
2003	12	12	24	0.06592	0.00000	0.04265
2003	12	13	24	0.08324	0.00024	0.05393
2003	12	14	24	0.08832	0.00508	0.05893
2003	12	15	24	0.03311	0.00001	0.02142
2003	12	16	24	0.04135	0.00000	0.02675
2003	12	17	24	0.01957	0.00000	0.01266
2003	12	18	24	0.32828	0.09303	0.24521
2003	12	19	24	0.46916	0.00650	0.30579
2003	12	20	24	0.08487	0.00527	0.05676
2003	12	21	24	0.42723	0.19195	0.34415
2003	12	22	24	0.08481	0.02406	0.06336
2003	12	23	24	0.21594	0.09493	0.17321
2003	12	24	24	0.52060	0.09803	0.37138
2003	12	25	24	0.71614	0.32620	0.57845
2003	12	26	24	0.18171	0.00012	0.11759
2003	12	27	24	0.56941	0.00521	0.37019
2003	12	28	24	0.52705	0.00362	0.34222
2003	12	29	24	0.34480	0.04333	0.23835
2003	12	30	24	0.06952	0.01039	0.04864
2003	12	31	24	0.00493	0.00629	0.00541
2004	 1	 1	24	0.05299	0.00162	0.03485
2004	 1	 2	24	0.10659	0.02651	0.07831
2004	 1	 3	24	0.13886	0.04301	0.10501
2004	 1	 4	24	0.17844	0.07127	0.14060
2004	 1	 5	24	0.07685	0.03894	0.06347
2004	 1	 6	24	0.21594	0.03291	0.15131
2004	 1	 7	24	0.03459	0.00000	0.02237
2004	 1	 8	24	0.12092	0.00000	0.07822
2004	 1	 9	24	0.09962	0.00013	0.06449
2004	 1	10	24	0.00376	0.00000	0.00243
2004	 1	11	24	0.11197	0.00002	0.07244
2004	 1	12	24	0.14917	0.00000	0.09650
2004	 1	13	24	0.09600	0.00006	0.06212
2004	 1	14	24	0.28836	0.02044	0.19376
2004	 1	15	24	0.05364	0.00007	0.03473
2004	 1	16	24	0.28169	0.02448	0.19087
2004	 1	17	24	0.42133	0.13076	0.31873
2004	 1	18	24	0.05053	0.00000	0.03269
2004	 1	19	24	0.29521	0.13814	0.23975
2004	 1	20	24	0.00832	0.00000	0.00538
2004	 1	21	24	0.02209	0.00000	0.01429
2004	 1	22	24	0.06996	0.04088	0.05969
2004	 1	23	24	0.09484	0.07315	0.08718
2004	 1	24	24	0.44030	0.13249	0.33161
2004	 1	25	24	0.06497	0.01763	0.04825
2004	 1	26	24	0.01625	0.00000	0.01051
2004	 1	27	24	0.04035	0.00603	0.02823
2004	 1	28	24	0.06799	0.00113	0.04438
2004	 1	29	24	0.09496	0.01200	0.06567
2004	 1	30	24	0.08869	0.03521	0.06980
2004	 1	31	24	0.70273	0.28770	0.55618
2004	 2	 1	24	0.58976	0.37829	0.51509
2004	 2	 2	24	0.16888	0.07181	0.13461
2004	 2	 3	24	0.08298	0.03854	0.06729
2004	 2	 4	24	1.19928	0.96663	1.11713
2004	 2	 5	24	1.17043	0.80664	1.04198
2004	 2	 6	24	1.27398	0.82948	1.11702
2004	 2	 7	24	0.97081	0.56874	0.82884
2004	 2	 8	24	0.33242	0.15797	0.27082
2004	 2	 9	24	0.05338	0.00000	0.03453
2004	 2	10	24	0.04752	0.00157	0.03129
2004	 2	11	24	0.00513	0.00012	0.00336
2004	 2	12	24	0.06861	0.04990	0.06201
2004	 2	13	24	0.00236	0.00000	0.00152
2004	 2	14	24	0.00410	0.00000	0.00265
2004	 2	15	24	0.04576	0.00000	0.02960
2004	 2	16	24	0.05413	0.00000	0.03502
2004	 2	17	24	0.24509	0.13431	0.20597
2004	 2	18	24	0.01559	0.00000	0.01008
2004	 2	19	24	0.04819	0.00772	0.03390
2004	 2	20	24	0.65081	0.22262	0.49961
2004	 2	21	24	1.26723	0.64393	1.04713
2004	 2	22	24	0.56522	0.10614	0.40311
2004	 2	23	24	0.07782	0.00885	0.05346
2004	 2	24	24	0.58939	0.30649	0.48949
2004	 2	25	24	0.39419	0.14463	0.30607
2004	 2	26	24	0.40648	0.08356	0.29245
2004	 2	27	24	0.30937	0.11229	0.23978
2004	 2	28	24	0.46560	0.18527	0.36661
2004	 2	29	24	0.08654	0.01646	0.06179
2004	 3	 1	24	0.16221	0.00740	0.10754
2004	 3	 2	24	0.00420	0.00000	0.00272
2004	 3	 3	24	0.01160	0.00246	0.00837
2004	 3	 4	24	0.09431	0.02757	0.07074
2004	 3	 5	24	0.35041	0.28307	0.32663
2004	 3	 6	24	0.55740	0.14051	0.41019
2004	 3	 7	24	0.42053	0.15143	0.32551
2004	 3	 8	24	0.24574	0.09499	0.19251
2004	 3	 9	24	0.12278	0.01886	0.08608
2004	 3	10	24	0.01913	0.00000	0.01238
2004	 3	11	24	0.23006	0.01652	0.15465
2004	 3	12	24	0.40029	0.06468	0.28178
2004	 3	13	24	0.58975	0.03635	0.39434
2004	 3	14	24	0.72853	0.31422	0.58223
2004	 3	15	24	1.12895	0.41818	0.87797
2004	 3	16	24	0.92618	0.46225	0.76236
2004	 3	17	24	2.20018	1.59812	1.98758
2004	 3	18	24	2.86691	2.35769	2.68710
2004	 3	19	24	2.42322	1.79815	2.20251
2004	 3	20	24	0.66243	0.33060	0.54526
2004	 3	21	24	1.48238	0.88362	1.27095
2004	 3	22	24	1.39745	0.83813	1.19995
2004	 3	23	24	0.73324	0.37920	0.60822
2004	 3	24	24	0.03290	0.02804	0.03119
2004	 3	25	24	0.09328	0.00569	0.06235
2004	 3	26	24	0.19420	0.00049	0.12580
2004	 3	27	24	0.37365	0.00146	0.24223
2004	 3	28	24	0.81812	0.31715	0.64122
2004	 3	29	24	1.78510	1.04375	1.52332
2004	 3	30	24	2.16857	1.39944	1.89698
2004	 3	31	24	2.38157	1.62192	2.11333
2004	 4	 1	24	1.86582	1.44399	1.71686
2004	 4	 2	24	2.89646	2.50504	2.75824
2004	 4	 3	24	2.26684	2.04858	2.18977
2004	 4	 4	24	1.66829	1.52181	1.61656
2004	 4	 5	24	0.98192	0.81180	0.92185
2004	 4	 6	24	0.68607	0.63260	0.66719
2004	 4	 7	24	1.12613	1.05873	1.10233
2004	 4	 8	24	0.54764	0.46319	0.51782
2004	 4	 9	24	0.44457	0.41159	0.43293
2004	 4	10	24	0.98107	0.99722	0.98677
2004	 4	11	24	1.35806	1.33470	1.34981
2004	 4	12	24	1.19427	1.14777	1.17785
2004	 4	13	24	0.44913	0.38990	0.42822
2004	 4	14	24	3.01155	3.09885	3.04238
2004	 4	15	24	3.81139	3.57919	3.72940
2004	 4	16	24	2.37267	1.99243	2.23840
2004	 4	17	24	2.21639	2.11659	2.18115
2004	 4	18	24	1.77834	1.21832	1.58059
2004	 4	19	24	0.12486	0.10260	0.11700
2004	 4	20	24	1.45779	1.45568	1.45704
2004	 4	21	24	3.52819	3.73716	3.60198
2004	 4	22	24	3.81859	4.14559	3.93406
2004	 4	23	24	1.87492	2.13298	1.96604
2004	 4	24	24	0.30086	0.79124	0.47402
2004	 4	25	24	1.16816	1.74792	1.37288
2004	 4	26	24	1.15613	1.10900	1.13949
2004	 4	27	24	1.86018	1.93063	1.88506
2004	 4	28	24	3.31198	3.38784	3.33877
2004	 4	29	24	3.37025	3.36594	3.36873
2004	 4	30	24	4.32146	4.32563	4.32293
2004	 5	 1	24	2.50098	2.34282	2.44513
2004	 5	 2	24	0.20392	0.14352	0.18259
2004	 5	 3	24	2.47659	2.35211	2.43264
2004	 5	 4	24	1.93678	1.95286	1.94246
2004	 5	 5	24	2.45255	2.72435	2.54853
2004	 5	 6	24	0.24895	0.25081	0.24960
2004	 5	 7	24	0.50204	0.31220	0.43501
2004	 5	 8	24	1.56261	1.22200	1.44234
2004	 5	 9	24	1.20852	0.94884	1.11683
2004	 5	10	24	0.60525	0.64740	0.62013
2004	 5	11	24	1.89519	1.93359	1.90875
2004	 5	12	24	0.68815	0.68526	0.68713
2004	 5	13	24	0.16088	0.18054	0.16782
2004	 5	14	24	1.91138	2.08271	1.97188
2004	 5	15	24	0.98309	0.93613	0.96651
2004	 5	16	24	1.01667	1.01937	1.01762
2004	 5	17	24	1.08639	1.04337	1.07120
2004	 5	18	24	2.57675	2.55203	2.56802
2004	 5	19	24	4.40198	4.60588	4.47398
2004	 5	20	24	2.10020	2.15736	2.12038
2004	 5	21	24	1.06656	1.18341	1.10782
2004	 5	22	24	1.25681	1.18713	1.23220
2004	 5	23	24	0.25706	0.41615	0.31324
2004	 5	24	24	1.69527	1.84401	1.74779
2004	 5	25	24	1.76980	1.73615	1.75792
2004	 5	26	24	1.05900	1.36745	1.16792
2004	 5	27	24	2.01722	1.98579	2.00612
2004	 5	28	24	2.27272	2.49759	2.35212
2004	 5	29	24	4.60287	4.82605	4.68168
2004	 5	30	24	6.32525	6.56525	6.41000
2004	 5	31	24	5.00769	4.63746	4.87696
2004	 6	 1	24	0.44111	0.43082	0.43748
2004	 6	 2	24	0.27785	0.49888	0.35590
2004	 6	 3	24	2.58093	2.93598	2.70630
2004	 6	 4	24	4.00202	4.03858	4.01493
2004	 6	 5	24	0.70000	0.95398	0.78968
2004	 6	 6	24	1.65713	1.78830	1.70345
2004	 6	 7	24	3.97937	3.41989	3.78181
2004	 6	 8	24	5.34005	5.92361	5.54611
2004	 6	 9	24	4.13532	4.48546	4.25896
2004	 6	10	24	4.37311	4.62912	4.46351
2004	 6	11	24	2.36846	2.34722	2.36096
2004	 6	12	24	1.48849	1.99826	1.66850
2004	 6	13	24	1.18705	1.35312	1.24569
2004	 6	14	24	2.33143	2.54184	2.40573
2004	 6	15	24	3.84957	3.30968	3.65893
2004	 6	16	24	2.17451	1.91145	2.08162
2004	 6	17	24	3.34931	3.20877	3.29968
2004	 6	18	24	1.23795	1.36684	1.28346
2004	 6	19	24	1.45931	1.36704	1.42673
2004	 6	20	24	1.48911	1.51005	1.49650
2004	 6	21	24	2.58530	2.50601	2.55730
2004	 6	22	24	2.43658	2.25654	2.37300
2004	 6	23	24	2.81264	2.55059	2.72011
2004	 6	24	24	5.17062	5.29046	5.21294
2004	 6	25	24	3.87278	3.76746	3.83559
2004	 6	26	24	3.57564	3.70504	3.62133
2004	 6	27	24	2.70409	2.57870	2.65981
2004	 6	28	24	3.19123	3.36876	3.25392
2004	 6	29	24	2.91330	2.90175	2.90922
2004	 6	30	24	3.45282	3.50964	3.47288
2004	 7	 1	24	2.85516	2.59427	2.76304
2004	 7	 2	24	2.50490	2.64694	2.55506
2004	 7	 3	24	2.15956	2.14159	2.15322
2004	 7	 4	24	3.30358	3.19625	3.26568
2004	 7	 5	24	2.18211	2.22137	2.19598
2004	 7	 6	24	2.40194	2.72720	2.51679
2004	 7	 7	24	5.12336	5.05059	5.09766
2004	 7	 8	24	3.73798	3.70040	3.72471
2004	 7	 9	24	2.60270	2.63253	2.61323
2004	 7	10	24	2.38550	2.40067	2.39086
2004	 7	11	24	2.51075	2.38560	2.46656
2004	 7	12	24	1.17807	1.20014	1.18586
2004	 7	13	24	0.46033	0.47819	0.46664
2004	 7	14	24	2.29324	2.37396	2.32174
2004	 7	15	24	1.41406	1.58412	1.47411
2004	 7	16	24	2.17640	2.64641	2.34237
2004	 7	17	24	5.13076	5.55484	5.28051
2004	 7	18	24	5.52324	5.98451	5.68612
2004	 7	19	24	3.10861	3.60635	3.28437
2004	 7	20	24	4.76871	5.31014	4.95990
2004	 7	21	24	4.31274	5.15327	4.60954
2004	 7	22	24	1.35797	1.73553	1.49129
2004	 7	23	24	4.37414	4.82342	4.53279
2004	 7	24	24	0.84163	1.13908	0.94666
2004	 7	25	24	4.10576	4.58521	4.27506
2004	 7	26	24	0.94570	1.05637	0.98478
2004	 7	27	24	1.10383	1.51677	1.24964
2004	 7	28	24	2.79322	3.22304	2.94499
2004	 7	29	24	4.70171	5.13576	4.85498
2004	 7	30	24	5.75754	6.43896	5.99816
2004	 7	31	24	5.76365	6.10719	5.88495
2004	 8	 1	24	3.59095	4.59981	3.94719
2004	 8	 2	24	3.29632	3.94825	3.52653
2004	 8	 3	24	4.17715	5.14136	4.51762
2004	 8	 4	24	5.21361	5.84544	5.43671
2004	 8	 5	24	4.86248	5.59358	5.12064
2004	 8	 6	24	5.21107	5.56051	5.33446
2004	 8	 7	24	4.87406	5.34011	5.03863
2004	 8	 8	24	5.62113	6.39361	5.89390
2004	 8	 9	24	5.32389	6.21520	5.63862
2004	 8	10	24	5.74457	6.58655	6.04188
2004	 8	11	24	5.10234	5.76674	5.33695
2004	 8	12	24	5.59917	6.82244	6.03112
2004	 8	13	24	2.59886	2.75222	2.65301
2004	 8	14	24	1.41846	1.38353	1.40613
2004	 8	15	24	3.43102	3.85323	3.58011
2004	 8	16	24	4.27815	4.49970	4.35638
2004	 8	17	24	2.62513	3.16056	2.81420
2004	 8	18	24	3.80701	4.38581	4.01139
2004	 8	19	24	3.39560	3.35963	3.38290
2004	 8	20	24	1.78421	1.60042	1.71931
2004	 8	21	24	2.17967	2.01282	2.12076
2004	 8	22	24	2.33947	2.71891	2.47346
2004	 8	23	24	3.47224	3.64680	3.53388
2004	 8	24	24	1.18240	0.86570	1.07057
2004	 8	25	24	2.55435	2.21054	2.43295
2004	 8	26	24	1.26957	1.30087	1.28062
2004	 8	27	24	1.72184	2.00216	1.82082
2004	 8	28	24	0.79455	0.56755	0.71439
2004	 8	29	24	1.92665	2.03474	1.96482
2004	 8	30	24	0.76147	0.56497	0.69209
2004	 8	31	24	1.70080	1.68126	1.69390
2004	 9	 1	24	2.61005	2.73218	2.65318
2004	 9	 2	24	3.85157	4.20529	3.97648
2004	 9	 3	24	4.23866	4.31084	4.26415
2004	 9	 4	24	4.38528	4.66082	4.48258
2004	 9	 5	24	3.84195	4.01937	3.90460
2004	 9	 6	24	3.66158	4.02217	3.78891
2004	 9	 7	24	3.56055	3.90713	3.68293
2004	 9	 8	24	2.76420	3.01305	2.85208
2004	 9	 9	24	3.11960	3.18123	3.14137
2004	 9	10	24	4.25016	4.03902	4.17561
2004	 9	11	24	3.03344	2.66033	2.90169
2004	 9	12	24	1.09702	1.04138	1.07738
2004	 9	13	24	2.38955	2.19909	2.32229
2004	 9	14	24	2.69759	2.54202	2.64266
2004	 9	15	24	2.42182	2.52382	2.45783
2004	 9	16	24	1.51559	1.64751	1.56218
2004	 9	17	24	3.01168	2.83205	2.94825
2004	 9	18	24	3.60415	3.12137	3.43367
2004	 9	19	24	2.01683	1.92278	1.98362
2004	 9	20	24	1.83349	1.63672	1.76401
2004	 9	21	24	1.49395	1.43736	1.47397
2004	 9	22	24	0.42835	0.45889	0.43913
2004	 9	23	24	0.19308	0.21262	0.19998
2004	 9	24	24	0.34405	0.33920	0.34233
2004	 9	25	24	0.34582	0.40573	0.36698
2004	 9	26	24	0.21281	0.26421	0.23096
2004	 9	27	24	0.35134	0.31880	0.33985
2004	 9	28	24	0.37155	0.40687	0.38402
2004	 9	29	24	0.57348	0.54194	0.56234
2004	 9	30	24	0.63739	0.73017	0.67015
2004	10	 1	24	1.27017	1.24016	1.25957
2004	10	 2	24	0.58337	0.46077	0.54008
2004	10	 3	24	1.22660	1.27392	1.24331
2004	10	 4	24	1.76644	1.36427	1.62443
2004	10	 5	24	2.09221	1.46031	1.86908
2004	10	 6	24	1.03813	0.71361	0.92354
2004	10	 7	24	1.14397	1.29845	1.19852
2004	10	 8	24	0.46110	0.36447	0.42698
2004	10	 9	24	0.52722	0.60603	0.55505
2004	10	10	24	0.62582	0.67593	0.64352
2004	10	11	24	0.96322	0.81242	0.90997
2004	10	12	24	1.49708	1.11879	1.36350
2004	10	13	24	0.79710	0.49198	0.68936
2004	10	14	24	0.30751	0.03563	0.21150
2004	10	15	24	0.08931	0.02877	0.06793
2004	10	16	24	0.14885	0.14166	0.14631
2004	10	17	24	0.48238	0.35520	0.43747
2004	10	18	24	0.65915	0.52984	0.61349
2004	10	19	24	0.95486	0.85535	0.91972
2004	10	20	24	0.88239	0.55838	0.76798
2004	10	21	24	0.88248	0.91096	0.89254
2004	10	22	24	1.28414	1.19858	1.25393
2004	10	23	24	1.82782	1.71124	1.78666
2004	10	24	24	1.79411	1.41077	1.65875
2004	10	25	24	1.23498	0.94716	1.13335
2004	10	26	24	0.05056	0.03281	0.04429
2004	10	27	24	0.05447	0.05452	0.05449
2004	10	28	24	0.19265	0.10467	0.16158
2004	10	29	24	0.59298	0.16900	0.44327
2004	10	30	24	0.21817	0.16834	0.20058
2004	10	31	24	0.14083	0.10777	0.12916
2004	11	 1	24	0.08569	0.10828	0.09367
2004	11	 2	24	0.01377	0.00006	0.00893
2004	11	 3	24	0.27093	0.10119	0.21099
2004	11	 4	24	0.15654	0.03978	0.11531
2004	11	 5	24	0.21728	0.08534	0.17069
2004	11	 6	24	0.08414	0.00035	0.05455
2004	11	 7	24	0.01515	0.02616	0.01904
2004	11	 8	24	0.00640	0.02970	0.01463
2004	11	 9	24	0.00000	0.00002	0.00001
2004	11	10	24	0.10266	0.00000	0.06641
2004	11	11	24	0.28815	0.16409	0.24435
2004	11	12	24	0.11080	0.00000	0.07167
2004	11	13	24	0.07499	0.00000	0.04851
2004	11	14	24	0.07252	0.00000	0.04691
2004	11	15	24	0.11183	0.00000	0.07234
2004	11	16	24	0.00614	0.00000	0.00397
2004	11	17	24	0.04758	0.00000	0.03078
2004	11	18	24	0.09157	0.01188	0.06343
2004	11	19	24	0.06149	0.03920	0.05362
2004	11	20	24	0.02474	0.00000	0.01600
2004	11	21	24	0.03665	0.00000	0.02371
2004	11	22	24	0.06295	0.00000	0.04072
2004	11	23	24	0.14716	0.03082	0.10608
2004	11	24	24	0.19480	0.00046	0.12617
2004	11	25	24	1.41963	0.53688	1.10792
2004	11	26	24	1.08324	0.61334	0.91731
2004	11	27	24	0.05236	0.00000	0.03387
2004	11	28	24	0.11627	0.00000	0.07521
2004	11	29	24	0.04701	0.00000	0.03041
2004	11	30	24	0.09826	0.00000	0.06356
2004	12	 1	24	0.07022	0.00000	0.04543
2004	12	 2	24	0.01573	0.00000	0.01018
2004	12	 3	24	0.04932	0.00026	0.03199
2004	12	 4	24	0.20632	0.00314	0.13457
2004	12	 5	24	0.25520	0.00191	0.16576
2004	12	 6	24	0.04798	0.00000	0.03104
2004	12	 7	24	0.14517	0.00250	0.09479
2004	12	 8	24	0.08211	0.01309	0.05774
2004	12	 9	24	1.06423	0.38758	0.82529
2004	12	10	24	2.28583	1.77188	2.10435
2004	12	11	24	1.44867	1.41863	1.43806
2004	12	12	24	0.04839	0.04864	0.04848
2004	12	13	24	0.08241	0.02321	0.06150
2004	12	14	24	0.40492	0.03474	0.27420
2004	12	15	24	0.89970	0.03322	0.59373
2004	12	16	24	0.75004	0.04918	0.50256
2004	12	17	24	0.17094	0.02456	0.11925
2004	12	18	24	0.04274	0.00000	0.02765
2004	12	19	24	0.03041	0.00000	0.01968
2004	12	20	24	0.06739	0.00000	0.04359
2004	12	21	24	0.16321	0.00000	0.10558
2004	12	22	24	0.17228	0.00381	0.11279
2004	12	23	24	0.07609	0.00000	0.04922
2004	12	24	24	0.28613	0.08349	0.21457
2004	12	25	24	0.25503	0.01774	0.17124
2004	12	26	24	0.00027	0.00000	0.00018
2004	12	27	24	0.00018	0.00000	0.00012
2004	12	28	24	0.02575	0.00000	0.01666
2004	12	29	24	0.01437	0.00000	0.00930
2004	12	30	24	0.12452	0.00000	0.08055
2004	12	31	24	0.06999	0.00000	0.04528
2005	 1	 1	24	0.03587	0.00000	0.02321
2005	 1	 2	24	0.37349	0.13451	0.28910
2005	 1	 3	24	0.12331	0.00048	0.07994
2005	 1	 4	24	0.17365	0.02040	0.11953
2005	 1	 5	24	0.05599	0.00000	0.03622
2005	 1	 6	24	0.15211	0.02098	0.10581
2005	 1	 7	24	0.87576	0.68379	0.80797
2005	 1	 8	24	1.56321	0.90231	1.32984
2005	 1	 9	24	0.94277	0.56158	0.80817
2005	 1	10	24	0.71857	0.29097	0.56758
2005	 1	11	24	0.58103	0.31258	0.48624
2005	 1	12	24	0.33970	0.13973	0.26909
2005	 1	13	24	0.17887	0.10393	0.15241
2005	 1	14	24	0.08414	0.02073	0.06175
2005	 1	15	24	0.15899	0.10645	0.14044
2005	 1	16	24	0.61862	0.13238	0.44692
2005	 1	17	24	0.82472	0.09578	0.56733
2005	 1	18	24	0.32711	0.03798	0.22502
2005	 1	19	24	0.25636	0.04984	0.18343
2005	 1	20	24	0.10821	0.01475	0.07521
2005	 1	21	24	0.03772	0.00000	0.02440
2005	 1	22	24	0.05880	0.00000	0.03804
2005	 1	23	24	0.07444	0.00000	0.04816
2005	 1	24	24	0.03901	0.00846	0.02822
2005	 1	25	24	0.05134	0.01449	0.03833
2005	 1	26	24	0.07310	0.03169	0.05848
2005	 1	27	24	0.07419	0.02700	0.05753
2005	 1	28	24	0.06014	0.02260	0.04688
2005	 1	29	24	0.06500	0.02501	0.05088
2005	 1	30	24	0.07513	0.02214	0.05642
2005	 1	31	24	0.00494	0.00000	0.00320
2005	 2	 1	24	0.02240	0.00000	0.01449
2005	 2	 2	24	0.01954	0.00000	0.01264
2005	 2	 3	24	0.00235	0.00000	0.00152
2005	 2	 4	24	0.08415	0.09168	0.08681
2005	 2	 5	24	0.07045	0.00000	0.04557
2005	 2	 6	24	0.16966	0.01726	0.11584
2005	 2	 7	24	0.50755	0.19567	0.39742
2005	 2	 8	24	0.52368	0.16181	0.39590
2005	 2	 9	24	0.42038	0.16938	0.33175
2005	 2	10	24	0.33170	0.12492	0.25868
2005	 2	11	24	0.00798	0.00000	0.00517
2005	 2	12	24	0.08147	0.01755	0.05890
2005	 2	13	24	0.33052	0.14482	0.26495
2005	 2	14	24	0.05827	0.01382	0.04257
2005	 2	15	24	0.05404	0.01002	0.03850
2005	 2	16	24	0.04628	0.01947	0.03681
2005	 2	17	24	0.03820	0.02109	0.03216
2005	 2	18	24	0.07035	0.02475	0.05425
2005	 2	19	24	0.08196	0.01982	0.06002
2005	 2	20	24	0.06195	0.00000	0.04007
2005	 2	21	24	0.09232	0.02129	0.06724
2005	 2	22	24	0.05075	0.01024	0.03645
2005	 2	23	24	0.05188	0.02176	0.04124
2005	 2	24	24	0.07821	0.01882	0.05724
2005	 2	25	24	0.06914	0.01677	0.05065
2005	 2	26	24	0.05421	0.01952	0.04196
2005	 2	27	24	0.10124	0.05180	0.08378
2005	 2	28	24	0.11843	0.04480	0.09243
2005	 3	 1	24	0.35306	0.18229	0.29276
2005	 3	 2	24	0.74324	0.29893	0.58635
2005	 3	 3	24	0.53485	0.16495	0.40423
2005	 3	 4	24	0.27752	0.08805	0.21062
2005	 3	 5	24	0.26581	0.08132	0.20067
2005	 3	 6	24	0.08091	0.03761	0.06562
2005	 3	 7	24	0.11080	0.02344	0.07995
2005	 3	 8	24	0.04599	0.00481	0.03145
2005	 3	 9	24	0.06077	0.01575	0.04487
2005	 3	10	24	0.25875	0.25466	0.25730
2005	 3	11	24	0.23847	0.10380	0.19092
2005	 3	12	24	0.09514	0.01033	0.06519
2005	 3	13	24	0.08555	0.01792	0.06167
2005	 3	14	24	0.35016	0.21949	0.30402
2005	 3	15	24	1.00296	0.82317	0.93947
2005	 3	16	24	1.41265	0.94973	1.24919
2005	 3	17	24	1.23898	0.87551	1.11063
2005	 3	18	24	0.17294	0.07747	0.13923
2005	 3	19	24	0.32188	0.12368	0.25189
2005	 3	20	24	0.98498	0.31228	0.74744
2005	 3	21	24	1.40159	0.63318	1.13025
2005	 3	22	24	1.96052	0.83342	1.56253
2005	 3	23	24	0.71071	0.36685	0.58929
2005	 3	24	24	1.22804	0.32356	0.90866
2005	 3	25	24	1.55803	0.58867	1.21574
2005	 3	26	24	0.18092	0.04501	0.13293
2005	 3	27	24	0.72583	0.03586	0.48219
2005	 3	28	24	0.53495	0.32447	0.46063
2005	 3	29	24	1.29322	0.46023	0.99908
2005	 3	30	24	2.13430	1.12860	1.77917
2005	 3	31	24	2.51036	1.21484	2.05290
2005	 4	 1	24	2.95790	1.71361	2.51853
2005	 4	 2	24	3.67681	2.29917	3.19035
2005	 4	 3	24	4.05716	2.82381	3.62165
2005	 4	 4	24	4.17547	2.65942	3.64013
2005	 4	 5	24	2.18872	1.60011	1.98088
2005	 4	 6	24	2.23335	1.66441	2.03245
2005	 4	 7	24	1.32786	0.98980	1.20849
2005	 4	 8	24	0.73712	0.46415	0.64073
2005	 4	 9	24	0.17471	0.19166	0.18070
2005	 4	10	24	0.53420	0.66055	0.57881
2005	 4	11	24	1.38083	1.52480	1.43167
2005	 4	12	24	1.72093	1.90947	1.78751
2005	 4	13	24	1.29495	1.81442	1.47838
2005	 4	14	24	2.28879	2.48108	2.35669
2005	 4	15	24	3.34491	3.71726	3.47639
2005	 4	16	24	2.96622	3.19340	3.04644
2005	 4	17	24	1.64706	1.81021	1.70467
2005	 4	18	24	1.75018	1.96116	1.82468
2005	 4	19	24	1.84541	1.82949	1.83978
2005	 4	20	24	1.87473	1.83040	1.85907
2005	 4	21	24	3.02765	2.90283	2.98357
2005	 4	22	24	3.03960	3.12372	3.06930
2005	 4	23	24	2.82685	2.76734	2.80583
2005	 4	24	24	2.28340	2.19159	2.25098
2005	 4	25	24	0.94050	0.91642	0.93200
2005	 4	26	24	1.75201	1.84013	1.78313
2005	 4	27	24	0.87531	0.99593	0.91791
2005	 4	28	24	2.34974	2.54816	2.41981
2005	 4	29	24	2.96825	3.08310	3.00880
2005	 4	30	24	2.29332	2.61370	2.40645
2005	 5	 1	24	4.16207	4.84439	4.40300
2005	 5	 2	24	6.17894	6.50052	6.29249
2005	 5	 3	24	1.80405	1.66978	1.75664
2005	 5	 4	24	1.39167	1.56791	1.45390
2005	 5	 5	24	0.73011	0.87249	0.78039
2005	 5	 6	24	0.52675	0.51643	0.52310
2005	 5	 7	24	1.26902	1.08782	1.20503
2005	 5	 8	24	0.86400	0.98170	0.90556
2005	 5	 9	24	1.36102	1.44300	1.38997
2005	 5	10	24	2.00806	1.86150	1.95631
2005	 5	11	24	0.87190	0.96262	0.90393
2005	 5	12	24	1.52256	1.52210	1.52240
2005	 5	13	24	3.56841	3.67608	3.60643
2005	 5	14	24	1.89039	1.68174	1.81671
2005	 5	15	24	1.27069	1.36957	1.30560
2005	 5	16	24	3.17086	3.21732	3.18726
2005	 5	17	24	0.25859	0.36766	0.29711
2005	 5	18	24	0.22761	0.34227	0.26810
2005	 5	19	24	2.77463	2.69224	2.74553
2005	 5	20	24	4.44438	4.06138	4.30914
2005	 5	21	24	4.50254	4.34122	4.44558
2005	 5	22	24	2.16073	2.21650	2.18043
2005	 5	23	24	0.45061	0.56192	0.48991
2005	 5	24	24	2.61662	2.74665	2.66254
2005	 5	25	24	4.62652	4.76479	4.67534
2005	 5	26	24	5.75980	5.63401	5.71538
2005	 5	27	24	6.85658	6.77935	6.82931
2005	 5	28	24	7.62362	7.42289	7.55274
2005	 5	29	24	5.25278	5.41127	5.30875
2005	 5	30	24	3.81473	4.11923	3.92225
2005	 5	31	24	2.21254	2.30758	2.24610
2005	 6	 1	24	3.11581	3.19195	3.14270
2005	 6	 2	24	3.22066	3.16100	3.19960
2005	 6	 3	24	5.53073	5.73520	5.60293
2005	 6	 4	24	3.47380	3.04142	3.32112
2005	 6	 5	24	2.12447	2.35214	2.20486
2005	 6	 6	24	0.53764	0.65948	0.58066
2005	 6	 7	24	1.03854	1.22369	1.10392
2005	 6	 8	24	1.93908	2.15291	2.01458
2005	 6	 9	24	3.24236	3.54940	3.35078
2005	 6	10	24	2.24675	2.27119	2.25538
2005	 6	11	24	1.57582	1.64974	1.60192
2005	 6	12	24	2.35382	2.33191	2.34608
2005	 6	13	24	4.37192	4.48597	4.41219
2005	 6	14	24	3.48954	3.58108	3.52187
2005	 6	15	24	1.56631	1.74881	1.63075
2005	 6	16	24	5.17527	5.68763	5.35619
2005	 6	17	24	2.63199	2.89713	2.72561
2005	 6	18	24	4.55060	4.93718	4.68711
2005	 6	19	24	4.36927	4.99764	4.59115
2005	 6	20	24	5.04160	5.59379	5.23659
2005	 6	21	24	6.37340	6.18522	6.30695
2005	 6	22	24	2.91251	3.44888	3.10191
2005	 6	23	24	5.27213	5.83250	5.47000
2005	 6	24	24	6.59002	6.51808	6.56462
2005	 6	25	24	3.88345	4.00249	3.92549
2005	 6	26	24	1.87190	2.44927	2.07577
2005	 6	27	24	4.58402	5.24647	4.81794
2005	 6	28	24	5.66390	6.36979	5.91316
2005	 6	29	24	4.46816	4.89072	4.61737
2005	 6	30	24	1.30210	1.25792	1.28650
2005	 7	 1	24	0.74819	0.92106	0.80923
2005	 7	 2	24	1.22971	1.39844	1.28929
2005	 7	 3	24	4.35068	4.15245	4.28068
2005	 7	 4	24	5.97093	5.69534	5.87361
2005	 7	 5	24	0.34869	0.31538	0.33693
2005	 7	 6	24	2.46229	2.74886	2.56348
2005	 7	 7	24	1.71721	1.65541	1.69539
2005	 7	 8	24	0.35269	0.38260	0.36325
2005	 7	 9	24	0.56553	0.92738	0.69330
2005	 7	10	24	2.80158	3.55708	3.06835
2005	 7	11	24	4.39051	5.01028	4.60936
2005	 7	12	24	5.72084	6.35841	5.94598
2005	 7	13	24	6.19117	6.71606	6.37651
2005	 7	14	24	5.97039	6.36225	6.10876
2005	 7	15	24	6.05575	6.47716	6.20456
2005	 7	16	24	3.54535	4.10323	3.74235
2005	 7	17	24	4.01929	4.49291	4.18653
2005	 7	18	24	5.34400	5.96000	5.56152
2005	 7	19	24	1.20909	1.54747	1.32858
2005	 7	20	24	3.26970	3.42919	3.32601
2005	 7	21	24	1.13347	1.13009	1.13228
2005	 7	22	24	0.36894	0.54752	0.43200
2005	 7	23	24	0.95698	1.16844	1.03165
2005	 7	24	24	3.57866	3.53163	3.56205
2005	 7	25	24	2.06238	1.79421	1.96768
2005	 7	26	24	3.06494	3.34644	3.16434
2005	 7	27	24	3.90317	4.50135	4.11440
2005	 7	28	24	5.89862	6.23279	6.01662
2005	 7	29	24	6.25361	6.95045	6.49967
2005	 7	30	24	2.96977	3.70871	3.23070
2005	 7	31	24	3.16282	3.69244	3.34984
2005	 8	 1	24	4.16953	4.60402	4.32295
2005	 8	 2	24	2.95217	3.06253	2.99114
2005	 8	 3	24	0.30014	0.34527	0.31608
2005	 8	 4	24	1.67328	2.09946	1.82377
2005	 8	 5	24	3.13334	3.05023	3.10400
2005	 8	 6	24	1.79213	2.02063	1.87281
2005	 8	 7	24	1.51054	1.70954	1.58081
2005	 8	 8	24	1.91981	2.13906	1.99723
2005	 8	 9	24	1.70759	1.80091	1.74054
2005	 8	10	24	2.14682	2.26141	2.18728
2005	 8	11	24	1.40500	1.42257	1.41120
2005	 8	12	24	1.92420	1.91656	1.92150
2005	 8	13	24	0.40380	0.58443	0.46758
2005	 8	14	24	1.56806	1.62605	1.58854
2005	 8	15	24	0.21891	0.36064	0.26896
2005	 8	16	24	2.19961	2.76601	2.39962
2005	 8	17	24	1.82547	2.57905	2.09157
2005	 8	18	24	3.34112	4.11963	3.61602
2005	 8	19	24	3.70278	4.38118	3.94233
2005	 8	20	24	1.68648	2.17674	1.85959
2005	 8	21	24	2.63751	3.84623	3.06432
2005	 8	22	24	2.22247	2.45882	2.30593
2005	 8	23	24	0.13742	0.26794	0.18351
2005	 8	24	24	0.53272	0.91511	0.66775
2005	 8	25	24	0.98756	0.80464	0.92297
2005	 8	26	24	2.78871	3.28973	2.96563
2005	 8	27	24	2.73257	3.24069	2.91199
2005	 8	28	24	3.32189	4.05571	3.58101
2005	 8	29	24	3.92637	4.61629	4.16999
2005	 8	30	24	3.58708	4.61597	3.95039
2005	 8	31	24	3.52656	4.53684	3.88330
2005	 9	 1	24	3.63629	4.47012	3.93073
2005	 9	 2	24	1.82852	2.45652	2.05027
2005	 9	 3	24	0.14048	0.28070	0.18999
2005	 9	 4	24	3.09518	4.00612	3.41684
2005	 9	 5	24	3.39243	3.87349	3.56230
2005	 9	 6	24	3.50019	3.81345	3.61080
2005	 9	 7	24	3.65312	3.88179	3.73386
2005	 9	 8	24	5.07721	5.02360	5.05828
2005	 9	 9	24	2.08775	1.64361	1.93092
2005	 9	10	24	1.74643	2.40671	1.97959
2005	 9	11	24	0.87595	0.91626	0.89018
2005	 9	12	24	0.21244	0.42502	0.28750
2005	 9	13	24	1.15830	1.55463	1.29825
2005	 9	14	24	1.92335	2.22041	2.02825
2005	 9	15	24	1.30928	1.47702	1.36851
2005	 9	16	24	0.31511	0.45788	0.36552
2005	 9	17	24	0.32273	0.52664	0.39473
2005	 9	18	24	1.83106	2.11545	1.93148
2005	 9	19	24	2.47698	2.75074	2.57365
2005	 9	20	24	2.39932	2.78034	2.53386
2005	 9	21	24	2.52275	2.73642	2.59820
2005	 9	22	24	2.65262	2.93279	2.75155
2005	 9	23	24	2.50663	2.42496	2.47779
2005	 9	24	24	2.24255	2.31807	2.26922
2005	 9	25	24	2.38286	2.16550	2.30611
2005	 9	26	24	1.35646	1.28456	1.33107
2005	 9	27	24	1.66743	1.57200	1.63373
2005	 9	28	24	0.64045	0.59065	0.62286
2005	 9	29	24	0.59116	0.60926	0.59755
2005	 9	30	24	0.63417	0.81722	0.69881
2005	10	 1	24	0.78221	0.56743	0.70637
2005	10	 2	24	0.09188	0.18118	0.12341
2005	10	 3	24	0.05677	0.12212	0.07985
2005	10	 4	24	0.54722	0.86798	0.66049
2005	10	 5	24	1.19088	1.45794	1.28518
2005	10	 6	24	2.02161	2.02741	2.02366
2005	10	 7	24	1.99303	1.81367	1.92969
2005	10	 8	24	2.00403	1.72502	1.90551
2005	10	 9	24	1.72834	1.35627	1.59696
2005	10	10	24	1.61358	1.25404	1.48662
2005	10	11	24	2.07664	1.76637	1.96708
2005	10	12	24	1.32805	1.10207	1.24825
2005	10	13	24	1.39213	1.38069	1.38809
2005	10	14	24	1.56720	1.63901	1.59256
2005	10	15	24	1.44317	1.50691	1.46567
2005	10	16	24	0.77949	0.74552	0.76750
2005	10	17	24	0.34804	0.32084	0.33844
2005	10	18	24	0.52988	0.48516	0.51409
2005	10	19	24	1.18048	0.74315	1.02605
2005	10	20	24	0.79210	0.43621	0.66643
2005	10	21	24	0.65180	0.22848	0.50232
2005	10	22	24	0.88290	0.71063	0.82207
2005	10	23	24	0.52160	0.50645	0.51625
2005	10	24	24	0.42260	0.55641	0.46985
2005	10	25	24	1.23009	0.94287	1.12867
2005	10	26	24	0.93625	1.03547	0.97129
2005	10	27	24	0.62760	0.59419	0.61581
2005	10	28	24	1.36068	0.86022	1.18396
2005	10	29	24	1.09481	0.90293	1.02705
2005	10	30	24	1.07212	0.55832	0.89069
2005	10	31	24	0.58009	0.08976	0.40695
2005	11	 1	24	0.42805	0.11911	0.31896
2005	11	 2	24	0.33148	0.17203	0.27518
2005	11	 3	24	0.29175	0.16179	0.24586
2005	11	 4	24	0.27330	0.16007	0.23332
2005	11	 5	24	0.09784	0.09398	0.09648
2005	11	 6	24	0.33384	0.12843	0.26131
2005	11	 7	24	0.39070	0.15518	0.30754
2005	11	 8	24	0.49609	0.13721	0.36937
2005	11	 9	24	0.69108	0.08870	0.47838
2005	11	10	24	0.17610	0.10513	0.15104
2005	11	11	24	0.62023	0.44817	0.55947
2005	11	12	24	0.26962	0.08522	0.20451
2005	11	13	24	0.62846	0.07712	0.43378
2005	11	14	24	0.18139	0.01837	0.12383
2005	11	15	24	0.15593	0.01923	0.10766
2005	11	16	24	0.00739	0.00000	0.00478
2005	11	17	24	0.00890	0.00776	0.00850
2005	11	18	24	0.01505	0.00000	0.00974
2005	11	19	24	0.01164	0.00000	0.00753
2005	11	20	24	0.00233	0.00000	0.00151
2005	11	21	24	0.00009	0.00000	0.00006
2005	11	22	24	0.00090	0.00000	0.00058
2005	11	23	24	0.00002	0.00000	0.00002
2005	11	24	24	0.02867	0.00000	0.01855
2005	11	25	24	0.08597	0.02172	0.06328
2005	11	26	24	0.05956	0.00000	0.03853
2005	11	27	24	0.21697	0.02866	0.15047
2005	11	28	24	0.08516	0.00026	0.05518
2005	11	29	24	0.05743	0.00000	0.03715
2005	11	30	24	0.14906	0.02661	0.10582
2005	12	 1	24	0.21774	0.00825	0.14376
2005	12	 2	24	0.27020	0.00075	0.17506
2005	12	 3	24	0.07405	0.00000	0.04790
2005	12	 4	24	0.03576	0.00000	0.02314
2005	12	 5	24	0.06398	0.00000	0.04139
2005	12	 6	24	0.11795	0.00005	0.07632
2005	12	 7	24	0.00873	0.00000	0.00565
2005	12	 8	24	0.03710	0.00102	0.02436
2005	12	 9	24	0.00325	0.00000	0.00210
2005	12	10	24	0.11681	0.06495	0.09850
2005	12	11	24	0.26602	0.18815	0.23853
2005	12	12	24	0.00893	0.00000	0.00577
2005	12	13	24	0.00551	0.00000	0.00356
2005	12	14	24	0.00169	0.00000	0.00110
2005	12	15	24	0.00747	0.00000	0.00483
2005	12	16	24	0.04080	0.03865	0.04004
2005	12	17	24	0.04079	0.03774	0.03971
2005	12	18	24	0.03583	0.03246	0.03464
2005	12	19	24	0.02304	0.01545	0.02036
2005	12	20	24	0.00306	0.00719	0.00452
2005	12	21	24	0.00209	0.00000	0.00135
2005	12	22	24	0.00435	0.00000	0.00281
2005	12	23	24	0.00126	0.00000	0.00082
2005	12	24	24	0.00688	0.00000	0.00445
2005	12	25	24	0.00814	0.00000	0.00527
2005	12	26	24	0.01621	0.02085	0.01785
2005	12	27	24	0.05611	0.04772	0.05315
2005	12	28	24	0.05919	0.05587	0.05802
2005	12	29	24	0.09432	0.07549	0.08767
2005	12	30	24	0.03622	0.03427	0.03553
2005	12	31	24	0.10435	0.04064	0.08185
2006	 1	 1	24	0.01426	0.00000	0.00923
2006	 1	 2	24	0.00004	0.00000	0.00003
2006	 1	 3	24	0.00168	0.00841	0.00405
2006	 1	 4	24	0.00109	0.00000	0.00070
2006	 1	 5	24	0.00381	0.00003	0.00247
2006	 1	 6	24	0.00609	0.00000	0.00394
2006	 1	 7	24	0.00762	0.00000	0.00493
2006	 1	 8	24	0.06234	0.04273	0.05541
2006	 1	 9	24	0.20631	0.08152	0.16224
2006	 1	10	24	0.53422	0.31180	0.45568
2006	 1	11	24	1.15158	0.86028	1.04872
2006	 1	12	24	0.02883	0.00330	0.01982
2006	 1	13	24	0.07691	0.02133	0.05729
2006	 1	14	24	0.92758	0.20570	0.67268
2006	 1	15	24	0.50149	0.07755	0.35179
2006	 1	16	24	0.57800	0.10120	0.40964
2006	 1	17	24	0.25384	0.10057	0.19972
2006	 1	18	24	0.02896	0.02272	0.02675
2006	 1	19	24	0.02529	0.01906	0.02309
2006	 1	20	24	0.00234	0.00000	0.00152
2006	 1	21	24	0.00699	0.01224	0.00884
2006	 1	22	24	0.05634	0.01331	0.04115
2006	 1	23	24	0.09002	0.07957	0.08633
2006	 1	24	24	0.53383	0.23916	0.42978
2006	 1	25	24	0.65125	0.15252	0.47514
2006	 1	26	24	0.19718	0.07939	0.15559
2006	 1	27	24	0.48871	0.08422	0.34588
2006	 1	28	24	1.57839	0.90751	1.34149
2006	 1	29	24	1.12236	0.65065	0.95580
2006	 1	30	24	0.89672	0.57310	0.78244
2006	 1	31	24	0.30763	0.41506	0.34556
2006	 2	 1	24	1.99648	2.05658	2.01770
2006	 2	 2	24	1.58615	1.17483	1.44091
2006	 2	 3	24	0.08821	0.03288	0.06867
2006	 2	 4	24	0.06422	0.05287	0.06021
2006	 2	 5	24	0.15238	0.06446	0.12133
2006	 2	 6	24	0.39510	0.18209	0.31988
2006	 2	 7	24	0.01537	0.00668	0.01230
2006	 2	 8	24	0.02501	0.00404	0.01760
2006	 2	 9	24	0.08680	0.03575	0.06877
2006	 2	10	24	0.03863	0.02858	0.03508
2006	 2	11	24	0.03080	0.02852	0.02999
2006	 2	12	24	0.03159	0.03874	0.03412
2006	 2	13	24	0.04793	0.07969	0.05914
2006	 2	14	24	0.09673	0.08441	0.09238
2006	 2	15	24	0.06622	0.02274	0.05086
2006	 2	16	24	0.03974	0.00094	0.02604
2006	 2	17	24	0.23217	0.10178	0.18613
2006	 2	18	24	0.26832	0.02854	0.18365
2006	 2	19	24	0.49716	0.15134	0.37505
2006	 2	20	24	0.22971	0.08372	0.17816
2006	 2	21	24	0.03676	0.00000	0.02378
2006	 2	22	24	0.02863	0.01425	0.02355
2006	 2	23	24	0.12771	0.03451	0.09480
2006	 2	24	24	0.20516	0.04233	0.14766
2006	 2	25	24	0.15236	0.05578	0.11826
2006	 2	26	24	0.12623	0.06136	0.10332
2006	 2	27	24	0.20097	0.04592	0.14622
2006	 2	28	24	0.21174	0.05155	0.15518
2006	 3	 1	24	0.18212	0.06182	0.13964
2006	 3	 2	24	0.59559	0.18119	0.44926
2006	 3	 3	24	0.41364	0.07564	0.29429
2006	 3	 4	24	0.24785	0.06834	0.18446
2006	 3	 5	24	0.49169	0.13311	0.36507
2006	 3	 6	24	0.26264	0.07238	0.19546
2006	 3	 7	24	0.20795	0.03729	0.14769
2006	 3	 8	24	0.48972	0.10694	0.35455
2006	 3	 9	24	0.13998	0.03059	0.10136
2006	 3	10	24	0.19078	0.10203	0.15944
2006	 3	11	24	0.11589	0.03163	0.08613
2006	 3	12	24	0.10540	0.07270	0.09385
2006	 3	13	24	0.09589	0.05585	0.08175
2006	 3	14	24	0.08944	0.05857	0.07854
2006	 3	15	24	0.06085	0.03060	0.05017
2006	 3	16	24	0.03170	0.00689	0.02294
2006	 3	17	24	0.00205	0.00000	0.00133
2006	 3	18	24	0.00223	0.00000	0.00145
2006	 3	19	24	0.10022	0.11591	0.10576
2006	 3	20	24	0.26101	0.09852	0.20363
2006	 3	21	24	0.59431	0.12851	0.42983
2006	 3	22	24	0.96500	0.31282	0.73471
2006	 3	23	24	1.19860	0.40943	0.91993
2006	 3	24	24	1.65769	0.58357	1.27840
2006	 3	25	24	0.49727	0.16134	0.37865
2006	 3	26	24	0.10130	0.03343	0.07733
2006	 3	27	24	1.24708	0.57838	1.01095
2006	 3	28	24	0.84089	0.56547	0.74363
2006	 3	29	24	0.83127	0.40014	0.67903
2006	 3	30	24	0.50006	0.15866	0.37951
2006	 3	31	24	0.59385	0.26966	0.47938
2006	 4	 1	24	1.02834	0.52607	0.85098
2006	 4	 2	24	1.47276	0.62650	1.17394
2006	 4	 3	24	0.76065	0.44264	0.64836
2006	 4	 4	24	0.71486	0.33637	0.58121
2006	 4	 5	24	0.88412	0.48395	0.74282
2006	 4	 6	24	1.29767	0.59574	1.04981
2006	 4	 7	24	2.27115	1.36400	1.95083
2006	 4	 8	24	3.02627	1.56580	2.51056
2006	 4	 9	24	1.71524	1.17564	1.52470
2006	 4	10	24	0.87673	0.26678	0.66135
2006	 4	11	24	0.49833	0.13783	0.37103
2006	 4	12	24	0.63250	0.32223	0.52294
2006	 4	13	24	0.51379	0.26014	0.42422
2006	 4	14	24	0.73908	0.32402	0.59252
2006	 4	15	24	2.03631	0.96678	1.65864
2006	 4	16	24	0.60281	0.25888	0.48136
2006	 4	17	24	0.66935	0.27346	0.52955
2006	 4	18	24	1.85248	1.13802	1.60020
2006	 4	19	24	1.89105	1.49877	1.75253
2006	 4	20	24	3.23992	2.64908	3.03129
2006	 4	21	24	3.73067	3.35711	3.59876
2006	 4	22	24	2.03180	1.99360	2.01831
2006	 4	23	24	1.53716	1.63142	1.57044
2006	 4	24	24	1.47810	1.62299	1.52926
2006	 4	25	24	3.37091	3.89615	3.55638
2006	 4	26	24	3.08683	3.38617	3.19253
2006	 4	27	24	0.95377	1.38820	1.10717
2006	 4	28	24	0.35060	0.55637	0.42326
2006	 4	29	24	0.11665	0.13709	0.12387
