YY	MM	DD	HH	"1"	"2"	tot_average
reale_Evapotranspiration_evapotranspiration
--	--	--	--	0.6468891	0.3531109	1.0000
2000	 8	 1	24	2.17683	2.25945	2.20600
2000	 8	 2	24	1.40513	1.49821	1.43800
2000	 8	 3	24	1.41559	1.29932	1.37453
2000	 8	 4	24	1.51694	1.74999	1.59923
2000	 8	 5	24	1.75071	2.13478	1.88633
2000	 8	 6	24	0.05608	0.00365	0.03757
2000	 8	 7	24	0.00767	0.01633	0.01073
2000	 8	 8	24	0.28625	0.20683	0.25820
2000	 8	 9	24	0.82408	0.91517	0.85625
2000	 8	10	24	0.94727	1.36742	1.09563
2000	 8	11	24	1.01861	1.34111	1.13249
2000	 8	12	24	1.34295	1.63765	1.44701
2000	 8	13	24	2.05686	2.53336	2.22512
2000	 8	14	24	2.25505	2.76460	2.43498
2000	 8	15	24	0.53514	0.36707	0.47579
2000	 8	16	24	1.27313	1.66445	1.41131
2000	 8	17	24	1.55342	1.97088	1.70083
2000	 8	18	24	0.89821	1.15229	0.98793
2000	 8	19	24	1.40531	1.75101	1.52738
2000	 8	20	24	0.66522	0.92979	0.75864
2000	 8	21	24	0.08888	0.12690	0.10231
2000	 8	22	24	0.16583	0.34814	0.23020
2000	 8	23	24	0.84873	1.02807	0.91205
2000	 8	24	24	1.12474	1.21018	1.15491
2000	 8	25	24	0.58897	0.59248	0.59021
2000	 8	26	24	1.13439	1.22565	1.16662
2000	 8	27	24	1.23825	1.29440	1.25807
2000	 8	28	24	0.00111	0.04525	0.01670
2000	 8	29	24	0.34482	0.76007	0.49145
2000	 8	30	24	0.84442	0.87489	0.85518
2000	 8	31	24	0.43999	0.43657	0.43878
2000	 9	 1	24	0.05724	0.05249	0.05556
2000	 9	 2	24	0.02939	0.00522	0.02085
2000	 9	 3	24	0.00000	0.00000	0.00000
2000	 9	 4	24	0.00000	0.00000	0.00000
2000	 9	 5	24	0.00001	0.00050	0.00018
2000	 9	 6	24	0.04320	0.00376	0.02928
2000	 9	 7	24	0.00189	0.00189	0.00189
2000	 9	 8	24	0.23856	0.21476	0.23015
2000	 9	 9	24	1.05979	1.18960	1.10563
2000	 9	10	24	0.89045	0.93572	0.90644
2000	 9	11	24	0.69678	0.76363	0.72039
2000	 9	12	24	1.06456	1.00357	1.04302
2000	 9	13	24	0.12795	0.29161	0.18574
2000	 9	14	24	0.35002	0.46424	0.39035
2000	 9	15	24	0.82323	0.76959	0.80429
2000	 9	16	24	0.04078	0.00101	0.02674
2000	 9	17	24	0.00840	0.03034	0.01615
2000	 9	18	24	0.04787	0.11146	0.07032
2000	 9	19	24	0.30088	0.30946	0.30391
2000	 9	20	24	0.39965	0.34757	0.38126
2000	 9	21	24	0.00000	0.00000	0.00000
2000	 9	22	24	0.00000	0.00008	0.00003
2000	 9	23	24	0.24284	0.25356	0.24663
2000	 9	24	24	0.63244	0.54172	0.60040
2000	 9	25	24	0.60899	0.46534	0.55827
2000	 9	26	24	0.57122	0.50372	0.54739
2000	 9	27	24	0.36246	0.46617	0.39908
2000	 9	28	24	0.43878	0.35977	0.41088
2000	 9	29	24	0.98987	0.90810	0.96099
2000	 9	30	24	0.95264	0.78308	0.89276
2000	10	 1	24	0.05795	0.01641	0.04328
2000	10	 2	24	0.04614	0.08402	0.05952
2000	10	 3	24	0.04471	0.01267	0.03339
2000	10	 4	24	0.03569	0.02106	0.03053
2000	10	 5	24	0.01506	0.00433	0.01127
2000	10	 6	24	0.00000	0.00000	0.00000
2000	10	 7	24	0.00000	0.00000	0.00000
2000	10	 8	24	0.00000	0.00000	0.00000
2000	10	 9	24	0.00000	0.00000	0.00000
2000	10	10	24	0.00171	0.00000	0.00110
2000	10	11	24	0.02685	0.00264	0.01830
2000	10	12	24	0.05346	0.00703	0.03707
2000	10	13	24	0.15503	0.08855	0.13155
2000	10	14	24	0.10161	0.16720	0.12477
2000	10	15	24	0.68409	0.52506	0.62793
2000	10	16	24	0.68216	0.47794	0.61005
2000	10	17	24	0.25010	0.27042	0.25727
2000	10	18	24	0.00000	0.00000	0.00000
2000	10	19	24	0.00000	0.00000	0.00000
2000	10	20	24	0.00041	0.00000	0.00027
2000	10	21	24	0.13896	0.01373	0.09474
2000	10	22	24	0.46810	0.10890	0.34126
2000	10	23	24	0.42449	0.05510	0.29405
2000	10	24	24	0.23349	0.07144	0.17627
2000	10	25	24	0.03747	0.00920	0.02749
2000	10	26	24	0.00000	0.00000	0.00000
2000	10	27	24	0.00002	0.00026	0.00010
2000	10	28	24	0.00292	0.00000	0.00189
2000	10	29	24	0.07702	0.00375	0.05115
2000	10	30	24	0.21315	0.00730	0.14046
2000	10	31	24	0.07001	0.00000	0.04529
2000	11	 1	24	0.11805	0.00414	0.07783
2000	11	 2	24	0.29335	0.02098	0.19718
2000	11	 3	24	0.00012	0.00000	0.00008
2000	11	 4	24	0.00730	0.00107	0.00510
2000	11	 5	24	0.03388	0.00410	0.02336
2000	11	 6	24	0.01156	0.00000	0.00748
2000	11	 7	24	0.00362	0.00120	0.00277
2000	11	 8	24	0.05132	0.00441	0.03476
2000	11	 9	24	0.14030	0.00757	0.09343
2000	11	10	24	0.22165	0.04794	0.16031
2000	11	11	24	0.28237	0.08832	0.21385
2000	11	12	24	0.36418	0.07624	0.26250
2000	11	13	24	0.26468	0.02251	0.17917
2000	11	14	24	0.00000	0.00000	0.00000
2000	11	15	24	0.00000	0.00000	0.00000
2000	11	16	24	0.00003	0.00000	0.00002
2000	11	17	24	0.00000	0.00000	0.00000
2000	11	18	24	0.00000	0.00000	0.00000
2000	11	19	24	0.00597	0.00027	0.00396
2000	11	20	24	0.00040	0.00000	0.00026
2000	11	21	24	0.00000	0.00000	0.00000
2000	11	22	24	0.00005	0.00000	0.00003
2000	11	23	24	0.00497	0.00000	0.00321
2000	11	24	24	0.00000	0.00000	0.00000
2000	11	25	24	0.00000	0.00000	0.00000
2000	11	26	24	0.00000	0.00000	0.00000
2000	11	27	24	0.00000	0.00000	0.00000
2000	11	28	24	0.00000	0.00000	0.00000
2000	11	29	24	0.00012	0.00000	0.00008
2000	11	30	24	0.00423	0.00000	0.00274
2000	12	 1	24	0.10952	0.00083	0.07114
2000	12	 2	24	0.09841	0.00247	0.06453
2000	12	 3	24	0.09794	0.00264	0.06429
2000	12	 4	24	0.04936	0.00185	0.03258
2000	12	 5	24	0.12708	0.00000	0.08220
2000	12	 6	24	0.07090	0.00000	0.04586
2000	12	 7	24	0.07851	0.00000	0.05079
2000	12	 8	24	0.00100	0.00000	0.00065
2000	12	 9	24	0.02640	0.00000	0.01708
2000	12	10	24	0.00000	0.00000	0.00000
2000	12	11	24	0.00077	0.00298	0.00155
2000	12	12	24	0.00000	0.00000	0.00000
2000	12	13	24	0.17580	0.02666	0.12314
2000	12	14	24	0.00039	0.00070	0.00050
2000	12	15	24	0.00587	0.10785	0.04188
2000	12	16	24	0.04245	0.05490	0.04685
2000	12	17	24	0.01558	0.03256	0.02158
2000	12	18	24	0.00852	0.04280	0.02063
2000	12	19	24	0.02226	0.06974	0.03903
2000	12	20	24	0.02255	0.09817	0.04925
2000	12	21	24	0.02712	0.08119	0.04622
2000	12	22	24	0.13775	0.08705	0.11985
2000	12	23	24	0.45321	0.17432	0.35473
2000	12	24	24	0.52376	0.00475	0.34049
2000	12	25	24	0.04893	0.06836	0.05579
2000	12	26	24	0.01079	0.03169	0.01817
2000	12	27	24	0.00905	0.04091	0.02030
2000	12	28	24	0.00000	0.00001	0.00000
2000	12	29	24	0.02279	0.10487	0.05177
2000	12	30	24	0.16020	0.07799	0.13117
2000	12	31	24	0.07715	0.04477	0.06571
2001	 1	 1	24	0.34427	0.04449	0.23842
2001	 1	 2	24	0.06512	0.03310	0.05381
2001	 1	 3	24	0.00245	0.00034	0.00170
2001	 1	 4	24	0.02186	0.02914	0.02443
2001	 1	 5	24	0.01646	0.03117	0.02165
2001	 1	 6	24	0.01692	0.06108	0.03251
2001	 1	 7	24	0.00561	0.02520	0.01253
2001	 1	 8	24	0.00371	0.01706	0.00842
2001	 1	 9	24	0.00383	0.02006	0.00956
2001	 1	10	24	0.02928	0.01617	0.02465
2001	 1	11	24	0.01082	0.01633	0.01277
2001	 1	12	24	0.01431	0.02351	0.01756
2001	 1	13	24	0.01885	0.03486	0.02450
2001	 1	14	24	0.02704	0.05893	0.03830
2001	 1	15	24	0.02855	0.04740	0.03521
2001	 1	16	24	0.07673	0.05026	0.06739
2001	 1	17	24	0.05620	0.04652	0.05278
2001	 1	18	24	0.03488	0.03488	0.03488
2001	 1	19	24	0.03983	0.02496	0.03458
2001	 1	20	24	0.01704	0.02057	0.01829
2001	 1	21	24	0.02327	0.02059	0.02233
2001	 1	22	24	0.09686	0.03562	0.07524
2001	 1	23	24	0.07142	0.03525	0.05865
2001	 1	24	24	0.07045	0.02830	0.05556
2001	 1	25	24	0.01541	0.02681	0.01944
2001	 1	26	24	0.01018	0.02498	0.01541
2001	 1	27	24	0.02189	0.02789	0.02401
2001	 1	28	24	0.04425	0.01591	0.03424
2001	 1	29	24	0.01413	0.02070	0.01645
2001	 1	30	24	0.03924	0.01891	0.03206
2001	 1	31	24	0.03246	0.02548	0.03000
2001	 2	 1	24	0.02722	0.02856	0.02769
2001	 2	 2	24	0.05715	0.04395	0.05249
2001	 2	 3	24	0.05510	0.03726	0.04880
2001	 2	 4	24	0.01496	0.03055	0.02046
2001	 2	 5	24	0.21498	0.10940	0.17770
2001	 2	 6	24	0.52802	0.21768	0.41843
2001	 2	 7	24	1.02984	0.40081	0.80772
2001	 2	 8	24	0.48311	0.21453	0.38827
2001	 2	 9	24	0.14472	0.33379	0.21148
2001	 2	10	24	0.03913	0.05066	0.04320
2001	 2	11	24	0.38675	0.24001	0.33493
2001	 2	12	24	0.17418	0.54757	0.30602
2001	 2	13	24	0.01418	0.05744	0.02945
2001	 2	14	24	0.11740	0.10527	0.11312
2001	 2	15	24	1.14313	1.43364	1.24571
2001	 2	16	24	2.64940	0.60766	1.92844
2001	 2	17	24	0.04185	0.12699	0.07192
2001	 2	18	24	0.03017	0.05606	0.03931
2001	 2	19	24	0.01369	0.03291	0.02048
2001	 2	20	24	0.03622	0.12594	0.06790
2001	 2	21	24	0.01779	0.03640	0.02436
2001	 2	22	24	0.06815	0.02546	0.05307
2001	 2	23	24	0.03488	0.03356	0.03442
2001	 2	24	24	0.07968	0.05277	0.07018
2001	 2	25	24	0.13200	0.09713	0.11969
2001	 2	26	24	0.11860	0.08153	0.10551
2001	 2	27	24	0.11042	0.04660	0.08789
2001	 2	28	24	0.26499	0.06758	0.19528
2001	 3	 1	24	0.33987	0.10361	0.25644
2001	 3	 2	24	0.34901	0.18311	0.29043
2001	 3	 3	24	0.14540	0.07817	0.12166
2001	 3	 4	24	0.07506	0.04804	0.06552
2001	 3	 5	24	0.01686	0.03125	0.02194
2001	 3	 6	24	0.13792	0.04858	0.10637
2001	 3	 7	24	0.40506	0.12741	0.30702
2001	 3	 8	24	0.48157	0.13042	0.35758
2001	 3	 9	24	0.24104	0.09856	0.19073
2001	 3	10	24	0.33905	0.16398	0.27723
2001	 3	11	24	0.11442	0.14726	0.12602
2001	 3	12	24	0.09854	0.12749	0.10877
2001	 3	13	24	0.17490	0.36939	0.24358
2001	 3	14	24	0.09881	0.20230	0.13535
2001	 3	15	24	0.02584	0.05836	0.03732
2001	 3	16	24	0.02278	0.05743	0.03502
2001	 3	17	24	0.01088	0.04222	0.02195
2001	 3	18	24	0.02240	0.09622	0.04846
2001	 3	19	24	0.05489	0.16704	0.09449
2001	 3	20	24	0.08671	0.15971	0.11248
2001	 3	21	24	0.40749	0.21656	0.34007
2001	 3	22	24	0.11149	0.05327	0.09093
2001	 3	23	24	0.02738	0.04431	0.03335
2001	 3	24	24	0.05995	0.15624	0.09395
2001	 3	25	24	0.00075	0.02011	0.00759
2001	 3	26	24	0.08524	0.10553	0.09240
2001	 3	27	24	0.16242	0.11977	0.14736
2001	 3	28	24	0.07945	0.26615	0.14538
2001	 3	29	24	0.06057	0.10980	0.07795
2001	 3	30	24	0.00616	0.01748	0.01016
2001	 3	31	24	0.35907	0.18172	0.29645
2001	 4	 1	24	1.90297	1.74731	1.84800
2001	 4	 2	24	2.99902	3.00953	3.00273
2001	 4	 3	24	0.76805	0.54969	0.69094
2001	 4	 4	24	0.15919	0.13735	0.15148
2001	 4	 5	24	0.57324	0.61925	0.58949
2001	 4	 6	24	0.04496	0.00549	0.03102
2001	 4	 7	24	0.01184	0.00200	0.00837
2001	 4	 8	24	0.00000	0.00002	0.00001
2001	 4	 9	24	0.37193	0.25326	0.33002
2001	 4	10	24	0.49254	0.39635	0.45858
2001	 4	11	24	0.16625	0.01136	0.11155
2001	 4	12	24	0.09955	0.09613	0.09834
2001	 4	13	24	0.27501	0.29902	0.28349
2001	 4	14	24	0.21243	0.13334	0.18450
2001	 4	15	24	0.19096	0.09584	0.15737
2001	 4	16	24	0.05957	0.11902	0.08056
2001	 4	17	24	0.04554	0.07744	0.05680
2001	 4	18	24	0.17284	0.37157	0.24302
2001	 4	19	24	0.61220	0.65415	0.62702
2001	 4	20	24	0.08867	0.32733	0.17294
2001	 4	21	24	0.02361	0.14359	0.06598
2001	 4	22	24	0.01026	0.04020	0.02083
2001	 4	23	24	0.09501	0.18193	0.12570
2001	 4	24	24	1.95119	2.14446	2.01943
2001	 4	25	24	1.13991	0.99545	1.08890
2001	 4	26	24	1.73074	1.80420	1.75668
2001	 4	27	24	0.18217	0.34807	0.24075
2001	 4	28	24	0.10591	0.05472	0.08783
2001	 4	29	24	0.51476	0.26998	0.42832
2001	 4	30	24	4.02496	4.47190	4.18278
2001	 5	 1	24	4.63210	4.94272	4.74178
2001	 5	 2	24	3.07493	3.51422	3.23005
2001	 5	 3	24	3.04144	3.28141	3.12618
2001	 5	 4	24	0.01787	0.01033	0.01521
2001	 5	 5	24	0.00000	0.00000	0.00000
2001	 5	 6	24	0.00000	0.00000	0.00000
2001	 5	 7	24	0.00000	0.00051	0.00018
2001	 5	 8	24	0.00076	0.01446	0.00560
2001	 5	 9	24	1.24102	1.95683	1.49378
2001	 5	10	24	4.46093	4.89123	4.61287
2001	 5	11	24	4.43287	4.77264	4.55285
2001	 5	12	24	3.71520	3.78132	3.73855
2001	 5	13	24	4.99203	5.13901	5.04393
2001	 5	14	24	6.21466	5.94677	6.12006
2001	 5	15	24	0.02241	0.02303	0.02263
2001	 5	16	24	1.49994	2.01345	1.68127
2001	 5	17	24	0.27649	0.18764	0.24512
2001	 5	18	24	0.00840	0.02017	0.01256
2001	 5	19	24	0.65006	0.58287	0.62633
2001	 5	20	24	2.87970	2.99250	2.91953
2001	 5	21	24	2.92899	2.94801	2.93570
2001	 5	22	24	2.81789	2.83577	2.82420
2001	 5	23	24	5.66022	5.39638	5.56706
2001	 5	24	24	6.25376	6.14978	6.21704
2001	 5	25	24	4.64471	4.79200	4.69672
2001	 5	26	24	5.52000	5.28251	5.43614
2001	 5	27	24	2.48248	1.88358	2.27100
2001	 5	28	24	0.00000	0.00000	0.00000
2001	 5	29	24	0.81826	0.58225	0.73492
2001	 5	30	24	2.68474	2.59351	2.65253
2001	 5	31	24	0.00351	0.00212	0.00302
2001	 6	 1	24	0.05424	0.00114	0.03549
2001	 6	 2	24	0.02319	0.00143	0.01551
2001	 6	 3	24	0.00332	0.00261	0.00307
2001	 6	 4	24	0.00000	0.00028	0.00010
2001	 6	 5	24	0.01933	0.10541	0.04973
2001	 6	 6	24	0.85649	0.50828	0.73353
2001	 6	 7	24	1.67164	1.47566	1.60244
2001	 6	 8	24	0.03904	0.00187	0.02591
2001	 6	 9	24	1.37819	1.19419	1.31321
2001	 6	10	24	0.00000	0.00009	0.00003
2001	 6	11	24	0.00001	0.00134	0.00048
2001	 6	12	24	0.34067	0.23842	0.30457
2001	 6	13	24	1.88486	1.41428	1.71869
2001	 6	14	24	4.07302	3.75009	3.95899
2001	 6	15	24	3.27148	3.91242	3.49780
2001	 6	16	24	0.02155	0.06019	0.03520
2001	 6	17	24	0.05848	0.33396	0.15575
2001	 6	18	24	0.00006	0.00177	0.00066
2001	 6	19	24	0.01561	0.07307	0.03590
2001	 6	20	24	1.36204	1.33804	1.35357
2001	 6	21	24	0.28370	0.22796	0.26402
2001	 6	22	24	0.00000	0.00113	0.00040
2001	 6	23	24	0.00000	0.00017	0.00006
2001	 6	24	24	0.84204	0.77331	0.81777
2001	 6	25	24	3.18829	3.71457	3.37412
2001	 6	26	24	4.56356	5.10348	4.75421
2001	 6	27	24	5.42185	5.33394	5.39081
2001	 6	28	24	0.20975	0.21571	0.21185
2001	 6	29	24	2.64534	3.32376	2.88490
2001	 6	30	24	0.56403	0.28920	0.46698
2001	 7	 1	24	1.05945	0.21835	0.76245
2001	 7	 2	24	1.62799	1.52464	1.59150
2001	 7	 3	24	2.83663	2.78810	2.81949
2001	 7	 4	24	1.84458	2.04780	1.91634
2001	 7	 5	24	4.16003	4.13380	4.15077
2001	 7	 6	24	4.82226	4.81035	4.81806
2001	 7	 7	24	0.54087	0.32460	0.46451
2001	 7	 8	24	0.00001	0.00077	0.00028
2001	 7	 9	24	0.00000	0.00000	0.00000
2001	 7	10	24	0.53632	0.41080	0.49200
2001	 7	11	24	1.96278	1.77026	1.89480
2001	 7	12	24	3.73879	3.14376	3.52868
2001	 7	13	24	1.27847	0.89883	1.14442
2001	 7	14	24	2.62626	2.39028	2.54293
2001	 7	15	24	0.01098	0.06421	0.02977
2001	 7	16	24	0.00000	0.00002	0.00001
2001	 7	17	24	0.00000	0.00068	0.00024
2001	 7	18	24	0.18669	0.14795	0.17301
2001	 7	19	24	1.04694	0.49305	0.85135
2001	 7	20	24	0.01301	0.02620	0.01766
2001	 7	21	24	0.40120	0.36137	0.38713
2001	 7	22	24	3.39100	3.63227	3.47620
2001	 7	23	24	3.87513	4.00866	3.92228
2001	 7	24	24	2.55216	2.41793	2.50476
2001	 7	25	24	2.66831	2.55707	2.62903
2001	 7	26	24	2.97789	3.30694	3.09408
2001	 7	27	24	3.16668	3.32388	3.22219
2001	 7	28	24	4.34231	4.52969	4.40848
2001	 7	29	24	1.41160	2.18918	1.68617
2001	 7	30	24	2.81903	3.12171	2.92591
2001	 7	31	24	1.56680	1.81166	1.65327
2001	 8	 1	24	1.06202	1.15952	1.09645
2001	 8	 2	24	2.06543	2.13922	2.09148
2001	 8	 3	24	1.05859	1.10780	1.07597
2001	 8	 4	24	0.00118	0.01720	0.00684
2001	 8	 5	24	0.63081	1.31678	0.87304
2001	 8	 6	24	1.13234	1.13907	1.13471
2001	 8	 7	24	1.23451	1.14243	1.20199
2001	 8	 8	24	1.20058	1.24964	1.21791
2001	 8	 9	24	0.83565	1.07048	0.91857
2001	 8	10	24	1.22845	1.23475	1.23068
2001	 8	11	24	0.96353	0.90696	0.94356
2001	 8	12	24	1.70329	1.69960	1.70198
2001	 8	13	24	0.39620	0.41549	0.40301
2001	 8	14	24	1.81338	1.67004	1.76276
2001	 8	15	24	2.34001	2.20188	2.29123
2001	 8	16	24	1.51392	1.35188	1.45670
2001	 8	17	24	0.00707	0.01370	0.00941
2001	 8	18	24	0.19764	0.23528	0.21093
2001	 8	19	24	0.05058	0.02719	0.04232
2001	 8	20	24	0.35372	0.26218	0.32140
2001	 8	21	24	0.00000	0.00000	0.00000
2001	 8	22	24	0.00141	0.00733	0.00350
2001	 8	23	24	0.44055	0.51727	0.46764
2001	 8	24	24	1.50096	1.37180	1.45535
2001	 8	25	24	2.07848	1.75779	1.96524
2001	 8	26	24	0.39783	0.22479	0.33673
2001	 8	27	24	0.18590	0.08389	0.14988
2001	 8	28	24	0.60718	0.65227	0.62310
2001	 8	29	24	0.70706	0.57707	0.66116
2001	 8	30	24	1.35791	1.19033	1.29874
2001	 8	31	24	0.00130	0.00002	0.00085
2001	 9	 1	24	0.00000	0.00000	0.00000
2001	 9	 2	24	0.03253	0.00833	0.02398
2001	 9	 3	24	0.11436	0.02986	0.08452
2001	 9	 4	24	0.01339	0.03898	0.02242
2001	 9	 5	24	0.04787	0.07849	0.05868
2001	 9	 6	24	0.05029	0.02356	0.04085
2001	 9	 7	24	0.00000	0.00010	0.00003
2001	 9	 8	24	0.00000	0.00043	0.00015
2001	 9	 9	24	0.00000	0.00000	0.00000
2001	 9	10	24	0.00000	0.00000	0.00000
2001	 9	11	24	0.00098	0.00118	0.00105
2001	 9	12	24	0.00000	0.00000	0.00000
2001	 9	13	24	0.00000	0.00000	0.00000
2001	 9	14	24	0.00007	0.00043	0.00020
2001	 9	15	24	0.00810	0.00054	0.00543
2001	 9	16	24	0.00000	0.00012	0.00004
2001	 9	17	24	0.00001	0.00017	0.00007
2001	 9	18	24	0.00000	0.00000	0.00000
2001	 9	19	24	0.09553	0.00249	0.06268
2001	 9	20	24	0.00000	0.00000	0.00000
2001	 9	21	24	0.00254	0.00049	0.00182
2001	 9	22	24	0.12607	0.08646	0.11208
2001	 9	23	24	0.24932	0.12026	0.20374
2001	 9	24	24	0.00000	0.00000	0.00000
2001	 9	25	24	0.00000	0.00000	0.00000
2001	 9	26	24	0.00000	0.00000	0.00000
2001	 9	27	24	0.00006	0.00036	0.00017
2001	 9	28	24	0.00000	0.00000	0.00000
2001	 9	29	24	0.11504	0.04782	0.09130
2001	 9	30	24	0.00047	0.00301	0.00136
2001	10	 1	24	0.01609	0.00313	0.01151
2001	10	 2	24	0.54539	0.28718	0.45421
2001	10	 3	24	0.40665	0.29027	0.36556
2001	10	 4	24	0.00038	0.00359	0.00151
2001	10	 5	24	0.24300	0.11637	0.19828
2001	10	 6	24	0.54762	0.35906	0.48104
2001	10	 7	24	0.72839	0.20463	0.54345
2001	10	 8	24	0.62449	0.65671	0.63587
2001	10	 9	24	1.43862	1.17540	1.34567
2001	10	10	24	1.58763	1.35349	1.50495
2001	10	11	24	0.95264	0.80966	0.90215
2001	10	12	24	1.34280	1.21344	1.29712
2001	10	13	24	2.82786	2.68940	2.77897
2001	10	14	24	3.25101	3.13818	3.21117
2001	10	15	24	1.28976	0.86488	1.13973
2001	10	16	24	0.44807	0.45934	0.45205
2001	10	17	24	0.35863	0.30073	0.33818
2001	10	18	24	0.26195	0.11722	0.21084
2001	10	19	24	0.59059	0.29601	0.48657
2001	10	20	24	0.48083	0.23682	0.39467
2001	10	21	24	0.00011	0.00000	0.00007
2001	10	22	24	0.00000	0.00000	0.00000
2001	10	23	24	0.00000	0.00000	0.00000
2001	10	24	24	0.00000	0.00000	0.00000
2001	10	25	24	0.00478	0.00273	0.00405
2001	10	26	24	0.05385	0.00559	0.03681
2001	10	27	24	0.00017	0.00000	0.00011
2001	10	28	24	0.00000	0.00000	0.00000
2001	10	29	24	0.00156	0.00235	0.00183
2001	10	30	24	0.42201	0.17311	0.33412
2001	10	31	24	0.90446	0.67618	0.82385
2001	11	 1	24	0.00000	0.00000	0.00000
2001	11	 2	24	0.00000	0.00000	0.00000
2001	11	 3	24	0.00000	0.00000	0.00000
2001	11	 4	24	0.01419	0.00827	0.01210
2001	11	 5	24	0.00084	0.00000	0.00054
2001	11	 6	24	0.00038	0.00000	0.00025
2001	11	 7	24	0.00000	0.00000	0.00000
2001	11	 8	24	0.00000	0.00000	0.00000
2001	11	 9	24	0.05889	0.06263	0.06021
2001	11	10	24	0.00033	0.00234	0.00104
2001	11	11	24	0.09018	0.01734	0.06446
2001	11	12	24	0.00000	0.00000	0.00000
2001	11	13	24	0.00000	0.00000	0.00000
2001	11	14	24	0.00000	0.00002	0.00001
2001	11	15	24	0.00227	0.00011	0.00151
2001	11	16	24	0.00001	0.00000	0.00000
2001	11	17	24	0.00041	0.00089	0.00058
2001	11	18	24	0.00000	0.00000	0.00000
2001	11	19	24	0.00000	0.00000	0.00000
2001	11	20	24	0.00000	0.00000	0.00000
2001	11	21	24	0.00000	0.00000	0.00000
2001	11	22	24	0.01533	0.06561	0.03308
2001	11	23	24	0.05793	0.03924	0.05133
2001	11	24	24	0.01927	0.02323	0.02067
2001	11	25	24	0.05635	0.00394	0.03784
2001	11	26	24	0.00016	0.00178	0.00073
2001	11	27	24	0.00112	0.00000	0.00072
2001	11	28	24	0.00240	0.00462	0.00319
2001	11	29	24	0.00551	0.01593	0.00919
2001	11	30	24	0.00201	0.00520	0.00313
2001	12	 1	24	0.02446	0.04764	0.03265
2001	12	 2	24	0.33007	0.13670	0.26179
2001	12	 3	24	0.28248	0.08459	0.21261
2001	12	 4	24	0.11796	0.03154	0.08744
2001	12	 5	24	0.00049	0.00154	0.00086
2001	12	 6	24	0.00000	0.00002	0.00001
2001	12	 7	24	0.00094	0.00143	0.00112
2001	12	 8	24	0.00669	0.02090	0.01171
2001	12	 9	24	0.02100	0.06096	0.03511
2001	12	10	24	0.55247	0.31021	0.46693
2001	12	11	24	0.00677	0.00118	0.00480
2001	12	12	24	0.00724	0.01177	0.00884
2001	12	13	24	0.14677	0.07347	0.12089
2001	12	14	24	0.08444	0.05316	0.07339
2001	12	15	24	0.05334	0.02757	0.04424
2001	12	16	24	0.02864	0.02500	0.02736
2001	12	17	24	0.01336	0.01145	0.01268
2001	12	18	24	0.00899	0.02335	0.01406
2001	12	19	24	0.02372	0.01548	0.02081
2001	12	20	24	0.05733	0.03085	0.04798
2001	12	21	24	0.09962	0.05572	0.08412
2001	12	22	24	0.03241	0.04100	0.03544
2001	12	23	24	0.10899	0.06961	0.09508
2001	12	24	24	0.31160	0.20718	0.27473
2001	12	25	24	0.10904	0.03555	0.08309
2001	12	26	24	0.12898	0.03693	0.09648
2001	12	27	24	0.14448	0.04722	0.11013
2001	12	28	24	0.08159	0.02630	0.06207
2001	12	29	24	0.11904	0.03424	0.08910
2001	12	30	24	0.05718	0.03902	0.05077
2001	12	31	24	0.07856	0.04665	0.06729
2002	 1	 1	24	0.07977	0.04464	0.06736
2002	 1	 2	24	0.05780	0.03953	0.05135
2002	 1	 3	24	0.10167	0.04553	0.08185
2002	 1	 4	24	0.71168	0.37396	0.59243
2002	 1	 5	24	1.50460	1.36619	1.45572
2002	 1	 6	24	0.49239	0.37156	0.44972
2002	 1	 7	24	0.00000	0.00018	0.00006
2002	 1	 8	24	0.00000	0.00000	0.00000
2002	 1	 9	24	0.52710	0.57799	0.54507
2002	 1	10	24	0.61144	0.72912	0.65299
2002	 1	11	24	0.48918	0.32615	0.43161
2002	 1	12	24	0.06984	0.02415	0.05370
2002	 1	13	24	0.00601	0.00560	0.00586
2002	 1	14	24	0.12971	0.00000	0.08391
2002	 1	15	24	0.20808	0.03735	0.14779
2002	 1	16	24	0.18010	0.02827	0.12649
2002	 1	17	24	0.08631	0.02237	0.06373
2002	 1	18	24	0.24181	0.02633	0.16572
2002	 1	19	24	0.08582	0.00630	0.05774
2002	 1	20	24	0.08925	0.01390	0.06264
2002	 1	21	24	0.06168	0.01921	0.04668
2002	 1	22	24	0.46020	0.14771	0.34985
2002	 1	23	24	0.52704	0.19349	0.40926
2002	 1	24	24	0.47279	0.13193	0.35243
2002	 1	25	24	0.28972	0.14638	0.23910
2002	 1	26	24	0.52889	0.29034	0.44465
2002	 1	27	24	0.38988	0.27096	0.34789
2002	 1	28	24	0.46089	0.35125	0.42217
2002	 1	29	24	1.45928	1.52765	1.48342
2002	 1	30	24	0.44245	0.29045	0.38878
2002	 1	31	24	1.39452	1.46487	1.41936
2002	 2	 1	24	0.71791	0.43451	0.61784
2002	 2	 2	24	1.30673	0.67575	1.08392
2002	 2	 3	24	1.17977	0.23761	0.84708
2002	 2	 4	24	1.31135	0.62336	1.06841
2002	 2	 5	24	0.25498	0.56932	0.36598
2002	 2	 6	24	0.01307	0.05311	0.02721
2002	 2	 7	24	0.01328	0.06537	0.03167
2002	 2	 8	24	0.01681	0.09606	0.04480
2002	 2	 9	24	0.02665	0.21940	0.09471
2002	 2	10	24	0.00768	0.07186	0.03034
2002	 2	11	24	0.00277	0.04648	0.01820
2002	 2	12	24	0.00083	0.02372	0.00892
2002	 2	13	24	0.00000	0.00049	0.00017
2002	 2	14	24	0.00029	0.01638	0.00597
2002	 2	15	24	0.29129	0.06097	0.20996
2002	 2	16	24	1.31760	0.49815	1.02824
2002	 2	17	24	0.85475	0.53342	0.74128
2002	 2	18	24	0.60827	0.40905	0.53792
2002	 2	19	24	0.13591	0.26464	0.18136
2002	 2	20	24	0.02183	0.03975	0.02816
2002	 2	21	24	0.07190	0.03785	0.05987
2002	 2	22	24	0.16264	0.06132	0.12686
2002	 2	23	24	0.08362	0.02259	0.06207
2002	 2	24	24	0.12864	0.05954	0.10424
2002	 2	25	24	0.04139	0.02843	0.03681
2002	 2	26	24	0.45687	0.28809	0.39727
2002	 2	27	24	0.74852	0.53745	0.67399
2002	 2	28	24	0.55668	0.37376	0.49209
2002	 3	 1	24	0.32772	0.52815	0.39849
2002	 3	 2	24	0.08235	0.11066	0.09235
2002	 3	 3	24	0.11513	0.20858	0.14813
2002	 3	 4	24	0.10796	0.12890	0.11536
2002	 3	 5	24	0.48752	0.30414	0.42277
2002	 3	 6	24	1.02898	0.81116	0.95207
2002	 3	 7	24	0.02358	0.26823	0.10997
2002	 3	 8	24	0.35555	0.59464	0.43998
2002	 3	 9	24	0.80737	0.40724	0.66608
2002	 3	10	24	1.40320	0.39969	1.04885
2002	 3	11	24	2.86218	1.84148	2.50176
2002	 3	12	24	2.74289	2.34362	2.60190
2002	 3	13	24	1.98585	2.01100	1.99473
2002	 3	14	24	0.00513	0.11211	0.04291
2002	 3	15	24	0.00000	0.00003	0.00001
2002	 3	16	24	0.00638	0.00735	0.00673
2002	 3	17	24	0.13464	0.03100	0.09804
2002	 3	18	24	0.22550	0.07529	0.17246
2002	 3	19	24	0.03078	0.00605	0.02205
2002	 3	20	24	0.00000	0.00000	0.00000
2002	 3	21	24	0.00000	0.00000	0.00000
2002	 3	22	24	0.09609	0.25322	0.15157
2002	 3	23	24	0.08096	0.14681	0.10421
2002	 3	24	24	0.05156	0.03710	0.04646
2002	 3	25	24	0.06147	0.03230	0.05117
2002	 3	26	24	0.11860	0.03702	0.08980
2002	 3	27	24	0.15175	0.05829	0.11875
2002	 3	28	24	0.26532	0.19393	0.24011
2002	 3	29	24	1.35178	1.43126	1.37985
2002	 3	30	24	3.01705	0.60618	2.16575
2002	 3	31	24	2.33182	1.97175	2.20468
2002	 4	 1	24	2.61890	2.64936	2.62966
2002	 4	 2	24	2.72570	2.71028	2.72026
2002	 4	 3	24	3.11188	3.07161	3.09766
2002	 4	 4	24	3.14333	3.09094	3.12483
2002	 4	 5	24	1.71084	1.65606	1.69150
2002	 4	 6	24	0.45067	0.50033	0.46821
2002	 4	 7	24	1.48848	1.52952	1.50297
2002	 4	 8	24	2.11764	2.09700	2.11035
2002	 4	 9	24	1.79369	1.66564	1.74847
2002	 4	10	24	1.20482	1.20509	1.20491
2002	 4	11	24	0.08015	0.00000	0.05185
2002	 4	12	24	0.04278	0.00000	0.02767
2002	 4	13	24	0.00000	0.00000	0.00000
2002	 4	14	24	0.00000	0.00000	0.00000
2002	 4	15	24	0.00000	0.00000	0.00000
2002	 4	16	24	0.09394	0.09243	0.09340
2002	 4	17	24	0.67795	0.52701	0.62465
2002	 4	18	24	1.11420	0.90686	1.04098
2002	 4	19	24	0.35915	0.37161	0.36355
2002	 4	20	24	0.53808	0.63356	0.57179
2002	 4	21	24	1.31878	1.46933	1.37194
2002	 4	22	24	0.87049	0.80494	0.84735
2002	 4	23	24	1.82371	1.92761	1.86040
2002	 4	24	24	0.65088	0.70787	0.67100
2002	 4	25	24	0.93325	0.91304	0.92611
2002	 4	26	24	0.26234	0.18532	0.23515
2002	 4	27	24	0.12641	0.08702	0.11250
2002	 4	28	24	1.10398	0.47501	0.88188
2002	 4	29	24	1.56578	0.78728	1.29088
2002	 4	30	24	2.78197	2.64047	2.73200
2002	 5	 1	24	3.59933	3.30838	3.49660
2002	 5	 2	24	0.96987	1.35902	1.10729
2002	 5	 3	24	0.56653	1.18884	0.78628
2002	 5	 4	24	0.11960	0.65831	0.30982
2002	 5	 5	24	0.00000	0.00001	0.00000
2002	 5	 6	24	0.01686	0.01234	0.01527
2002	 5	 7	24	0.38354	0.52626	0.43393
2002	 5	 8	24	3.77524	3.82658	3.79337
2002	 5	 9	24	5.30899	4.94720	5.18124
2002	 5	10	24	2.27567	2.22451	2.25761
2002	 5	11	24	0.04343	0.00114	0.02849
2002	 5	12	24	0.00469	0.00123	0.00347
2002	 5	13	24	0.10126	0.05096	0.08350
2002	 5	14	24	2.65970	2.19711	2.49636
2002	 5	15	24	2.01132	2.53695	2.19693
2002	 5	16	24	4.50282	4.47277	4.49221
2002	 5	17	24	4.75976	4.81185	4.77815
2002	 5	18	24	3.79667	3.77862	3.79030
2002	 5	19	24	0.00001	0.00000	0.00001
2002	 5	20	24	0.62755	0.65445	0.63705
2002	 5	21	24	3.40738	3.23895	3.34791
2002	 5	22	24	2.90876	2.49242	2.76175
2002	 5	23	24	0.45384	0.30317	0.40064
2002	 5	24	24	0.27281	0.18506	0.24182
2002	 5	25	24	0.01092	0.01989	0.01409
2002	 5	26	24	0.00000	0.00000	0.00000
2002	 5	27	24	0.14579	0.11909	0.13636
2002	 5	28	24	0.00000	0.00000	0.00000
2002	 5	29	24	0.53374	0.38493	0.48119
2002	 5	30	24	2.80704	2.57387	2.72471
2002	 5	31	24	3.40325	3.02395	3.26932
2002	 6	 1	24	2.75854	2.80496	2.77493
2002	 6	 2	24	3.55599	3.58377	3.56580
2002	 6	 3	24	3.90390	4.01871	3.94444
2002	 6	 4	24	4.57982	4.53706	4.56472
2002	 6	 5	24	2.34246	1.97034	2.21106
2002	 6	 6	24	0.00000	0.00000	0.00000
2002	 6	 7	24	0.00000	0.00000	0.00000
2002	 6	 8	24	0.00000	0.00000	0.00000
2002	 6	 9	24	0.00003	0.00146	0.00054
2002	 6	10	24	0.05647	0.22731	0.11680
2002	 6	11	24	1.16836	0.90994	1.07711
2002	 6	12	24	2.98815	2.82029	2.92888
2002	 6	13	24	0.39704	0.23459	0.33968
2002	 6	14	24	0.01941	0.16377	0.07038
2002	 6	15	24	0.04621	0.07042	0.05476
2002	 6	16	24	1.09636	0.88005	1.01998
2002	 6	17	24	4.19080	4.21334	4.19876
2002	 6	18	24	5.57499	5.37317	5.50372
2002	 6	19	24	2.15452	3.04165	2.46778
2002	 6	20	24	0.91032	1.27900	1.04050
2002	 6	21	24	0.01611	0.08891	0.04181
2002	 6	22	24	1.72534	2.21611	1.89864
2002	 6	23	24	1.26664	1.73812	1.43312
2002	 6	24	24	1.70514	1.78172	1.73218
2002	 6	25	24	3.02504	3.38883	3.15350
2002	 6	26	24	3.18149	3.40191	3.25932
2002	 6	27	24	3.19370	3.48815	3.29767
2002	 6	28	24	1.65469	1.63012	1.64601
2002	 6	29	24	1.65192	1.77713	1.69614
2002	 6	30	24	2.41547	2.44361	2.42540
2002	 7	 1	24	2.17776	2.03657	2.12791
2002	 7	 2	24	0.00021	0.00000	0.00014
2002	 7	 3	24	0.44000	0.25116	0.37332
2002	 7	 4	24	0.30564	0.18456	0.26288
2002	 7	 5	24	2.60123	2.70309	2.63720
2002	 7	 6	24	0.64363	0.43126	0.56864
2002	 7	 7	24	1.71461	1.83604	1.75749
2002	 7	 8	24	3.32510	3.57998	3.41510
2002	 7	 9	24	4.29637	4.69959	4.43875
2002	 7	10	24	0.95514	1.41477	1.11744
2002	 7	11	24	1.22089	1.21944	1.22038
2002	 7	12	24	2.78947	3.09207	2.89632
2002	 7	13	24	0.35096	0.26456	0.32045
2002	 7	14	24	0.65334	0.85979	0.72624
2002	 7	15	24	0.12575	0.26085	0.17345
2002	 7	16	24	0.00000	0.00050	0.00018
2002	 7	17	24	0.00000	0.00013	0.00005
2002	 7	18	24	0.00000	0.00041	0.00014
2002	 7	19	24	0.07706	0.11779	0.09144
2002	 7	20	24	0.32805	0.24999	0.30049
2002	 7	21	24	1.36813	0.61815	1.10331
2002	 7	22	24	1.26844	1.20571	1.24629
2002	 7	23	24	1.31013	1.27021	1.29603
2002	 7	24	24	0.81657	0.79593	0.80928
2002	 7	25	24	0.69512	0.97551	0.79413
2002	 7	26	24	0.01749	0.00037	0.01144
2002	 7	27	24	0.44074	0.27790	0.38324
2002	 7	28	24	2.83066	3.24685	2.97762
2002	 7	29	24	3.07173	3.60590	3.26035
2002	 7	30	24	2.92112	3.40733	3.09280
2002	 7	31	24	0.90659	0.90851	0.90727
2002	 8	 1	24	0.05309	0.09612	0.06828
2002	 8	 2	24	0.36639	0.35739	0.36321
2002	 8	 3	24	1.88557	1.98844	1.92190
2002	 8	 4	24	0.13352	0.08720	0.11717
2002	 8	 5	24	0.03578	0.06800	0.04715
2002	 8	 6	24	0.16005	0.07661	0.13059
2002	 8	 7	24	0.00208	0.00896	0.00451
2002	 8	 8	24	0.02704	0.01577	0.02306
2002	 8	 9	24	0.72419	0.70752	0.71830
2002	 8	10	24	1.90630	1.54951	1.78031
2002	 8	11	24	0.03476	0.00346	0.02371
2002	 8	12	24	0.00000	0.00000	0.00000
2002	 8	13	24	0.00000	0.00000	0.00000
2002	 8	14	24	0.00000	0.00000	0.00000
2002	 8	15	24	0.09111	0.11028	0.09788
2002	 8	16	24	0.61479	0.59908	0.60924
2002	 8	17	24	0.20843	0.60510	0.34850
2002	 8	18	24	1.24278	3.74729	2.12715
2002	 8	19	24	3.99264	4.25024	4.08360
2002	 8	20	24	4.42590	4.27561	4.37283
2002	 8	21	24	2.28687	0.90299	1.79820
2002	 8	22	24	2.58569	2.97835	2.72434
2002	 8	23	24	3.47327	3.55678	3.50276
2002	 8	24	24	3.16804	3.11534	3.14943
2002	 8	25	24	2.53267	2.74619	2.60807
2002	 8	26	24	3.29084	3.49995	3.36468
2002	 8	27	24	2.86454	2.89139	2.87402
2002	 8	28	24	1.30232	1.02005	1.20264
2002	 8	29	24	1.39112	1.65249	1.48341
2002	 8	30	24	1.07166	1.14350	1.09703
2002	 8	31	24	0.09284	0.06809	0.08410
2002	 9	 1	24	0.19436	0.00404	0.12715
2002	 9	 2	24	1.39241	0.89829	1.21793
2002	 9	 3	24	1.56841	1.42334	1.51718
2002	 9	 4	24	1.99261	1.98170	1.98876
2002	 9	 5	24	0.00860	0.00297	0.00661
2002	 9	 6	24	0.36289	0.28568	0.33563
2002	 9	 7	24	1.23197	1.50449	1.32820
2002	 9	 8	24	2.08500	2.20524	2.12746
2002	 9	 9	24	2.02046	2.12161	2.05617
2002	 9	10	24	0.21767	0.17267	0.20178
2002	 9	11	24	0.21274	0.25543	0.22781
2002	 9	12	24	1.55147	1.67721	1.59587
2002	 9	13	24	1.63244	1.76108	1.67787
2002	 9	14	24	0.01761	0.00270	0.01235
2002	 9	15	24	0.00000	0.00019	0.00007
2002	 9	16	24	0.00343	0.00080	0.00250
2002	 9	17	24	0.00234	0.00000	0.00152
2002	 9	18	24	0.05291	0.00370	0.03554
2002	 9	19	24	0.29645	0.18353	0.25658
2002	 9	20	24	0.35226	0.24766	0.31532
2002	 9	21	24	0.11897	0.00718	0.07949
2002	 9	22	24	0.00004	0.00048	0.00019
2002	 9	23	24	0.00000	0.00000	0.00000
2002	 9	24	24	0.02111	0.00079	0.01394
2002	 9	25	24	0.01592	0.00000	0.01030
2002	 9	26	24	0.00000	0.00000	0.00000
2002	 9	27	24	0.00000	0.00501	0.00177
2002	 9	28	24	0.09954	0.08601	0.09476
2002	 9	29	24	0.21179	0.15805	0.19282
2002	 9	30	24	0.33938	0.25129	0.30827
2002	10	 1	24	0.94270	0.72422	0.86555
2002	10	 2	24	1.11410	0.91049	1.04220
2002	10	 3	24	0.07074	0.04421	0.06137
2002	10	 4	24	0.01395	0.00580	0.01107
2002	10	 5	24	0.02042	0.00825	0.01612
2002	10	 6	24	0.00000	0.00000	0.00000
2002	10	 7	24	0.00000	0.00000	0.00000
2002	10	 8	24	0.00000	0.00000	0.00000
2002	10	 9	24	0.00000	0.00018	0.00006
2002	10	10	24	0.00179	0.00266	0.00210
2002	10	11	24	0.04801	0.00724	0.03362
2002	10	12	24	0.00751	0.00000	0.00486
2002	10	13	24	0.00000	0.00000	0.00000
2002	10	14	24	0.00843	0.00000	0.00545
2002	10	15	24	0.03729	0.00755	0.02679
2002	10	16	24	0.00000	0.00000	0.00000
2002	10	17	24	0.00366	0.00000	0.00237
2002	10	18	24	0.00514	0.00005	0.00334
2002	10	19	24	0.00000	0.00000	0.00000
2002	10	20	24	0.03161	0.00949	0.02380
2002	10	21	24	0.00046	0.00000	0.00030
2002	10	22	24	0.00000	0.00000	0.00000
2002	10	23	24	0.02358	0.00368	0.01655
2002	10	24	24	0.04563	0.00413	0.03098
2002	10	25	24	0.00103	0.00000	0.00066
2002	10	26	24	0.12065	0.01081	0.08186
2002	10	27	24	0.00198	0.00005	0.00130
2002	10	28	24	0.00036	0.00000	0.00023
2002	10	29	24	0.00683	0.00099	0.00477
2002	10	30	24	0.00377	0.00000	0.00244
2002	10	31	24	0.00030	0.00083	0.00049
2002	11	 1	24	0.00028	0.00072	0.00043
2002	11	 2	24	0.00000	0.00000	0.00000
2002	11	 3	24	0.10072	0.04707	0.08178
2002	11	 4	24	0.00031	0.00000	0.00020
2002	11	 5	24	0.02147	0.01630	0.01964
2002	11	 6	24	0.02757	0.02604	0.02703
2002	11	 7	24	0.06984	0.02598	0.05436
2002	11	 8	24	0.00297	0.00000	0.00192
2002	11	 9	24	0.00528	0.00679	0.00581
2002	11	10	24	0.03277	0.00000	0.02120
2002	11	11	24	0.00213	0.00567	0.00338
2002	11	12	24	0.00168	0.00000	0.00108
2002	11	13	24	0.09145	0.09867	0.09400
2002	11	14	24	0.03873	0.01071	0.02883
2002	11	15	24	0.19065	0.19317	0.19154
2002	11	16	24	0.46732	0.27326	0.39880
2002	11	17	24	0.56550	0.34364	0.48716
2002	11	18	24	0.00004	0.06887	0.02434
2002	11	19	24	0.00000	0.00000	0.00000
2002	11	20	24	0.00000	0.00511	0.00180
2002	11	21	24	0.00000	0.00210	0.00074
2002	11	22	24	0.00000	0.00000	0.00000
2002	11	23	24	0.00000	0.00000	0.00000
2002	11	24	24	0.00007	0.00000	0.00005
2002	11	25	24	0.00414	0.00000	0.00268
2002	11	26	24	0.02567	0.00000	0.01661
2002	11	27	24	0.00000	0.00000	0.00000
2002	11	28	24	0.00000	0.00000	0.00000
2002	11	29	24	0.00000	0.00000	0.00000
2002	11	30	24	0.00000	0.00000	0.00000
2002	12	 1	24	0.00000	0.00000	0.00000
2002	12	 2	24	0.00000	0.00000	0.00000
2002	12	 3	24	0.00000	0.00000	0.00000
2002	12	 4	24	0.00000	0.00000	0.00000
2002	12	 5	24	0.00000	0.00000	0.00000
2002	12	 6	24	0.00865	0.02081	0.01294
2002	12	 7	24	0.01809	0.02581	0.02082
2002	12	 8	24	0.01936	0.09664	0.04665
2002	12	 9	24	0.01707	0.09914	0.04605
2002	12	10	24	0.00849	0.05181	0.02378
2002	12	11	24	0.04530	0.10953	0.06798
2002	12	12	24	0.10823	0.05937	0.09097
2002	12	13	24	0.07281	0.04570	0.06323
2002	12	14	24	0.04974	0.02913	0.04246
2002	12	15	24	0.06022	0.02219	0.04679
2002	12	16	24	0.04641	0.00115	0.03043
2002	12	17	24	0.00400	0.00000	0.00259
2002	12	18	24	0.01167	0.00000	0.00755
2002	12	19	24	0.00532	0.00000	0.00344
2002	12	20	24	0.02478	0.00000	0.01603
2002	12	21	24	0.00089	0.00000	0.00058
2002	12	22	24	0.03156	0.00000	0.02041
2002	12	23	24	0.00305	0.00000	0.00197
2002	12	24	24	0.09260	0.00256	0.06081
2002	12	25	24	0.04769	0.00024	0.03094
2002	12	26	24	0.05292	0.00708	0.03674
2002	12	27	24	0.09313	0.00056	0.06044
2002	12	28	24	0.35199	0.00285	0.22870
2002	12	29	24	0.06800	0.02065	0.05128
2002	12	30	24	0.00406	0.01625	0.00836
2002	12	31	24	0.03566	0.02387	0.03150
2003	 1	 1	24	0.15909	0.05517	0.12239
2003	 1	 2	24	0.13839	0.09720	0.12385
2003	 1	 3	24	0.03778	0.07000	0.04916
2003	 1	 4	24	0.03504	0.03269	0.03421
2003	 1	 5	24	0.06874	0.02610	0.05368
2003	 1	 6	24	0.04893	0.01579	0.03723
2003	 1	 7	24	0.06646	0.03687	0.05601
2003	 1	 8	24	0.18727	0.21093	0.19563
2003	 1	 9	24	0.05062	0.05575	0.05243
2003	 1	10	24	0.06768	0.03226	0.05518
2003	 1	11	24	0.05388	0.01577	0.04043
2003	 1	12	24	0.14117	0.01848	0.09785
2003	 1	13	24	0.05540	0.01951	0.04273
2003	 1	14	24	0.03503	0.02812	0.03259
2003	 1	15	24	0.21122	0.15181	0.19024
2003	 1	16	24	0.22952	0.10596	0.18589
2003	 1	17	24	0.24995	0.05440	0.18090
2003	 1	18	24	0.06552	0.05414	0.06150
2003	 1	19	24	0.04431	0.05486	0.04804
2003	 1	20	24	0.04139	0.05570	0.04644
2003	 1	21	24	0.09729	0.03342	0.07474
2003	 1	22	24	0.17846	0.03111	0.12643
2003	 1	23	24	0.03731	0.06967	0.04873
2003	 1	24	24	0.02153	0.06445	0.03669
2003	 1	25	24	0.00448	0.00023	0.00298
2003	 1	26	24	0.00617	0.00053	0.00418
2003	 1	27	24	0.04044	0.11220	0.06578
2003	 1	28	24	0.04116	0.11596	0.06757
2003	 1	29	24	0.07842	0.04683	0.06727
2003	 1	30	24	0.07658	0.01655	0.05538
2003	 1	31	24	0.07038	0.01275	0.05003
2003	 2	 1	24	0.08053	0.01843	0.05860
2003	 2	 2	24	0.14309	0.02263	0.10056
2003	 2	 3	24	0.07959	0.03210	0.06282
2003	 2	 4	24	0.11108	0.02811	0.08178
2003	 2	 5	24	0.05908	0.00284	0.03922
2003	 2	 6	24	0.05361	0.01344	0.03943
2003	 2	 7	24	0.05862	0.01653	0.04376
2003	 2	 8	24	0.03537	0.01301	0.02747
2003	 2	 9	24	0.09924	0.02224	0.07205
2003	 2	10	24	0.07301	0.00909	0.05044
2003	 2	11	24	0.06825	0.02342	0.05242
2003	 2	12	24	0.35151	0.21358	0.30280
2003	 2	13	24	0.95754	0.94121	0.95178
2003	 2	14	24	0.78851	0.76808	0.78130
2003	 2	15	24	0.08422	0.04876	0.07170
2003	 2	16	24	0.05207	0.01522	0.03906
2003	 2	17	24	0.02886	0.02768	0.02845
2003	 2	18	24	0.07240	0.03036	0.05756
2003	 2	19	24	0.03031	0.00000	0.01960
2003	 2	20	24	0.12243	0.14300	0.12969
2003	 2	21	24	0.22419	0.21607	0.22132
2003	 2	22	24	0.19408	0.06589	0.14882
2003	 2	23	24	0.59656	0.25848	0.47718
2003	 2	24	24	1.78046	1.01836	1.51136
2003	 2	25	24	2.35057	1.55621	2.07007
2003	 2	26	24	1.38681	0.46545	1.06147
2003	 2	27	24	1.73079	0.76054	1.38818
2003	 2	28	24	1.40680	1.10083	1.29876
2003	 3	 1	24	0.79481	0.47286	0.68113
2003	 3	 2	24	0.12101	0.03797	0.09169
2003	 3	 3	24	0.00158	0.00246	0.00189
2003	 3	 4	24	0.01246	0.00662	0.01040
2003	 3	 5	24	0.13365	0.00931	0.08975
2003	 3	 6	24	0.07587	0.08880	0.08044
2003	 3	 7	24	0.03343	0.02766	0.03139
2003	 3	 8	24	0.04106	0.10536	0.06377
2003	 3	 9	24	0.00650	0.07692	0.03137
2003	 3	10	24	0.54975	0.82602	0.64730
2003	 3	11	24	0.21163	0.33520	0.25527
2003	 3	12	24	0.00000	0.00639	0.00225
2003	 3	13	24	0.02741	0.08581	0.04803
2003	 3	14	24	0.01325	0.01480	0.01380
2003	 3	15	24	0.08644	0.04567	0.07204
2003	 3	16	24	0.33039	0.08901	0.24516
2003	 3	17	24	0.31739	0.13578	0.25326
2003	 3	18	24	0.60873	0.22396	0.47286
2003	 3	19	24	1.08988	0.60898	0.92007
2003	 3	20	24	0.08534	0.07411	0.08137
2003	 3	21	24	1.27009	1.07362	1.20071
2003	 3	22	24	2.07823	1.74102	1.95915
2003	 3	23	24	3.36956	2.91309	3.20837
2003	 3	24	24	3.87038	4.01074	3.91994
2003	 3	25	24	2.20135	2.22535	2.20982
2003	 3	26	24	1.70708	2.15878	1.86658
2003	 3	27	24	1.68848	1.80678	1.73025
2003	 3	28	24	1.51060	2.03563	1.69600
2003	 3	29	24	2.22652	2.40420	2.28926
2003	 3	30	24	1.44671	1.52761	1.47527
2003	 3	31	24	1.06896	1.04634	1.06097
2003	 4	 1	24	1.72489	1.92670	1.79615
2003	 4	 2	24	0.01386	0.00604	0.01110
2003	 4	 3	24	0.00326	0.00182	0.00275
2003	 4	 4	24	0.37918	0.22060	0.32319
2003	 4	 5	24	0.04492	0.00487	0.03077
2003	 4	 6	24	0.22235	0.46633	0.30850
2003	 4	 7	24	0.23410	0.26089	0.24356
2003	 4	 8	24	0.26615	0.09405	0.20538
2003	 4	 9	24	0.34047	0.36465	0.34901
2003	 4	10	24	0.56410	0.84415	0.66299
2003	 4	11	24	0.15734	0.27533	0.19900
2003	 4	12	24	1.44316	0.22922	1.01450
2003	 4	13	24	2.53828	1.84601	2.29383
2003	 4	14	24	3.18915	3.21951	3.19987
2003	 4	15	24	3.50716	3.78430	3.60502
2003	 4	16	24	3.69598	4.08422	3.83307
2003	 4	17	24	3.54847	4.03630	3.72073
2003	 4	18	24	0.09124	0.44542	0.21630
2003	 4	19	24	0.00000	0.00000	0.00000
2003	 4	20	24	1.45886	0.80976	1.22966
2003	 4	21	24	3.72467	3.81914	3.75803
2003	 4	22	24	4.26724	4.53571	4.36204
2003	 4	23	24	3.16860	3.32324	3.22321
2003	 4	24	24	2.98170	3.16024	3.04475
2003	 4	25	24	3.36277	3.69264	3.47925
2003	 4	26	24	1.88584	1.55371	1.76856
2003	 4	27	24	0.18321	0.33075	0.23531
2003	 4	28	24	1.83106	1.83587	1.83276
2003	 4	29	24	2.37528	1.95714	2.22763
2003	 4	30	24	2.27715	2.09320	2.21219
2003	 5	 1	24	3.34919	3.51851	3.40898
2003	 5	 2	24	3.76277	3.94836	3.82831
2003	 5	 3	24	2.42990	2.46055	2.44072
2003	 5	 4	24	4.20485	4.69099	4.37651
2003	 5	 5	24	5.03689	5.44292	5.18027
2003	 5	 6	24	3.70295	4.15239	3.86165
2003	 5	 7	24	1.99017	2.27971	2.09241
2003	 5	 8	24	0.91902	0.85535	0.89654
2003	 5	 9	24	0.02080	0.02129	0.02097
2003	 5	10	24	0.05492	0.04290	0.05067
2003	 5	11	24	0.60984	0.25041	0.48292
2003	 5	12	24	0.53667	0.14387	0.39797
2003	 5	13	24	0.02169	0.09121	0.04624
2003	 5	14	24	1.02875	0.81130	0.95197
2003	 5	15	24	0.06612	0.00850	0.04577
2003	 5	16	24	2.10126	1.49129	1.88588
2003	 5	17	24	1.24246	1.34274	1.27787
2003	 5	18	24	0.17147	0.15749	0.16653
2003	 5	19	24	0.01712	0.03517	0.02349
2003	 5	20	24	0.48815	0.20045	0.38656
2003	 5	21	24	1.48942	1.11042	1.35559
2003	 5	22	24	1.44422	1.43231	1.44002
2003	 5	23	24	1.44185	1.10644	1.32341
2003	 5	24	24	3.47687	3.42639	3.45905
2003	 5	25	24	2.19922	2.05161	2.14710
2003	 5	26	24	0.00000	0.00027	0.00009
2003	 5	27	24	0.06177	0.10397	0.07667
2003	 5	28	24	1.28228	1.06691	1.20623
2003	 5	29	24	3.91902	4.64922	4.17687
2003	 5	30	24	4.11041	4.91558	4.39473
2003	 5	31	24	1.48857	1.49291	1.49010
2003	 6	 1	24	2.58474	3.44515	2.88856
2003	 6	 2	24	3.53565	4.11190	3.73913
2003	 6	 3	24	3.09314	3.58389	3.26643
2003	 6	 4	24	2.89693	3.30185	3.03991
2003	 6	 5	24	0.71448	1.99706	1.16737
2003	 6	 6	24	0.27025	0.50753	0.35404
2003	 6	 7	24	2.47948	2.95925	2.64889
2003	 6	 8	24	2.52193	2.08491	2.36762
2003	 6	 9	24	2.00901	2.65179	2.23599
2003	 6	10	24	2.40149	2.83539	2.55471
2003	 6	11	24	1.07453	1.15174	1.10179
2003	 6	12	24	0.73952	0.91809	0.80258
2003	 6	13	24	0.73535	0.93422	0.80557
2003	 6	14	24	1.90471	2.47314	2.10543
2003	 6	15	24	1.81700	2.39176	2.01996
2003	 6	16	24	1.63859	2.33708	1.88523
2003	 6	17	24	1.72848	2.47637	1.99257
2003	 6	18	24	0.02021	0.02681	0.02254
2003	 6	19	24	0.00106	0.00049	0.00086
2003	 6	20	24	0.39982	0.32647	0.37392
2003	 6	21	24	0.93054	1.28399	1.05535
2003	 6	22	24	1.21570	1.82286	1.43010
2003	 6	23	24	0.59559	0.55635	0.58173
2003	 6	24	24	1.27391	1.92153	1.50259
2003	 6	25	24	0.92297	1.28615	1.05121
2003	 6	26	24	0.67051	0.95705	0.77169
2003	 6	27	24	1.10934	1.76268	1.34004
2003	 6	28	24	1.36572	2.22299	1.66843
2003	 6	29	24	0.90633	1.40169	1.08125
2003	 6	30	24	0.27407	0.63940	0.40307
2003	 7	 1	24	0.00000	0.00000	0.00000
2003	 7	 2	24	0.17041	0.12057	0.15281
2003	 7	 3	24	0.07274	0.00504	0.04884
2003	 7	 4	24	0.04028	0.01667	0.03194
2003	 7	 5	24	0.00000	0.00000	0.00000
2003	 7	 6	24	0.00666	0.00097	0.00465
2003	 7	 7	24	0.25656	0.18920	0.23278
2003	 7	 8	24	0.88721	1.14787	0.97925
2003	 7	 9	24	0.18097	0.61921	0.33572
2003	 7	10	24	0.78975	1.12328	0.90752
2003	 7	11	24	1.68114	2.14592	1.84526
2003	 7	12	24	1.11110	1.44186	1.22789
2003	 7	13	24	0.89702	1.16939	0.99320
2003	 7	14	24	1.52068	2.06258	1.71203
2003	 7	15	24	1.61748	2.22827	1.83315
2003	 7	16	24	1.82776	2.44420	2.04544
2003	 7	17	24	0.11451	0.09083	0.10615
2003	 7	18	24	0.64915	1.04078	0.78744
2003	 7	19	24	1.52248	2.17212	1.75188
2003	 7	20	24	1.67227	2.20984	1.86209
2003	 7	21	24	1.10989	1.35245	1.19554
2003	 7	22	24	0.71088	1.12707	0.85784
2003	 7	23	24	0.18208	0.31771	0.22998
2003	 7	24	24	0.36228	0.32487	0.34907
2003	 7	25	24	0.48015	0.70003	0.55779
2003	 7	26	24	0.61992	0.33482	0.51925
2003	 7	27	24	0.49834	0.54862	0.51609
2003	 7	28	24	0.00229	0.01337	0.00620
2003	 7	29	24	0.25374	0.57746	0.36805
2003	 7	30	24	1.30867	1.90605	1.51961
2003	 7	31	24	0.65119	0.89574	0.73755
2003	 8	 1	24	0.61815	1.22037	0.83080
2003	 8	 2	24	1.20950	1.67062	1.37233
2003	 8	 3	24	1.31443	1.81618	1.49160
2003	 8	 4	24	1.31219	1.80248	1.48532
2003	 8	 5	24	1.13771	1.56931	1.29011
2003	 8	 6	24	1.13710	1.58005	1.29351
2003	 8	 7	24	1.00690	1.59675	1.21518
2003	 8	 8	24	1.04192	1.53457	1.21588
2003	 8	 9	24	0.96859	1.42802	1.13082
2003	 8	10	24	0.89782	1.33112	1.05082
2003	 8	11	24	0.74750	1.19074	0.90401
2003	 8	12	24	0.92225	1.17306	1.01081
2003	 8	13	24	0.57369	0.64981	0.60057
2003	 8	14	24	0.23209	0.45500	0.31080
2003	 8	15	24	0.49832	0.66785	0.55818
2003	 8	16	24	0.56011	0.76830	0.63362
2003	 8	17	24	0.70110	0.95638	0.79124
2003	 8	18	24	0.50527	0.62041	0.54593
2003	 8	19	24	0.02731	0.00943	0.02100
2003	 8	20	24	0.25554	0.30930	0.27452
2003	 8	21	24	0.47535	0.65494	0.53877
2003	 8	22	24	0.59735	0.81759	0.67512
2003	 8	23	24	0.16788	0.23240	0.19066
2003	 8	24	24	0.18049	0.25146	0.20555
2003	 8	25	24	0.31212	0.45192	0.36149
2003	 8	26	24	0.44631	0.63161	0.51174
2003	 8	27	24	0.19839	0.26911	0.22336
2003	 8	28	24	0.17642	0.23857	0.19836
2003	 8	29	24	0.16869	0.19085	0.17651
2003	 8	30	24	0.01874	0.07238	0.03768
2003	 8	31	24	0.02973	0.07400	0.04536
2003	 9	 1	24	0.01930	0.01708	0.01852
2003	 9	 2	24	0.00244	0.00315	0.00269
2003	 9	 3	24	0.22232	0.25734	0.23469
2003	 9	 4	24	0.19009	0.19403	0.19148
2003	 9	 5	24	0.35202	0.37039	0.35851
2003	 9	 6	24	0.47374	0.46633	0.47112
2003	 9	 7	24	0.43847	0.42799	0.43477
2003	 9	 8	24	0.35650	0.37158	0.36182
2003	 9	 9	24	0.00780	0.00101	0.00540
2003	 9	10	24	0.01267	0.00223	0.00898
2003	 9	11	24	0.00000	0.00018	0.00006
2003	 9	12	24	0.00006	0.00103	0.00040
2003	 9	13	24	0.00004	0.00065	0.00026
2003	 9	14	24	0.03227	0.01718	0.02694
2003	 9	15	24	0.45715	0.39027	0.43353
2003	 9	16	24	0.69666	0.65714	0.68270
2003	 9	17	24	0.59568	0.63558	0.60977
2003	 9	18	24	0.85607	0.78483	0.83091
2003	 9	19	24	0.95212	0.97593	0.96052
2003	 9	20	24	0.85814	0.86088	0.85911
2003	 9	21	24	0.75937	0.83345	0.78553
2003	 9	22	24	0.64088	0.69362	0.65950
2003	 9	23	24	0.07696	0.12067	0.09239
2003	 9	24	24	0.17737	0.21330	0.19006
2003	 9	25	24	0.31937	0.34809	0.32951
2003	 9	26	24	0.40943	0.38334	0.40022
2003	 9	27	24	0.22088	0.25562	0.23314
2003	 9	28	24	0.13338	0.08728	0.11710
2003	 9	29	24	0.05763	0.03863	0.05092
2003	 9	30	24	0.07993	0.05483	0.07107
2003	10	 1	24	0.18857	0.12713	0.16687
2003	10	 2	24	0.00000	0.00000	0.00000
2003	10	 3	24	0.00377	0.00138	0.00293
2003	10	 4	24	0.02063	0.00296	0.01439
2003	10	 5	24	0.00000	0.00000	0.00000
2003	10	 6	24	0.02690	0.00319	0.01853
2003	10	 7	24	0.00123	0.00027	0.00089
2003	10	 8	24	0.00000	0.00000	0.00000
2003	10	 9	24	0.00017	0.00021	0.00018
2003	10	10	24	0.00001	0.00000	0.00000
2003	10	11	24	0.02847	0.00327	0.01957
2003	10	12	24	0.16342	0.06689	0.12933
2003	10	13	24	0.20841	0.16468	0.19296
2003	10	14	24	0.08324	0.07694	0.08102
2003	10	15	24	0.03734	0.02175	0.03183
2003	10	16	24	0.15480	0.14231	0.15039
2003	10	17	24	0.31767	0.23038	0.28685
2003	10	18	24	0.40981	0.27707	0.36294
2003	10	19	24	0.22561	0.14433	0.19691
2003	10	20	24	0.04531	0.00997	0.03283
2003	10	21	24	0.00000	0.00000	0.00000
2003	10	22	24	0.00000	0.00000	0.00000
2003	10	23	24	0.01593	0.18499	0.07563
2003	10	24	24	0.03678	0.13956	0.07307
2003	10	25	24	0.01961	0.34028	0.13284
2003	10	26	24	0.00000	0.00232	0.00082
2003	10	27	24	0.00000	0.00000	0.00000
2003	10	28	24	0.03129	0.00441	0.02180
2003	10	29	24	0.30202	0.13799	0.24410
2003	10	30	24	0.00914	0.06598	0.02921
2003	10	31	24	0.02182	0.00016	0.01417
2003	11	 1	24	0.04341	0.00127	0.02853
2003	11	 2	24	0.17500	0.01041	0.11688
2003	11	 3	24	0.00685	0.00044	0.00459
2003	11	 4	24	0.11810	0.00911	0.07961
2003	11	 5	24	0.19937	0.02948	0.13938
2003	11	 6	24	0.22651	0.07579	0.17329
2003	11	 7	24	0.00586	0.00072	0.00404
2003	11	 8	24	0.20237	0.05221	0.14935
2003	11	 9	24	0.34637	0.11046	0.26307
2003	11	10	24	0.16639	0.03908	0.12144
2003	11	11	24	0.19698	0.05613	0.14724
2003	11	12	24	0.22763	0.08075	0.17576
2003	11	13	24	0.14739	0.04714	0.11199
2003	11	14	24	0.09250	0.03695	0.07289
2003	11	15	24	0.12266	0.03800	0.09277
2003	11	16	24	0.00000	0.00832	0.00294
2003	11	17	24	0.00000	0.00000	0.00000
2003	11	18	24	0.00000	0.00000	0.00000
2003	11	19	24	0.00094	0.00000	0.00061
2003	11	20	24	0.00758	0.00000	0.00491
2003	11	21	24	0.17647	0.00765	0.11686
2003	11	22	24	0.35240	0.00833	0.23091
2003	11	23	24	0.44107	0.00583	0.28738
2003	11	24	24	0.44333	0.00328	0.28794
2003	11	25	24	0.09617	0.01574	0.06777
2003	11	26	24	0.00000	0.00000	0.00000
2003	11	27	24	0.00000	0.00000	0.00000
2003	11	28	24	0.00000	0.00000	0.00000
2003	11	29	24	0.00000	0.00000	0.00000
2003	11	30	24	0.00000	0.00000	0.00000
2003	12	 1	24	0.00023	0.00000	0.00015
2003	12	 2	24	0.00414	0.00000	0.00268
2003	12	 3	24	0.00771	0.00000	0.00499
2003	12	 4	24	0.00053	0.00000	0.00034
2003	12	 5	24	0.00000	0.00000	0.00000
2003	12	 6	24	0.03223	0.06375	0.04336
2003	12	 7	24	0.00643	0.00216	0.00492
2003	12	 8	24	0.10614	0.49159	0.24225
2003	12	 9	24	0.31607	0.35427	0.32956
2003	12	10	24	0.28869	0.06015	0.20799
2003	12	11	24	0.01098	0.00981	0.01057
2003	12	12	24	0.00206	0.00000	0.00133
2003	12	13	24	0.00000	0.00000	0.00000
2003	12	14	24	0.00000	0.00000	0.00000
2003	12	15	24	0.03311	0.00001	0.02142
2003	12	16	24	0.04135	0.00000	0.02675
2003	12	17	24	0.01957	0.00000	0.01266
2003	12	18	24	0.13124	0.09303	0.11775
2003	12	19	24	0.03470	0.00617	0.02462
2003	12	20	24	0.00000	0.00000	0.00000
2003	12	21	24	0.00076	0.00000	0.00049
2003	12	22	24	0.08481	0.02406	0.06336
2003	12	23	24	0.21594	0.09493	0.17321
2003	12	24	24	0.40919	0.09803	0.29932
2003	12	25	24	0.17887	0.32620	0.23089
2003	12	26	24	0.02624	0.00012	0.01702
2003	12	27	24	0.20924	0.00521	0.13720
2003	12	28	24	0.27180	0.00362	0.17710
2003	12	29	24	0.21079	0.04333	0.15166
2003	12	30	24	0.00155	0.01039	0.00467
2003	12	31	24	0.00493	0.00629	0.00541
2004	 1	 1	24	0.04010	0.00162	0.02652
2004	 1	 2	24	0.10659	0.02651	0.07831
2004	 1	 3	24	0.13886	0.04301	0.10501
2004	 1	 4	24	0.17844	0.07127	0.14060
2004	 1	 5	24	0.07685	0.03894	0.06347
2004	 1	 6	24	0.21594	0.03291	0.15131
2004	 1	 7	24	0.03459	0.00000	0.02237
2004	 1	 8	24	0.12092	0.00000	0.07822
2004	 1	 9	24	0.09962	0.00013	0.06449
2004	 1	10	24	0.00376	0.00000	0.00243
2004	 1	11	24	0.11197	0.00002	0.07244
2004	 1	12	24	0.14917	0.00000	0.09650
2004	 1	13	24	0.09600	0.00006	0.06212
2004	 1	14	24	0.28836	0.02044	0.19376
2004	 1	15	24	0.05364	0.00007	0.03473
2004	 1	16	24	0.28169	0.02448	0.19087
2004	 1	17	24	0.42133	0.13076	0.31873
2004	 1	18	24	0.05053	0.00000	0.03269
2004	 1	19	24	0.29521	0.13814	0.23975
2004	 1	20	24	0.00832	0.00000	0.00538
2004	 1	21	24	0.02209	0.00000	0.01429
2004	 1	22	24	0.06996	0.04088	0.05969
2004	 1	23	24	0.09484	0.07315	0.08718
2004	 1	24	24	0.44030	0.13249	0.33161
2004	 1	25	24	0.06497	0.01763	0.04825
2004	 1	26	24	0.01625	0.00000	0.01051
2004	 1	27	24	0.04035	0.00603	0.02823
2004	 1	28	24	0.06799	0.00113	0.04438
2004	 1	29	24	0.09496	0.01200	0.06567
2004	 1	30	24	0.08869	0.03521	0.06980
2004	 1	31	24	0.70273	0.28770	0.55618
2004	 2	 1	24	0.58976	0.37829	0.51509
2004	 2	 2	24	0.16888	0.07181	0.13461
2004	 2	 3	24	0.08250	0.03854	0.06698
2004	 2	 4	24	0.60689	0.96663	0.73392
2004	 2	 5	24	0.68477	0.80664	0.72781
2004	 2	 6	24	0.80486	0.82948	0.81356
2004	 2	 7	24	0.20785	0.56874	0.33529
2004	 2	 8	24	0.07647	0.15797	0.10525
2004	 2	 9	24	0.05338	0.00000	0.03453
2004	 2	10	24	0.04752	0.00157	0.03129
2004	 2	11	24	0.00513	0.00012	0.00336
2004	 2	12	24	0.06861	0.04990	0.06201
2004	 2	13	24	0.00236	0.00000	0.00152
2004	 2	14	24	0.00410	0.00000	0.00265
2004	 2	15	24	0.04537	0.00000	0.02935
2004	 2	16	24	0.04602	0.00000	0.02977
2004	 2	17	24	0.17903	0.13431	0.16324
2004	 2	18	24	0.01553	0.00000	0.01005
2004	 2	19	24	0.04819	0.00772	0.03390
2004	 2	20	24	0.40981	0.22262	0.34371
2004	 2	21	24	0.70949	0.64393	0.68634
2004	 2	22	24	0.23793	0.10614	0.19140
2004	 2	23	24	0.07782	0.00885	0.05346
2004	 2	24	24	0.23193	0.30649	0.25825
2004	 2	25	24	0.08815	0.14463	0.10809
2004	 2	26	24	0.06134	0.08356	0.06919
2004	 2	27	24	0.08941	0.11229	0.09749
2004	 2	28	24	0.10782	0.18527	0.13517
2004	 2	29	24	0.08654	0.01646	0.06179
2004	 3	 1	24	0.16221	0.00740	0.10754
2004	 3	 2	24	0.00420	0.00000	0.00272
2004	 3	 3	24	0.01160	0.00246	0.00837
2004	 3	 4	24	0.09431	0.02757	0.07074
2004	 3	 5	24	0.35041	0.28307	0.32663
2004	 3	 6	24	0.55740	0.14051	0.41019
2004	 3	 7	24	0.38499	0.15143	0.30252
2004	 3	 8	24	0.20204	0.09499	0.16424
2004	 3	 9	24	0.12278	0.01886	0.08608
2004	 3	10	24	0.01913	0.00000	0.01238
2004	 3	11	24	0.23006	0.01652	0.15465
2004	 3	12	24	0.32895	0.06468	0.23563
2004	 3	13	24	0.13241	0.03635	0.09849
2004	 3	14	24	0.29299	0.31422	0.30049
2004	 3	15	24	0.67797	0.41818	0.58624
2004	 3	16	24	0.81983	0.46225	0.69357
2004	 3	17	24	2.04312	1.59812	1.88598
2004	 3	18	24	2.71574	2.34558	2.58503
2004	 3	19	24	0.73982	1.74294	1.09404
2004	 3	20	24	0.03180	0.30535	0.12839
2004	 3	21	24	0.45262	0.72190	0.54771
2004	 3	22	24	0.55601	0.55039	0.55403
2004	 3	23	24	0.04316	0.17803	0.09078
2004	 3	24	24	0.00972	0.02804	0.01619
2004	 3	25	24	0.00544	0.00569	0.00553
2004	 3	26	24	0.19420	0.00049	0.12580
2004	 3	27	24	0.03289	0.00146	0.02179
2004	 3	28	24	0.20289	0.31715	0.24323
2004	 3	29	24	0.87067	0.54025	0.75399
2004	 3	30	24	2.10011	0.76107	1.62728
2004	 3	31	24	2.36248	1.29921	1.98703
2004	 4	 1	24	1.80103	1.12628	1.56277
2004	 4	 2	24	2.75713	2.23282	2.57199
2004	 4	 3	24	2.11147	1.98054	2.06524
2004	 4	 4	24	0.73415	0.87482	0.78382
2004	 4	 5	24	0.06873	0.04378	0.05992
2004	 4	 6	24	0.03802	0.01290	0.02915
2004	 4	 7	24	0.12295	0.08446	0.10936
2004	 4	 8	24	0.04346	0.01078	0.03192
2004	 4	 9	24	0.04566	0.07831	0.05719
2004	 4	10	24	0.10099	0.23555	0.14850
2004	 4	11	24	0.65480	0.63292	0.64707
2004	 4	12	24	1.01365	1.05228	1.02729
2004	 4	13	24	0.44028	0.38684	0.42141
2004	 4	14	24	2.93733	3.07312	2.98528
2004	 4	15	24	3.59222	3.54423	3.57528
2004	 4	16	24	2.16900	1.96959	2.09859
2004	 4	17	24	2.00494	2.09002	2.03498
2004	 4	18	24	0.75693	0.14973	0.54252
2004	 4	19	24	0.00000	0.00000	0.00000
2004	 4	20	24	0.21387	0.18990	0.20541
2004	 4	21	24	2.74469	2.99694	2.83376
2004	 4	22	24	3.53813	4.09029	3.73310
2004	 4	23	24	0.53224	1.05785	0.71784
2004	 4	24	24	0.00419	0.08072	0.03121
2004	 4	25	24	0.17016	0.70898	0.36042
2004	 4	26	24	0.19864	0.33761	0.24771
2004	 4	27	24	1.34548	1.89454	1.53936
2004	 4	28	24	3.15406	3.32625	3.21486
2004	 4	29	24	3.13441	3.28202	3.18653
2004	 4	30	24	4.00760	4.16843	4.06439
2004	 5	 1	24	1.36611	1.00275	1.23780
2004	 5	 2	24	0.00000	0.00000	0.00000
2004	 5	 3	24	0.66460	0.54481	0.62230
2004	 5	 4	24	1.16287	1.29570	1.20977
2004	 5	 5	24	0.63056	0.71203	0.65933
2004	 5	 6	24	0.00000	0.00007	0.00002
2004	 5	 7	24	0.00112	0.00040	0.00087
2004	 5	 8	24	0.31517	0.21522	0.27988
2004	 5	 9	24	0.05597	0.01334	0.04092
2004	 5	10	24	0.00038	0.00167	0.00084
2004	 5	11	24	0.58136	0.64093	0.60240
2004	 5	12	24	0.03950	0.08138	0.05429
2004	 5	13	24	0.00000	0.00000	0.00000
2004	 5	14	24	0.42074	0.60614	0.48621
2004	 5	15	24	0.01446	0.00932	0.01264
2004	 5	16	24	0.32279	0.31525	0.32013
2004	 5	17	24	0.58013	0.44180	0.53129
2004	 5	18	24	2.30289	2.23344	2.27837
2004	 5	19	24	4.37656	4.49540	4.41852
2004	 5	20	24	2.08486	2.06395	2.07748
2004	 5	21	24	0.00258	0.02618	0.01092
2004	 5	22	24	0.02895	0.03796	0.03213
2004	 5	23	24	0.02523	0.41591	0.16318
2004	 5	24	24	0.13774	0.24913	0.17707
2004	 5	25	24	0.87643	0.71176	0.81829
2004	 5	26	24	0.61469	1.16535	0.80913
2004	 5	27	24	1.99611	1.92972	1.97267
2004	 5	28	24	2.23186	2.40643	2.29350
2004	 5	29	24	4.56915	4.60621	4.58224
2004	 5	30	24	6.26481	6.13277	6.21818
2004	 5	31	24	3.64929	3.54994	3.61421
2004	 6	 1	24	0.00000	0.00047	0.00016
2004	 6	 2	24	0.00000	0.00059	0.00021
2004	 6	 3	24	0.40685	0.56625	0.46314
2004	 6	 4	24	1.35172	0.86838	1.18105
2004	 6	 5	24	0.00003	0.00215	0.00077
2004	 6	 6	24	0.36394	0.40879	0.37978
2004	 6	 7	24	3.37173	2.47477	3.05500
2004	 6	 8	24	5.22133	5.29585	5.24764
2004	 6	 9	24	3.79611	2.82259	3.45235
2004	 6	10	24	3.33387	3.45308	3.37596
2004	 6	11	24	0.23958	0.18642	0.22081
2004	 6	12	24	0.01118	0.16182	0.06437
2004	 6	13	24	0.12509	0.09093	0.11303
2004	 6	14	24	1.18423	1.26641	1.21324
2004	 6	15	24	1.48130	0.46441	1.12223
2004	 6	16	24	2.01640	1.47638	1.82571
2004	 6	17	24	0.80022	0.38257	0.65274
2004	 6	18	24	0.12350	0.01795	0.08623
2004	 6	19	24	0.17567	0.01080	0.11745
2004	 6	20	24	0.34824	0.29954	0.33104
2004	 6	21	24	1.21950	0.24127	0.87408
2004	 6	22	24	0.36211	0.19524	0.30319
2004	 6	23	24	1.26936	1.10641	1.21182
2004	 6	24	24	4.67742	4.48600	4.60983
2004	 6	25	24	3.39893	3.07484	3.28449
2004	 6	26	24	3.09381	2.93283	3.03696
2004	 6	27	24	1.40417	1.55138	1.45615
2004	 6	28	24	2.48695	2.07468	2.34137
2004	 6	29	24	1.86750	1.41892	1.70910
2004	 6	30	24	2.76517	2.60293	2.70789
2004	 7	 1	24	0.35247	0.18198	0.29227
2004	 7	 2	24	0.80704	0.88101	0.83316
2004	 7	 3	24	0.16508	0.13135	0.15317
2004	 7	 4	24	1.09555	0.51756	0.89145
2004	 7	 5	24	0.33717	0.25538	0.30829
2004	 7	 6	24	1.91049	2.00672	1.94447
2004	 7	 7	24	4.02300	3.67834	3.90130
2004	 7	 8	24	0.60584	0.40876	0.53625
2004	 7	 9	24	1.56283	1.66029	1.59724
2004	 7	10	24	1.14320	0.59711	0.95037
2004	 7	11	24	1.49740	1.37027	1.45251
2004	 7	12	24	0.00198	0.00259	0.00219
2004	 7	13	24	0.00000	0.00022	0.00008
2004	 7	14	24	0.18785	0.19164	0.18919
2004	 7	15	24	0.51194	0.36143	0.45879
2004	 7	16	24	1.24459	1.83823	1.45421
2004	 7	17	24	3.86977	4.20484	3.98809
2004	 7	18	24	3.15259	3.53747	3.28850
2004	 7	19	24	2.16511	2.51378	2.28823
2004	 7	20	24	1.36408	1.95011	1.57102
2004	 7	21	24	2.93452	3.45800	3.11937
2004	 7	22	24	0.00371	0.03067	0.01323
2004	 7	23	24	0.78792	0.98336	0.85693
2004	 7	24	24	0.40584	0.77457	0.53604
2004	 7	25	24	2.36921	2.86133	2.54298
2004	 7	26	24	0.00038	0.00201	0.00095
2004	 7	27	24	0.02911	0.16412	0.07679
2004	 7	28	24	0.84114	1.27496	0.99433
2004	 7	29	24	3.15561	3.39617	3.24056
2004	 7	30	24	3.80954	4.08744	3.90767
2004	 7	31	24	3.59660	3.67657	3.62484
2004	 8	 1	24	2.11326	2.59588	2.28368
2004	 8	 2	24	1.85423	2.13723	1.95416
2004	 8	 3	24	2.27289	2.68743	2.41927
2004	 8	 4	24	2.73400	2.94185	2.80740
2004	 8	 5	24	2.39861	2.66261	2.49183
2004	 8	 6	24	2.41977	2.50437	2.44964
2004	 8	 7	24	2.16158	2.30021	2.21054
2004	 8	 8	24	2.38895	2.63213	2.47482
2004	 8	 9	24	2.15499	2.42725	2.25113
2004	 8	10	24	2.18924	2.43337	2.27545
2004	 8	11	24	1.82803	2.01950	1.89564
2004	 8	12	24	0.82980	1.20016	0.96058
2004	 8	13	24	0.52872	0.16110	0.39891
2004	 8	14	24	0.03662	0.20845	0.09730
2004	 8	15	24	1.03096	1.33238	1.13739
2004	 8	16	24	1.48965	1.51583	1.49890
2004	 8	17	24	0.10377	0.37914	0.20100
2004	 8	18	24	1.00844	1.42706	1.15626
2004	 8	19	24	0.60972	0.23829	0.47856
2004	 8	20	24	0.19654	0.27680	0.22488
2004	 8	21	24	0.39021	0.35221	0.37679
2004	 8	22	24	0.80696	0.86799	0.82851
2004	 8	23	24	1.16158	1.14034	1.15408
2004	 8	24	24	0.00238	0.00036	0.00167
2004	 8	25	24	0.25218	0.09645	0.19719
2004	 8	26	24	0.00844	0.00317	0.00658
2004	 8	27	24	0.07285	0.09917	0.08215
2004	 8	28	24	0.03309	0.00019	0.02148
2004	 8	29	24	0.17056	0.24574	0.19710
2004	 8	30	24	0.00001	0.00026	0.00010
2004	 8	31	24	0.13838	0.07378	0.11557
2004	 9	 1	24	0.63229	0.57885	0.61342
2004	 9	 2	24	1.52175	1.55913	1.53495
2004	 9	 3	24	1.58813	1.53293	1.56864
2004	 9	 4	24	1.55891	1.58932	1.56964
2004	 9	 5	24	1.29774	1.30828	1.30147
2004	 9	 6	24	1.18875	1.25660	1.21271
2004	 9	 7	24	1.11608	1.17629	1.13734
2004	 9	 8	24	0.81820	0.86992	0.83646
2004	 9	 9	24	0.90139	0.89349	0.89860
2004	 9	10	24	1.18515	1.10344	1.15630
2004	 9	11	24	0.50783	0.36672	0.45800
2004	 9	12	24	0.00198	0.00093	0.00161
2004	 9	13	24	0.23609	0.18300	0.21734
2004	 9	14	24	0.55004	0.54106	0.54687
2004	 9	15	24	0.68678	0.70413	0.69291
2004	 9	16	24	0.41899	0.44794	0.42921
2004	 9	17	24	0.81787	0.75781	0.79666
2004	 9	18	24	0.93952	0.81408	0.89522
2004	 9	19	24	0.44306	0.38779	0.42355
2004	 9	20	24	0.42521	0.40852	0.41932
2004	 9	21	24	0.03149	0.02154	0.02797
2004	 9	22	24	0.00002	0.00016	0.00007
2004	 9	23	24	0.00000	0.00000	0.00000
2004	 9	24	24	0.00001	0.00014	0.00006
2004	 9	25	24	0.00000	0.00054	0.00019
2004	 9	26	24	0.00000	0.00000	0.00000
2004	 9	27	24	0.00244	0.00142	0.00208
2004	 9	28	24	0.00512	0.00394	0.00470
2004	 9	29	24	0.01743	0.00731	0.01386
2004	 9	30	24	0.09132	0.09137	0.09134
2004	10	 1	24	0.32667	0.29619	0.31591
2004	10	 2	24	0.01580	0.00471	0.01188
2004	10	 3	24	0.24895	0.17261	0.22199
2004	10	 4	24	0.67829	0.43564	0.59261
2004	10	 5	24	1.04487	0.72619	0.93234
2004	10	 6	24	0.06855	0.01182	0.04852
2004	10	 7	24	0.29293	0.24486	0.27596
2004	10	 8	24	0.00000	0.00126	0.00045
2004	10	 9	24	0.05671	0.02691	0.04619
2004	10	10	24	0.15701	0.13194	0.14816
2004	10	11	24	0.33905	0.23090	0.30086
2004	10	12	24	0.73351	0.49308	0.64862
2004	10	13	24	0.38395	0.25063	0.33688
2004	10	14	24	0.10615	0.00030	0.06877
2004	10	15	24	0.00000	0.00000	0.00000
2004	10	16	24	0.00000	0.00000	0.00000
2004	10	17	24	0.00534	0.00214	0.00421
2004	10	18	24	0.04655	0.00837	0.03307
2004	10	19	24	0.20948	0.11210	0.17509
2004	10	20	24	0.03994	0.00676	0.02822
2004	10	21	24	0.20108	0.02424	0.13863
2004	10	22	24	0.45918	0.24953	0.38515
2004	10	23	24	0.94253	0.81154	0.89627
2004	10	24	24	0.91815	0.74292	0.85627
2004	10	25	24	0.09198	0.01585	0.06510
2004	10	26	24	0.00000	0.00000	0.00000
2004	10	27	24	0.00000	0.00000	0.00000
2004	10	28	24	0.00000	0.00000	0.00000
2004	10	29	24	0.00877	0.00005	0.00569
2004	10	30	24	0.00000	0.00000	0.00000
2004	10	31	24	0.00014	0.00149	0.00062
2004	11	 1	24	0.00000	0.00000	0.00000
2004	11	 2	24	0.00000	0.00000	0.00000
2004	11	 3	24	0.00184	0.00000	0.00119
2004	11	 4	24	0.00021	0.00000	0.00014
2004	11	 5	24	0.00000	0.00000	0.00000
2004	11	 6	24	0.00000	0.00000	0.00000
2004	11	 7	24	0.00284	0.02616	0.01107
2004	11	 8	24	0.00553	0.02970	0.01407
2004	11	 9	24	0.00000	0.00002	0.00001
2004	11	10	24	0.02071	0.00000	0.01340
2004	11	11	24	0.05988	0.16409	0.09668
2004	11	12	24	0.00000	0.00000	0.00000
2004	11	13	24	0.00249	0.00000	0.00161
2004	11	14	24	0.00157	0.00000	0.00102
2004	11	15	24	0.00292	0.00000	0.00189
2004	11	16	24	0.00000	0.00000	0.00000
2004	11	17	24	0.00000	0.00000	0.00000
2004	11	18	24	0.00000	0.00000	0.00000
2004	11	19	24	0.06149	0.03920	0.05362
2004	11	20	24	0.02474	0.00000	0.01600
2004	11	21	24	0.03665	0.00000	0.02371
2004	11	22	24	0.02595	0.00000	0.01679
2004	11	23	24	0.02489	0.03082	0.02699
2004	11	24	24	0.00606	0.00046	0.00408
2004	11	25	24	0.51918	0.53688	0.52543
2004	11	26	24	0.26320	0.61334	0.38684
2004	11	27	24	0.00000	0.00000	0.00000
2004	11	28	24	0.00000	0.00000	0.00000
2004	11	29	24	0.00001	0.00000	0.00000
2004	11	30	24	0.00009	0.00000	0.00006
2004	12	 1	24	0.00000	0.00000	0.00000
2004	12	 2	24	0.00000	0.00000	0.00000
2004	12	 3	24	0.00009	0.00026	0.00015
2004	12	 4	24	0.00081	0.00149	0.00105
2004	12	 5	24	0.00037	0.00062	0.00045
2004	12	 6	24	0.00097	0.00000	0.00063
2004	12	 7	24	0.00653	0.00107	0.00460
2004	12	 8	24	0.00542	0.00318	0.00463
2004	12	 9	24	0.24640	0.24516	0.24597
2004	12	10	24	1.61305	0.96545	1.38438
2004	12	11	24	1.36070	0.85567	1.18237
2004	12	12	24	0.01981	0.03182	0.02405
2004	12	13	24	0.04077	0.02321	0.03457
2004	12	14	24	0.36039	0.03474	0.24540
2004	12	15	24	0.81607	0.00008	0.52794
2004	12	16	24	0.09288	0.04918	0.07745
2004	12	17	24	0.08346	0.02456	0.06266
2004	12	18	24	0.02693	0.00000	0.01742
2004	12	19	24	0.03041	0.00000	0.01968
2004	12	20	24	0.00501	0.00000	0.00324
2004	12	21	24	0.00341	0.00000	0.00221
2004	12	22	24	0.02190	0.00381	0.01551
2004	12	23	24	0.00033	0.00000	0.00021
2004	12	24	24	0.02019	0.08349	0.04254
2004	12	25	24	0.00492	0.01774	0.00945
2004	12	26	24	0.00000	0.00000	0.00000
2004	12	27	24	0.00018	0.00000	0.00012
2004	12	28	24	0.02575	0.00000	0.01666
2004	12	29	24	0.01231	0.00000	0.00796
2004	12	30	24	0.01376	0.00000	0.00890
2004	12	31	24	0.00001	0.00000	0.00000
2005	 1	 1	24	0.00000	0.00000	0.00000
2005	 1	 2	24	0.01817	0.13451	0.05925
2005	 1	 3	24	0.01183	0.00048	0.00782
2005	 1	 4	24	0.00556	0.02040	0.01080
2005	 1	 5	24	0.00000	0.00000	0.00000
2005	 1	 6	24	0.00280	0.02098	0.00922
2005	 1	 7	24	0.09035	0.68379	0.29990
2005	 1	 8	24	0.58856	0.86589	0.68649
2005	 1	 9	24	0.67475	0.50114	0.61345
2005	 1	10	24	0.58685	0.17682	0.44206
2005	 1	11	24	0.54392	0.13611	0.39991
2005	 1	12	24	0.00199	0.01264	0.00575
2005	 1	13	24	0.02544	0.10393	0.05316
2005	 1	14	24	0.00354	0.02073	0.00961
2005	 1	15	24	0.00261	0.10453	0.03860
2005	 1	16	24	0.02754	0.00349	0.01905
2005	 1	17	24	0.33802	0.00302	0.21973
2005	 1	18	24	0.04263	0.03798	0.04099
2005	 1	19	24	0.03570	0.04984	0.04069
2005	 1	20	24	0.00734	0.01475	0.00996
2005	 1	21	24	0.03532	0.00000	0.02285
2005	 1	22	24	0.05810	0.00000	0.03759
2005	 1	23	24	0.07444	0.00000	0.04816
2005	 1	24	24	0.03901	0.00846	0.02822
2005	 1	25	24	0.05134	0.01449	0.03833
2005	 1	26	24	0.07310	0.03169	0.05848
2005	 1	27	24	0.07419	0.02700	0.05753
2005	 1	28	24	0.06014	0.02260	0.04688
2005	 1	29	24	0.06500	0.02501	0.05088
2005	 1	30	24	0.07513	0.02214	0.05642
2005	 1	31	24	0.00494	0.00000	0.00320
2005	 2	 1	24	0.02240	0.00000	0.01449
2005	 2	 2	24	0.01954	0.00000	0.01264
2005	 2	 3	24	0.00235	0.00000	0.00152
2005	 2	 4	24	0.08415	0.09168	0.08681
2005	 2	 5	24	0.07045	0.00000	0.04557
2005	 2	 6	24	0.16966	0.01726	0.11584
2005	 2	 7	24	0.50755	0.19567	0.39742
2005	 2	 8	24	0.52368	0.16181	0.39590
2005	 2	 9	24	0.42038	0.16938	0.33175
2005	 2	10	24	0.33063	0.12492	0.25799
2005	 2	11	24	0.00698	0.00000	0.00452
2005	 2	12	24	0.06259	0.01755	0.04668
2005	 2	13	24	0.26243	0.14482	0.22090
2005	 2	14	24	0.05827	0.01382	0.04257
2005	 2	15	24	0.05404	0.01002	0.03850
2005	 2	16	24	0.04628	0.01947	0.03681
2005	 2	17	24	0.03820	0.02109	0.03216
2005	 2	18	24	0.07035	0.02475	0.05425
2005	 2	19	24	0.08196	0.01982	0.06002
2005	 2	20	24	0.06195	0.00000	0.04007
2005	 2	21	24	0.09232	0.02129	0.06724
2005	 2	22	24	0.05075	0.01024	0.03645
2005	 2	23	24	0.05188	0.02176	0.04124
2005	 2	24	24	0.07821	0.01882	0.05724
2005	 2	25	24	0.06914	0.01677	0.05065
2005	 2	26	24	0.05421	0.01952	0.04196
2005	 2	27	24	0.10124	0.05180	0.08378
2005	 2	28	24	0.11843	0.04480	0.09243
2005	 3	 1	24	0.35306	0.18229	0.29276
2005	 3	 2	24	0.74324	0.29893	0.58635
2005	 3	 3	24	0.53485	0.16495	0.40423
2005	 3	 4	24	0.27752	0.08805	0.21062
2005	 3	 5	24	0.26581	0.08132	0.20067
2005	 3	 6	24	0.08091	0.03761	0.06562
2005	 3	 7	24	0.11080	0.02344	0.07995
2005	 3	 8	24	0.04599	0.00481	0.03145
2005	 3	 9	24	0.06077	0.01575	0.04487
2005	 3	10	24	0.25875	0.25466	0.25730
2005	 3	11	24	0.23847	0.10380	0.19092
2005	 3	12	24	0.09514	0.01033	0.06519
2005	 3	13	24	0.08555	0.01792	0.06167
2005	 3	14	24	0.34999	0.21949	0.30391
2005	 3	15	24	0.99137	0.82317	0.93198
2005	 3	16	24	1.22912	0.94973	1.13046
2005	 3	17	24	0.92522	0.87551	0.90766
2005	 3	18	24	0.06008	0.07747	0.06622
2005	 3	19	24	0.14094	0.12368	0.13484
2005	 3	20	24	0.57907	0.31228	0.48486
2005	 3	21	24	1.07893	0.63318	0.92153
2005	 3	22	24	1.82429	0.83342	1.47440
2005	 3	23	24	0.48834	0.36685	0.44544
2005	 3	24	24	1.12148	0.32356	0.83972
2005	 3	25	24	0.55590	0.58867	0.56747
2005	 3	26	24	0.01484	0.04501	0.02549
2005	 3	27	24	0.23081	0.03586	0.16197
2005	 3	28	24	0.33742	0.32447	0.33285
2005	 3	29	24	1.09089	0.46023	0.86820
2005	 3	30	24	1.96139	1.12706	1.66678
2005	 3	31	24	2.38084	1.20988	1.96736
2005	 4	 1	24	2.78063	1.69361	2.39679
2005	 4	 2	24	3.42737	2.25100	3.01198
2005	 4	 3	24	3.77425	2.66596	3.38290
2005	 4	 4	24	3.88054	2.01318	3.22115
2005	 4	 5	24	1.82728	1.24371	1.62122
2005	 4	 6	24	0.89863	0.53895	0.77163
2005	 4	 7	24	0.77173	0.21872	0.57646
2005	 4	 8	24	0.04552	0.01129	0.03344
2005	 4	 9	24	0.00000	0.00117	0.00041
2005	 4	10	24	0.05256	0.07547	0.06065
2005	 4	11	24	0.44902	0.54906	0.48434
2005	 4	12	24	1.24039	1.59312	1.36494
2005	 4	13	24	1.23048	1.79308	1.42914
2005	 4	14	24	2.16487	2.47364	2.27390
2005	 4	15	24	3.11387	3.70502	3.32261
2005	 4	16	24	2.53397	3.15859	2.75453
2005	 4	17	24	0.37125	0.24862	0.32795
2005	 4	18	24	1.53086	1.50312	1.52107
2005	 4	19	24	1.67580	1.82261	1.72764
2005	 4	20	24	1.68989	1.82324	1.73697
2005	 4	21	24	2.71712	2.89099	2.77851
2005	 4	22	24	2.71497	3.11017	2.85452
2005	 4	23	24	2.50932	2.75399	2.59572
2005	 4	24	24	2.04666	2.17930	2.09350
2005	 4	25	24	0.01728	0.01738	0.01731
2005	 4	26	24	0.46762	0.40665	0.44609
2005	 4	27	24	0.06105	0.07225	0.06500
2005	 4	28	24	1.17159	1.38769	1.24790
2005	 4	29	24	2.75698	3.06674	2.86636
2005	 4	30	24	2.08627	2.59229	2.26495
2005	 5	 1	24	3.78849	4.76905	4.13474
2005	 5	 2	24	5.53656	6.30896	5.80930
2005	 5	 3	24	0.24143	0.16661	0.21501
2005	 5	 4	24	0.14153	0.21338	0.16690
2005	 5	 5	24	0.06955	0.05203	0.06336
2005	 5	 6	24	0.00001	0.00082	0.00030
2005	 5	 7	24	0.10185	0.06700	0.08955
2005	 5	 8	24	0.03613	0.05776	0.04377
2005	 5	 9	24	0.14261	0.16897	0.15191
2005	 5	10	24	0.83986	0.56538	0.74294
2005	 5	11	24	0.02463	0.03457	0.02814
2005	 5	12	24	0.63394	0.51694	0.59263
2005	 5	13	24	3.30460	3.19572	3.26615
2005	 5	14	24	0.32563	0.11750	0.25214
2005	 5	15	24	0.12032	0.06717	0.10155
2005	 5	16	24	0.83380	0.78101	0.81516
2005	 5	17	24	0.00000	0.00028	0.00010
2005	 5	18	24	0.00000	0.00009	0.00003
2005	 5	19	24	1.49150	1.11898	1.35996
2005	 5	20	24	4.20479	4.00652	4.13478
2005	 5	21	24	3.30911	2.80118	3.12976
2005	 5	22	24	0.31194	0.27929	0.30041
2005	 5	23	24	0.00000	0.00016	0.00006
2005	 5	24	24	0.67497	0.70215	0.68457
2005	 5	25	24	3.98669	4.45121	4.15071
2005	 5	26	24	5.23452	5.38509	5.28769
2005	 5	27	24	6.03142	6.37275	6.15195
2005	 5	28	24	6.35951	6.81049	6.51875
2005	 5	29	24	4.01975	4.73833	4.27348
2005	 5	30	24	1.59039	1.88884	1.69577
2005	 5	31	24	1.57330	2.00650	1.72627
2005	 6	 1	24	2.18055	2.75589	2.38371
2005	 6	 2	24	2.13050	2.71453	2.33673
2005	 6	 3	24	3.52163	4.57532	3.89370
2005	 6	 4	24	1.97024	2.41541	2.12743
2005	 6	 5	24	0.30331	1.00452	0.55092
2005	 6	 6	24	0.00000	0.00036	0.00013
2005	 6	 7	24	0.00040	0.00766	0.00296
2005	 6	 8	24	0.19151	0.33056	0.24061
2005	 6	 9	24	1.53864	2.38502	1.83751
2005	 6	10	24	0.20151	0.16170	0.18745
2005	 6	11	24	0.93069	1.27436	1.05205
2005	 6	12	24	1.41308	1.92673	1.59446
2005	 6	13	24	2.72074	3.65363	3.05016
2005	 6	14	24	0.39178	0.33697	0.37242
2005	 6	15	24	0.68343	1.10980	0.83399
2005	 6	16	24	3.20465	4.63747	3.71059
2005	 6	17	24	0.25634	0.28597	0.26681
2005	 6	18	24	2.47328	3.81560	2.94727
2005	 6	19	24	2.47942	3.77852	2.93815
2005	 6	20	24	2.72139	4.05382	3.19189
2005	 6	21	24	2.62829	3.53696	2.94915
2005	 6	22	24	1.40659	2.26584	1.71000
2005	 6	23	24	2.46670	3.74185	2.91697
2005	 6	24	24	2.22270	3.69618	2.74300
2005	 6	25	24	0.34423	0.34384	0.34410
2005	 6	26	24	0.61670	1.29536	0.85634
2005	 6	27	24	2.00677	3.07555	2.38417
2005	 6	28	24	2.36748	3.58255	2.79654
2005	 6	29	24	1.72602	2.61321	2.03930
2005	 6	30	24	0.00179	0.00134	0.00163
2005	 7	 1	24	0.00004	0.00075	0.00029
2005	 7	 2	24	0.02391	0.09599	0.04936
2005	 7	 3	24	1.17538	1.53286	1.30161
2005	 7	 4	24	1.27381	1.23276	1.25932
2005	 7	 5	24	0.00000	0.00000	0.00000
2005	 7	 6	24	0.11938	0.19191	0.14499
2005	 7	 7	24	0.01999	0.03681	0.02593
2005	 7	 8	24	0.00000	0.00000	0.00000
2005	 7	 9	24	0.00008	0.00162	0.00062
2005	 7	10	24	0.22646	0.41535	0.29316
2005	 7	11	24	1.51610	2.83096	1.98039
2005	 7	12	24	2.79212	4.03908	3.23244
2005	 7	13	24	2.83661	4.00760	3.25010
2005	 7	14	24	2.53222	3.55113	2.89201
2005	 7	15	24	1.68776	2.44826	1.95630
2005	 7	16	24	1.34245	2.06989	1.59932
2005	 7	17	24	1.47047	2.17450	1.71907
2005	 7	18	24	1.63974	2.59054	1.97548
2005	 7	19	24	0.00125	0.01087	0.00465
2005	 7	20	24	0.23283	0.23753	0.23449
2005	 7	21	24	0.00117	0.00172	0.00137
2005	 7	22	24	0.00000	0.00057	0.00020
2005	 7	23	24	0.00030	0.00280	0.00118
2005	 7	24	24	0.38234	0.33663	0.36620
2005	 7	25	24	0.29803	0.47677	0.36114
2005	 7	26	24	1.25077	1.87848	1.47242
2005	 7	27	24	1.71223	2.44110	1.96960
2005	 7	28	24	2.46131	3.13152	2.69797
2005	 7	29	24	1.28607	1.84800	1.48449
2005	 7	30	24	0.22331	0.32657	0.25977
2005	 7	31	24	1.09142	1.74926	1.32371
2005	 8	 1	24	1.61128	2.25882	1.83993
2005	 8	 2	24	0.27611	0.22617	0.25848
2005	 8	 3	24	0.00000	0.00000	0.00000
2005	 8	 4	24	0.03065	0.10158	0.05570
2005	 8	 5	24	0.29346	0.22441	0.26908
2005	 8	 6	24	0.05348	0.10406	0.07134
2005	 8	 7	24	0.03911	0.06366	0.04778
2005	 8	 8	24	0.09493	0.13612	0.10948
2005	 8	 9	24	0.28281	0.35873	0.30962
2005	 8	10	24	0.37391	0.76787	0.51302
2005	 8	11	24	0.58852	0.78769	0.65885
2005	 8	12	24	0.06893	0.06832	0.06871
2005	 8	13	24	0.00000	0.00029	0.00010
2005	 8	14	24	0.02924	0.03309	0.03060
2005	 8	15	24	0.00031	0.00000	0.00020
2005	 8	16	24	0.26571	0.35063	0.29569
2005	 8	17	24	0.59380	1.19627	0.80654
2005	 8	18	24	1.64281	2.45640	1.93010
2005	 8	19	24	1.77357	2.49553	2.02850
2005	 8	20	24	0.02847	0.09701	0.05268
2005	 8	21	24	0.66527	1.47009	0.94946
2005	 8	22	24	0.13528	0.14538	0.13885
2005	 8	23	24	0.00000	0.00000	0.00000
2005	 8	24	24	0.00007	0.00185	0.00070
2005	 8	25	24	0.00176	0.00076	0.00141
2005	 8	26	24	0.60917	0.59537	0.60430
2005	 8	27	24	1.39657	2.04142	1.62428
2005	 8	28	24	1.83826	2.49201	2.06910
2005	 8	29	24	2.06060	2.71565	2.29190
2005	 8	30	24	1.79999	2.58347	2.07665
2005	 8	31	24	1.67865	2.41881	1.94001
2005	 9	 1	24	1.64089	2.27252	1.86393
2005	 9	 2	24	0.79699	1.19185	0.93642
2005	 9	 3	24	0.01688	0.13281	0.05781
2005	 9	 4	24	1.28757	1.89148	1.50082
2005	 9	 5	24	1.39598	1.75408	1.52243
2005	 9	 6	24	1.35548	1.65972	1.46291
2005	 9	 7	24	1.36623	1.62710	1.45835
2005	 9	 8	24	1.88889	2.03498	1.94048
2005	 9	 9	24	0.69641	0.62842	0.67240
2005	 9	10	24	0.03399	0.10189	0.05796
2005	 9	11	24	0.00892	0.00093	0.00610
2005	 9	12	24	0.00000	0.00007	0.00002
2005	 9	13	24	0.03244	0.08584	0.05129
2005	 9	14	24	0.38426	0.60296	0.46148
2005	 9	15	24	0.03572	0.02431	0.03169
2005	 9	16	24	0.00000	0.00017	0.00006
2005	 9	17	24	0.00000	0.00036	0.00013
2005	 9	18	24	0.24657	0.27974	0.25828
2005	 9	19	24	1.04948	1.28204	1.13160
2005	 9	20	24	1.30071	1.43259	1.34728
2005	 9	21	24	1.33140	1.36839	1.34447
2005	 9	22	24	1.34855	1.42561	1.37576
2005	 9	23	24	1.21202	1.14562	1.18857
2005	 9	24	24	1.03714	1.06673	1.04759
2005	 9	25	24	1.05927	0.97251	1.02864
2005	 9	26	24	0.55894	0.56726	0.56188
2005	 9	27	24	0.52682	0.17577	0.40286
2005	 9	28	24	0.00200	0.00579	0.00334
2005	 9	29	24	0.01638	0.00708	0.01310
2005	 9	30	24	0.03420	0.01630	0.02788
2005	10	 1	24	0.03679	0.00711	0.02631
2005	10	 2	24	0.00000	0.00000	0.00000
2005	10	 3	24	0.00000	0.00034	0.00012
2005	10	 4	24	0.02369	0.05662	0.03532
2005	10	 5	24	0.25093	0.33295	0.27989
2005	10	 6	24	0.84500	0.98505	0.89445
2005	10	 7	24	1.06783	0.91534	1.01399
2005	10	 8	24	1.02762	0.85449	0.96649
2005	10	 9	24	0.84698	0.65749	0.78007
2005	10	10	24	0.76088	0.60027	0.70417
2005	10	11	24	0.92871	0.83393	0.89524
2005	10	12	24	0.56759	0.51158	0.54781
2005	10	13	24	0.59727	0.62856	0.60831
2005	10	14	24	0.67488	0.73315	0.69545
2005	10	15	24	0.60231	0.66350	0.62392
2005	10	16	24	0.30688	0.32561	0.31349
2005	10	17	24	0.13163	0.14055	0.13478
2005	10	18	24	0.20279	0.21123	0.20577
2005	10	19	24	0.45043	0.31941	0.40416
2005	10	20	24	0.29813	0.18739	0.25903
2005	10	21	24	0.24561	0.09844	0.19364
2005	10	22	24	0.14693	0.24129	0.18025
2005	10	23	24	0.00004	0.00372	0.00134
2005	10	24	24	0.01305	0.00479	0.01014
2005	10	25	24	0.09084	0.01215	0.06305
2005	10	26	24	0.20603	0.14554	0.18467
2005	10	27	24	0.16839	0.12948	0.15465
2005	10	28	24	0.59355	0.36916	0.51431
2005	10	29	24	0.46682	0.40866	0.44629
2005	10	30	24	0.44841	0.24804	0.37766
2005	10	31	24	0.23596	0.04144	0.16727
2005	11	 1	24	0.01599	0.00000	0.01034
2005	11	 2	24	0.07972	0.00235	0.05240
2005	11	 3	24	0.00654	0.00000	0.00423
2005	11	 4	24	0.00499	0.00000	0.00323
2005	11	 5	24	0.00000	0.00000	0.00000
2005	11	 6	24	0.00002	0.00051	0.00019
2005	11	 7	24	0.01086	0.00303	0.00810
2005	11	 8	24	0.08254	0.00308	0.05448
2005	11	 9	24	0.18745	0.00274	0.12223
2005	11	10	24	0.05305	0.00298	0.03537
2005	11	11	24	0.20368	0.02430	0.14034
2005	11	12	24	0.09797	0.00971	0.06680
2005	11	13	24	0.24756	0.00000	0.16014
2005	11	14	24	0.07099	0.00000	0.04592
2005	11	15	24	0.00511	0.01923	0.01010
2005	11	16	24	0.00000	0.00000	0.00000
2005	11	17	24	0.00890	0.00776	0.00850
2005	11	18	24	0.01505	0.00000	0.00974
2005	11	19	24	0.01164	0.00000	0.00753
2005	11	20	24	0.00233	0.00000	0.00151
2005	11	21	24	0.00009	0.00000	0.00006
2005	11	22	24	0.00090	0.00000	0.00058
2005	11	23	24	0.00002	0.00000	0.00001
2005	11	24	24	0.02834	0.00000	0.01833
2005	11	25	24	0.08382	0.02172	0.06189
2005	11	26	24	0.02998	0.00000	0.01939
2005	11	27	24	0.16970	0.02866	0.11989
2005	11	28	24	0.04818	0.00026	0.03126
2005	11	29	24	0.01310	0.00000	0.00847
2005	11	30	24	0.06725	0.02661	0.05290
2005	12	 1	24	0.05769	0.00825	0.04023
2005	12	 2	24	0.07921	0.00075	0.05151
2005	12	 3	24	0.07386	0.00000	0.04778
2005	12	 4	24	0.00065	0.00000	0.00042
2005	12	 5	24	0.00312	0.00000	0.00202
2005	12	 6	24	0.01086	0.00005	0.00704
2005	12	 7	24	0.00000	0.00000	0.00000
2005	12	 8	24	0.00123	0.00102	0.00116
2005	12	 9	24	0.00055	0.00000	0.00036
2005	12	10	24	0.02064	0.06495	0.03628
2005	12	11	24	0.06128	0.18815	0.10608
2005	12	12	24	0.00000	0.00000	0.00000
2005	12	13	24	0.00033	0.00000	0.00022
2005	12	14	24	0.00002	0.00000	0.00002
2005	12	15	24	0.00004	0.00000	0.00003
2005	12	16	24	0.01476	0.03865	0.02320
2005	12	17	24	0.04079	0.03774	0.03971
2005	12	18	24	0.03583	0.03246	0.03464
2005	12	19	24	0.02304	0.01545	0.02036
2005	12	20	24	0.00306	0.00719	0.00452
2005	12	21	24	0.00209	0.00000	0.00135
2005	12	22	24	0.00435	0.00000	0.00281
2005	12	23	24	0.00126	0.00000	0.00082
2005	12	24	24	0.00672	0.00000	0.00435
2005	12	25	24	0.00677	0.00000	0.00438
2005	12	26	24	0.00984	0.02085	0.01373
2005	12	27	24	0.05611	0.04772	0.05315
2005	12	28	24	0.05919	0.05587	0.05802
2005	12	29	24	0.09432	0.07549	0.08767
2005	12	30	24	0.03622	0.03427	0.03553
2005	12	31	24	0.10435	0.04064	0.08185
2006	 1	 1	24	0.01146	0.00000	0.00741
2006	 1	 2	24	0.00002	0.00000	0.00001
2006	 1	 3	24	0.00154	0.00841	0.00397
2006	 1	 4	24	0.00109	0.00000	0.00070
2006	 1	 5	24	0.00381	0.00003	0.00247
2006	 1	 6	24	0.00264	0.00000	0.00171
2006	 1	 7	24	0.00318	0.00000	0.00205
2006	 1	 8	24	0.04539	0.04273	0.04445
2006	 1	 9	24	0.10859	0.08152	0.09903
2006	 1	10	24	0.38420	0.31180	0.35863
2006	 1	11	24	0.80041	0.86028	0.82155
2006	 1	12	24	0.01051	0.00330	0.00796
2006	 1	13	24	0.02373	0.02133	0.02288
2006	 1	14	24	0.48664	0.20570	0.38744
2006	 1	15	24	0.36370	0.07755	0.26266
2006	 1	16	24	0.27884	0.10120	0.21611
2006	 1	17	24	0.25384	0.10057	0.19972
2006	 1	18	24	0.02896	0.02272	0.02675
2006	 1	19	24	0.02529	0.01906	0.02309
2006	 1	20	24	0.00232	0.00000	0.00150
2006	 1	21	24	0.00610	0.01224	0.00827
2006	 1	22	24	0.05183	0.01331	0.03822
2006	 1	23	24	0.07325	0.07957	0.07548
2006	 1	24	24	0.36607	0.23916	0.32126
2006	 1	25	24	0.50949	0.15252	0.38344
2006	 1	26	24	0.15273	0.07939	0.12683
2006	 1	27	24	0.28508	0.08422	0.21416
2006	 1	28	24	1.11692	0.90751	1.04297
2006	 1	29	24	0.99295	0.65065	0.87208
2006	 1	30	24	0.83989	0.57310	0.74568
2006	 1	31	24	0.28777	0.41506	0.33272
2006	 2	 1	24	1.89196	2.05658	1.95008
2006	 2	 2	24	1.48956	1.17483	1.37842
2006	 2	 3	24	0.06447	0.03288	0.05331
2006	 2	 4	24	0.06422	0.05287	0.06021
2006	 2	 5	24	0.15238	0.06446	0.12133
2006	 2	 6	24	0.39057	0.18209	0.31695
2006	 2	 7	24	0.00960	0.00668	0.00857
2006	 2	 8	24	0.00049	0.00404	0.00174
2006	 2	 9	24	0.08680	0.03575	0.06877
2006	 2	10	24	0.03863	0.02858	0.03508
2006	 2	11	24	0.03080	0.02852	0.02999
2006	 2	12	24	0.03159	0.03874	0.03412
2006	 2	13	24	0.04793	0.07969	0.05914
2006	 2	14	24	0.07760	0.08441	0.08000
2006	 2	15	24	0.04355	0.02274	0.03620
2006	 2	16	24	0.00049	0.00094	0.00065
2006	 2	17	24	0.06293	0.10178	0.07665
2006	 2	18	24	0.05361	0.02854	0.04476
2006	 2	19	24	0.14272	0.15134	0.14576
2006	 2	20	24	0.08401	0.08372	0.08391
2006	 2	21	24	0.00060	0.00000	0.00039
2006	 2	22	24	0.02863	0.01425	0.02355
2006	 2	23	24	0.10783	0.03451	0.08194
2006	 2	24	24	0.01335	0.04233	0.02358
2006	 2	25	24	0.13122	0.05578	0.10459
2006	 2	26	24	0.12623	0.06136	0.10332
2006	 2	27	24	0.20097	0.04592	0.14622
2006	 2	28	24	0.14604	0.05155	0.11268
2006	 3	 1	24	0.14380	0.06182	0.11485
2006	 3	 2	24	0.14847	0.18119	0.16003
2006	 3	 3	24	0.07500	0.07564	0.07522
2006	 3	 4	24	0.04517	0.06834	0.05335
2006	 3	 5	24	0.07615	0.13311	0.09626
2006	 3	 6	24	0.03827	0.07238	0.05031
2006	 3	 7	24	0.16728	0.03729	0.12138
2006	 3	 8	24	0.07097	0.10694	0.08367
2006	 3	 9	24	0.13998	0.03059	0.10136
2006	 3	10	24	0.10090	0.10203	0.10130
2006	 3	11	24	0.11589	0.03163	0.08613
2006	 3	12	24	0.10540	0.07270	0.09385
2006	 3	13	24	0.09589	0.05585	0.08175
2006	 3	14	24	0.08944	0.05857	0.07854
2006	 3	15	24	0.06085	0.03060	0.05017
2006	 3	16	24	0.03170	0.00689	0.02294
2006	 3	17	24	0.00205	0.00000	0.00133
2006	 3	18	24	0.00223	0.00000	0.00145
2006	 3	19	24	0.07936	0.11591	0.09227
2006	 3	20	24	0.11447	0.09852	0.10884
2006	 3	21	24	0.13720	0.12851	0.13413
2006	 3	22	24	0.42747	0.31282	0.38698
2006	 3	23	24	0.83989	0.40943	0.68789
2006	 3	24	24	1.60293	0.58357	1.24298
2006	 3	25	24	0.06481	0.16134	0.09890
2006	 3	26	24	0.00792	0.03343	0.01693
2006	 3	27	24	0.32865	0.57838	0.41683
2006	 3	28	24	0.40340	0.56547	0.46063
2006	 3	29	24	0.14494	0.40014	0.23505
2006	 3	30	24	0.05723	0.15866	0.09305
2006	 3	31	24	0.11192	0.26966	0.16762
2006	 4	 1	24	0.24989	0.52607	0.34741
2006	 4	 2	24	0.39220	0.62650	0.47493
2006	 4	 3	24	0.10751	0.44264	0.22584
2006	 4	 4	24	0.14320	0.33637	0.21141
2006	 4	 5	24	0.39724	0.48395	0.42786
2006	 4	 6	24	0.99465	0.59574	0.85379
2006	 4	 7	24	2.23983	1.36400	1.93056
2006	 4	 8	24	2.93382	1.56364	2.45000
2006	 4	 9	24	1.27660	1.16915	1.23866
2006	 4	10	24	0.04234	0.26395	0.12059
2006	 4	11	24	0.12424	0.13427	0.12778
2006	 4	12	24	0.17317	0.31743	0.22411
2006	 4	13	24	0.03574	0.25315	0.11251
2006	 4	14	24	0.06819	0.30824	0.15295
2006	 4	15	24	0.63359	0.91014	0.73124
2006	 4	16	24	0.02333	0.23006	0.09633
2006	 4	17	24	0.08152	0.21175	0.12750
2006	 4	18	24	0.72772	0.81655	0.75908
2006	 4	19	24	1.75497	1.04911	1.50572
2006	 4	20	24	3.20188	2.17717	2.84004
2006	 4	21	24	3.55594	2.95192	3.34265
2006	 4	22	24	0.70615	0.41323	0.60272
2006	 4	23	24	0.29426	0.30492	0.29802
2006	 4	24	24	1.32957	1.27914	1.31176
2006	 4	25	24	3.16717	3.83377	3.40255
2006	 4	26	24	1.99034	1.30373	1.74789
2006	 4	27	24	0.31256	0.72807	0.45928
2006	 4	28	24	0.00001	0.00986	0.00349
2006	 4	29	24	0.00000	0.00000	0.00000
