YY	MM	DD	HH	"1"	"2"	tot_average

--	--	--	--	0.6468891	0.3531109	1.0000
2000	 8	 1	24	0.664	0.710	0.680
2000	 8	 2	24	0.744	0.785	0.759
2000	 8	 3	24	0.729	0.756	0.738
2000	 8	 4	24	0.696	0.727	0.707
2000	 8	 5	24	0.676	0.708	0.687
2000	 8	 6	24	0.825	0.852	0.834
2000	 8	 7	24	0.861	0.869	0.864
2000	 8	 8	24	0.832	0.854	0.840
2000	 8	 9	24	0.834	0.851	0.840
2000	 8	10	24	0.765	0.799	0.777
2000	 8	11	24	0.819	0.827	0.822
2000	 8	12	24	0.680	0.698	0.687
2000	 8	13	24	0.521	0.564	0.536
2000	 8	14	24	0.477	0.533	0.497
2000	 8	15	24	0.635	0.687	0.654
2000	 8	16	24	0.733	0.756	0.741
2000	 8	17	24	0.643	0.678	0.655
2000	 8	18	24	0.720	0.757	0.733
2000	 8	19	24	0.627	0.676	0.644
2000	 8	20	24	0.620	0.651	0.631
2000	 8	21	24	0.838	0.840	0.839
2000	 8	22	24	0.881	0.888	0.884
2000	 8	23	24	0.764	0.791	0.774
2000	 8	24	24	0.700	0.736	0.713
2000	 8	25	24	0.804	0.838	0.816
2000	 8	26	24	0.697	0.728	0.708
2000	 8	27	24	0.665	0.715	0.683
2000	 8	28	24	0.877	0.892	0.882
2000	 8	29	24	0.740	0.760	0.747
2000	 8	30	24	0.720	0.747	0.729
2000	 8	31	24	0.863	0.873	0.867
2000	 9	 1	24	0.808	0.813	0.810
2000	 9	 2	24	0.859	0.876	0.865
2000	 9	 3	24	0.972	0.972	0.972
2000	 9	 4	24	0.972	0.977	0.974
2000	 9	 5	24	0.940	0.953	0.945
2000	 9	 6	24	0.846	0.877	0.857
2000	 9	 7	24	0.954	0.954	0.954
2000	 9	 8	24	0.865	0.884	0.872
2000	 9	 9	24	0.766	0.787	0.773
2000	 9	10	24	0.835	0.854	0.842
2000	 9	11	24	0.874	0.881	0.877
2000	 9	12	24	0.815	0.872	0.835
2000	 9	13	24	0.823	0.846	0.831
2000	 9	14	24	0.898	0.902	0.899
2000	 9	15	24	0.814	0.858	0.829
2000	 9	16	24	0.877	0.921	0.892
2000	 9	17	24	0.943	0.950	0.945
2000	 9	18	24	0.960	0.970	0.964
2000	 9	19	24	0.898	0.952	0.917
2000	 9	20	24	0.903	0.932	0.913
2000	 9	21	24	0.961	0.953	0.958
2000	 9	22	24	0.959	0.957	0.958
2000	 9	23	24	0.823	0.842	0.830
2000	 9	24	24	0.821	0.873	0.839
2000	 9	25	24	0.841	0.902	0.863
2000	 9	26	24	0.852	0.899	0.868
2000	 9	27	24	0.851	0.918	0.875
2000	 9	28	24	0.867	0.940	0.892
2000	 9	29	24	0.694	0.743	0.712
2000	 9	30	24	0.737	0.788	0.755
2000	10	 1	24	0.885	0.934	0.903
2000	10	 2	24	0.899	0.898	0.899
2000	10	 3	24	0.932	0.946	0.937
2000	10	 4	24	0.960	0.980	0.967
2000	10	 5	24	0.927	0.962	0.939
2000	10	 6	24	0.987	0.982	0.985
2000	10	 7	24	0.993	0.988	0.991
2000	10	 8	24	0.990	0.990	0.990
2000	10	 9	24	0.969	0.986	0.975
2000	10	10	24	0.956	0.988	0.967
2000	10	11	24	0.918	0.978	0.939
2000	10	12	24	0.885	0.932	0.902
2000	10	13	24	0.909	0.942	0.921
2000	10	14	24	0.974	0.957	0.968
2000	10	15	24	0.797	0.842	0.813
2000	10	16	24	0.839	0.907	0.863
2000	10	17	24	0.856	0.878	0.864
2000	10	18	24	0.978	0.976	0.978
2000	10	19	24	0.975	0.985	0.979
2000	10	20	24	0.965	0.989	0.973
2000	10	21	24	0.816	0.885	0.840
2000	10	22	24	0.749	0.860	0.788
2000	10	23	24	0.801	0.916	0.841
2000	10	24	24	0.844	0.891	0.860
2000	10	25	24	0.830	0.873	0.845
2000	10	26	24	0.957	0.964	0.959
2000	10	27	24	0.933	0.945	0.937
2000	10	28	24	0.961	0.981	0.968
2000	10	29	24	0.861	0.945	0.890
2000	10	30	24	0.843	0.923	0.871
2000	10	31	24	0.880	0.952	0.906
2000	11	 1	24	0.869	0.932	0.891
2000	11	 2	24	0.853	0.916	0.875
2000	11	 3	24	0.933	0.980	0.950
2000	11	 4	24	0.950	0.961	0.954
2000	11	 5	24	0.917	0.951	0.929
2000	11	 6	24	0.943	0.979	0.956
2000	11	 7	24	0.875	0.943	0.899
2000	11	 8	24	0.899	0.954	0.918
2000	11	 9	24	0.874	0.935	0.896
2000	11	10	24	0.814	0.840	0.823
2000	11	11	24	0.826	0.873	0.843
2000	11	12	24	0.822	0.920	0.857
2000	11	13	24	0.874	0.970	0.908
2000	11	14	24	0.950	0.976	0.959
2000	11	15	24	0.952	0.968	0.957
2000	11	16	24	0.894	0.946	0.913
2000	11	17	24	0.978	0.975	0.977
2000	11	18	24	0.933	0.955	0.941
2000	11	19	24	0.874	0.952	0.902
2000	11	20	24	0.892	0.962	0.916
2000	11	21	24	0.985	0.977	0.982
2000	11	22	24	0.943	0.980	0.956
2000	11	23	24	0.930	0.980	0.947
2000	11	24	24	0.907	0.975	0.931
2000	11	25	24	0.982	0.974	0.980
2000	11	26	24	0.979	0.982	0.980
2000	11	27	24	0.971	0.981	0.975
2000	11	28	24	0.957	0.975	0.963
2000	11	29	24	0.917	0.969	0.935
2000	11	30	24	0.933	0.976	0.948
2000	12	 1	24	0.836	0.967	0.882
2000	12	 2	24	0.915	0.953	0.928
2000	12	 3	24	0.912	0.965	0.931
2000	12	 4	24	0.955	0.977	0.963
2000	12	 5	24	0.927	0.986	0.948
2000	12	 6	24	0.949	0.981	0.960
2000	12	 7	24	0.952	0.982	0.963
2000	12	 8	24	0.889	0.979	0.921
2000	12	 9	24	0.931	0.977	0.947
2000	12	10	24	0.924	0.966	0.939
2000	12	11	24	0.847	0.875	0.857
2000	12	12	24	0.918	0.932	0.923
2000	12	13	24	0.714	0.768	0.733
2000	12	14	24	0.866	0.905	0.880
2000	12	15	24	0.943	0.948	0.945
2000	12	16	24	0.968	0.969	0.969
2000	12	17	24	0.966	0.972	0.968
2000	12	18	24	0.941	0.964	0.949
2000	12	19	24	0.927	0.950	0.935
2000	12	20	24	0.901	0.940	0.915
2000	12	21	24	0.907	0.940	0.919
2000	12	22	24	0.756	0.924	0.815
2000	12	23	24	0.642	0.897	0.732
2000	12	24	24	0.704	0.781	0.731
2000	12	25	24	0.932	0.955	0.940
2000	12	26	24	0.969	0.971	0.970
2000	12	27	24	0.922	0.970	0.939
2000	12	28	24	0.884	0.952	0.908
2000	12	29	24	0.887	0.938	0.905
2000	12	30	24	0.931	0.953	0.939
2000	12	31	24	0.960	0.964	0.961
2001	 1	 1	24	0.819	0.947	0.864
2001	 1	 2	24	0.919	0.964	0.935
2001	 1	 3	24	0.945	0.972	0.954
2001	 1	 4	24	0.920	0.971	0.938
2001	 1	 5	24	0.943	0.974	0.954
2001	 1	 6	24	0.937	0.964	0.946
2001	 1	 7	24	0.951	0.970	0.958
2001	 1	 8	24	0.963	0.973	0.966
2001	 1	 9	24	0.961	0.972	0.965
2001	 1	10	24	0.914	0.963	0.931
2001	 1	11	24	0.974	0.969	0.972
2001	 1	12	24	0.960	0.962	0.961
2001	 1	13	24	0.939	0.950	0.943
2001	 1	14	24	0.889	0.939	0.906
2001	 1	15	24	0.885	0.951	0.908
2001	 1	16	24	0.847	0.937	0.879
2001	 1	17	24	0.932	0.952	0.939
2001	 1	18	24	0.951	0.958	0.954
2001	 1	19	24	0.942	0.963	0.949
2001	 1	20	24	0.937	0.965	0.947
2001	 1	21	24	0.957	0.966	0.960
2001	 1	22	24	0.956	0.963	0.959
2001	 1	23	24	0.963	0.965	0.964
2001	 1	24	24	0.965	0.967	0.966
2001	 1	25	24	0.963	0.972	0.966
2001	 1	26	24	0.971	0.973	0.972
2001	 1	27	24	0.956	0.972	0.962
2001	 1	28	24	0.873	0.952	0.901
2001	 1	29	24	0.959	0.968	0.962
2001	 1	30	24	0.980	0.970	0.976
2001	 1	31	24	0.977	0.967	0.973
2001	 2	 1	24	0.971	0.963	0.968
2001	 2	 2	24	0.948	0.940	0.945
2001	 2	 3	24	0.954	0.954	0.954
2001	 2	 4	24	0.979	0.970	0.976
2001	 2	 5	24	0.933	0.953	0.940
2001	 2	 6	24	0.862	0.925	0.884
2001	 2	 7	24	0.732	0.867	0.780
2001	 2	 8	24	0.779	0.915	0.827
2001	 2	 9	24	0.841	0.873	0.852
2001	 2	10	24	0.941	0.937	0.940
2001	 2	11	24	0.767	0.858	0.799
2001	 2	12	24	0.769	0.834	0.792
2001	 2	13	24	0.957	0.961	0.958
2001	 2	14	24	0.916	0.903	0.911
2001	 2	15	24	0.478	0.400	0.451
2001	 2	16	24	0.287	0.289	0.288
2001	 2	17	24	0.939	0.937	0.938
2001	 2	18	24	0.975	0.970	0.973
2001	 2	19	24	0.978	0.975	0.977
2001	 2	20	24	0.964	0.974	0.968
2001	 2	21	24	0.975	0.976	0.975
2001	 2	22	24	0.972	0.975	0.973
2001	 2	23	24	0.971	0.963	0.968
2001	 2	24	24	0.927	0.913	0.922
2001	 2	25	24	0.918	0.899	0.911
2001	 2	26	24	0.934	0.925	0.931
2001	 2	27	24	0.933	0.959	0.942
2001	 2	28	24	0.878	0.944	0.901
2001	 3	 1	24	0.850	0.910	0.871
2001	 3	 2	24	0.860	0.900	0.874
2001	 3	 3	24	0.927	0.943	0.933
2001	 3	 4	24	0.964	0.968	0.965
2001	 3	 5	24	0.980	0.971	0.977
2001	 3	 6	24	0.918	0.948	0.928
2001	 3	 7	24	0.861	0.938	0.888
2001	 3	 8	24	0.851	0.936	0.881
2001	 3	 9	24	0.927	0.955	0.937
2001	 3	10	24	0.872	0.931	0.893
2001	 3	11	24	0.931	0.943	0.935
2001	 3	12	24	0.927	0.957	0.938
2001	 3	13	24	0.867	0.880	0.871
2001	 3	14	24	0.893	0.920	0.902
2001	 3	15	24	0.953	0.961	0.956
2001	 3	16	24	0.953	0.963	0.957
2001	 3	17	24	0.984	0.968	0.978
2001	 3	18	24	0.963	0.955	0.960
2001	 3	19	24	0.927	0.939	0.932
2001	 3	20	24	0.904	0.902	0.903
2001	 3	21	24	0.874	0.885	0.878
2001	 3	22	24	0.964	0.967	0.965
2001	 3	23	24	0.978	0.971	0.975
2001	 3	24	24	0.927	0.950	0.935
2001	 3	25	24	0.985	0.972	0.980
2001	 3	26	24	0.960	0.950	0.957
2001	 3	27	24	0.946	0.948	0.947
2001	 3	28	24	0.921	0.951	0.932
2001	 3	29	24	0.948	0.964	0.953
2001	 3	30	24	0.951	0.967	0.957
2001	 3	31	24	0.779	0.786	0.781
2001	 4	 1	24	0.638	0.651	0.643
2001	 4	 2	24	0.596	0.616	0.603
2001	 4	 3	24	0.716	0.744	0.726
2001	 4	 4	24	0.868	0.892	0.877
2001	 4	 5	24	0.754	0.764	0.757
2001	 4	 6	24	0.871	0.919	0.888
2001	 4	 7	24	0.940	0.957	0.946
2001	 4	 8	24	0.952	0.956	0.953
2001	 4	 9	24	0.772	0.780	0.775
2001	 4	10	24	0.861	0.911	0.879
2001	 4	11	24	0.925	0.933	0.928
2001	 4	12	24	0.855	0.853	0.854
2001	 4	13	24	0.960	0.955	0.958
2001	 4	14	24	0.949	0.938	0.945
2001	 4	15	24	0.961	0.959	0.960
2001	 4	16	24	0.969	0.955	0.964
2001	 4	17	24	0.975	0.966	0.972
2001	 4	18	24	0.858	0.887	0.869
2001	 4	19	24	0.769	0.789	0.776
2001	 4	20	24	0.813	0.854	0.828
2001	 4	21	24	0.984	0.968	0.978
2001	 4	22	24	0.980	0.964	0.974
2001	 4	23	24	0.901	0.898	0.900
2001	 4	24	24	0.614	0.610	0.612
2001	 4	25	24	0.659	0.686	0.669
2001	 4	26	24	0.787	0.793	0.789
2001	 4	27	24	0.838	0.841	0.839
2001	 4	28	24	0.874	0.908	0.886
2001	 4	29	24	0.867	0.888	0.874
2001	 4	30	24	0.619	0.643	0.627
2001	 5	 1	24	0.626	0.659	0.638
2001	 5	 2	24	0.750	0.753	0.751
2001	 5	 3	24	0.589	0.607	0.595
2001	 5	 4	24	0.931	0.937	0.933
2001	 5	 5	24	0.989	0.975	0.984
2001	 5	 6	24	0.992	0.981	0.988
2001	 5	 7	24	0.992	0.981	0.988
2001	 5	 8	24	0.990	0.981	0.987
2001	 5	 9	24	0.769	0.767	0.768
2001	 5	10	24	0.603	0.600	0.602
2001	 5	11	24	0.605	0.603	0.604
2001	 5	12	24	0.675	0.682	0.678
2001	 5	13	24	0.543	0.553	0.547
2001	 5	14	24	0.471	0.507	0.483
2001	 5	15	24	0.874	0.895	0.881
2001	 5	16	24	0.721	0.732	0.725
2001	 5	17	24	0.808	0.835	0.817
2001	 5	18	24	0.883	0.881	0.883
2001	 5	19	24	0.828	0.834	0.830
2001	 5	20	24	0.748	0.753	0.750
2001	 5	21	24	0.769	0.784	0.775
2001	 5	22	24	0.715	0.736	0.722
2001	 5	23	24	0.485	0.496	0.489
2001	 5	24	24	0.459	0.478	0.466
2001	 5	25	24	0.606	0.605	0.606
2001	 5	26	24	0.486	0.507	0.493
2001	 5	27	24	0.699	0.723	0.707
2001	 5	28	24	0.968	0.967	0.968
2001	 5	29	24	0.767	0.788	0.774
2001	 5	30	24	0.755	0.774	0.762
2001	 5	31	24	0.885	0.917	0.897
2001	 6	 1	24	0.936	0.950	0.941
2001	 6	 2	24	0.874	0.917	0.889
2001	 6	 3	24	0.898	0.915	0.904
2001	 6	 4	24	0.962	0.956	0.960
2001	 6	 5	24	0.871	0.874	0.872
2001	 6	 6	24	0.795	0.842	0.812
2001	 6	 7	24	0.771	0.806	0.783
2001	 6	 8	24	0.929	0.931	0.930
2001	 6	 9	24	0.849	0.869	0.856
2001	 6	10	24	0.950	0.964	0.955
2001	 6	11	24	0.946	0.942	0.945
2001	 6	12	24	0.829	0.847	0.836
2001	 6	13	24	0.730	0.763	0.742
2001	 6	14	24	0.648	0.676	0.658
2001	 6	15	24	0.648	0.686	0.661
2001	 6	16	24	0.875	0.898	0.883
2001	 6	17	24	0.886	0.900	0.891
2001	 6	18	24	0.960	0.956	0.958
2001	 6	19	24	0.949	0.962	0.953
2001	 6	20	24	0.800	0.798	0.800
2001	 6	21	24	0.796	0.814	0.802
2001	 6	22	24	0.971	0.957	0.966
2001	 6	23	24	0.960	0.956	0.959
2001	 6	24	24	0.796	0.798	0.796
2001	 6	25	24	0.762	0.769	0.764
2001	 6	26	24	0.672	0.645	0.663
2001	 6	27	24	0.605	0.649	0.621
2001	 6	28	24	0.867	0.895	0.877
2001	 6	29	24	0.801	0.796	0.799
2001	 6	30	24	0.743	0.770	0.753
2001	 7	 1	24	0.869	0.878	0.873
2001	 7	 2	24	0.842	0.855	0.847
2001	 7	 3	24	0.759	0.771	0.764
2001	 7	 4	24	0.823	0.850	0.832
2001	 7	 5	24	0.695	0.726	0.706
2001	 7	 6	24	0.590	0.631	0.604
2001	 7	 7	24	0.804	0.855	0.822
2001	 7	 8	24	0.956	0.957	0.956
2001	 7	 9	24	0.969	0.964	0.967
2001	 7	10	24	0.755	0.773	0.762
2001	 7	11	24	0.752	0.783	0.763
2001	 7	12	24	0.619	0.646	0.628
2001	 7	13	24	0.825	0.865	0.839
2001	 7	14	24	0.745	0.790	0.761
2001	 7	15	24	0.885	0.893	0.888
2001	 7	16	24	0.987	0.974	0.983
2001	 7	17	24	0.973	0.971	0.972
2001	 7	18	24	0.838	0.878	0.852
2001	 7	19	24	0.845	0.918	0.871
2001	 7	20	24	0.871	0.889	0.877
2001	 7	21	24	0.900	0.906	0.902
2001	 7	22	24	0.677	0.698	0.685
2001	 7	23	24	0.675	0.705	0.686
2001	 7	24	24	0.739	0.766	0.748
2001	 7	25	24	0.757	0.774	0.763
2001	 7	26	24	0.727	0.732	0.729
2001	 7	27	24	0.660	0.679	0.667
2001	 7	28	24	0.512	0.528	0.518
2001	 7	29	24	0.722	0.739	0.728
2001	 7	30	24	0.679	0.681	0.680
2001	 7	31	24	0.671	0.698	0.681
2001	 8	 1	24	0.829	0.847	0.835
2001	 8	 2	24	0.725	0.744	0.732
2001	 8	 3	24	0.795	0.836	0.809
2001	 8	 4	24	0.932	0.950	0.938
2001	 8	 5	24	0.786	0.795	0.789
2001	 8	 6	24	0.776	0.790	0.781
2001	 8	 7	24	0.803	0.831	0.813
2001	 8	 8	24	0.772	0.809	0.785
2001	 8	 9	24	0.716	0.732	0.722
2001	 8	10	24	0.759	0.776	0.765
2001	 8	11	24	0.791	0.796	0.792
2001	 8	12	24	0.673	0.675	0.674
2001	 8	13	24	0.783	0.797	0.788
2001	 8	14	24	0.704	0.781	0.731
2001	 8	15	24	0.634	0.709	0.660
2001	 8	16	24	0.654	0.734	0.682
2001	 8	17	24	0.913	0.926	0.917
2001	 8	18	24	0.904	0.898	0.902
2001	 8	19	24	0.829	0.870	0.843
2001	 8	20	24	0.726	0.761	0.738
2001	 8	21	24	0.982	0.972	0.978
2001	 8	22	24	0.956	0.955	0.955
2001	 8	23	24	0.867	0.895	0.877
2001	 8	24	24	0.771	0.823	0.789
2001	 8	25	24	0.659	0.708	0.677
2001	 8	26	24	0.696	0.742	0.712
2001	 8	27	24	0.793	0.841	0.810
2001	 8	28	24	0.791	0.822	0.802
2001	 8	29	24	0.828	0.867	0.842
2001	 8	30	24	0.737	0.793	0.757
2001	 8	31	24	0.875	0.920	0.891
2001	 9	 1	24	0.979	0.969	0.976
2001	 9	 2	24	0.872	0.893	0.879
2001	 9	 3	24	0.803	0.856	0.821
2001	 9	 4	24	0.909	0.935	0.918
2001	 9	 5	24	0.917	0.934	0.923
2001	 9	 6	24	0.882	0.903	0.889
2001	 9	 7	24	0.955	0.960	0.957
2001	 9	 8	24	0.955	0.959	0.956
2001	 9	 9	24	0.946	0.957	0.950
2001	 9	10	24	0.972	0.967	0.970
2001	 9	11	24	0.901	0.926	0.910
2001	 9	12	24	0.974	0.967	0.971
2001	 9	13	24	0.956	0.965	0.959
2001	 9	14	24	0.926	0.951	0.935
2001	 9	15	24	0.893	0.938	0.909
2001	 9	16	24	0.956	0.961	0.958
2001	 9	17	24	0.925	0.950	0.934
2001	 9	18	24	0.970	0.964	0.968
2001	 9	19	24	0.896	0.957	0.918
2001	 9	20	24	0.947	0.967	0.954
2001	 9	21	24	0.928	0.945	0.934
2001	 9	22	24	0.842	0.885	0.857
2001	 9	23	24	0.801	0.855	0.820
2001	 9	24	24	0.980	0.968	0.976
2001	 9	25	24	0.988	0.976	0.984
2001	 9	26	24	0.988	0.979	0.985
2001	 9	27	24	0.956	0.969	0.960
2001	 9	28	24	0.961	0.966	0.963
2001	 9	29	24	0.910	0.956	0.926
2001	 9	30	24	0.939	0.963	0.948
2001	10	 1	24	0.935	0.959	0.943
2001	10	 2	24	0.832	0.876	0.848
2001	10	 3	24	0.805	0.847	0.819
2001	10	 4	24	0.945	0.953	0.948
2001	10	 5	24	0.864	0.907	0.879
2001	10	 6	24	0.872	0.937	0.895
2001	10	 7	24	0.867	0.954	0.898
2001	10	 8	24	0.822	0.893	0.847
2001	10	 9	24	0.779	0.824	0.795
2001	10	10	24	0.760	0.795	0.772
2001	10	11	24	0.842	0.873	0.853
2001	10	12	24	0.799	0.826	0.809
2001	10	13	24	0.543	0.544	0.544
2001	10	14	24	0.468	0.485	0.474
2001	10	15	24	0.778	0.876	0.813
2001	10	16	24	0.934	0.950	0.940
2001	10	17	24	0.947	0.967	0.954
2001	10	18	24	0.925	0.966	0.939
2001	10	19	24	0.886	0.939	0.905
2001	10	20	24	0.910	0.968	0.930
2001	10	21	24	0.952	0.974	0.960
2001	10	22	24	0.979	0.981	0.980
2001	10	23	24	0.989	0.983	0.987
2001	10	24	24	0.971	0.982	0.975
2001	10	25	24	0.942	0.965	0.950
2001	10	26	24	0.924	0.961	0.937
2001	10	27	24	0.966	0.979	0.971
2001	10	28	24	0.976	0.980	0.978
2001	10	29	24	0.910	0.932	0.918
2001	10	30	24	0.728	0.761	0.739
2001	10	31	24	0.583	0.591	0.585
2001	11	 1	24	0.928	0.950	0.936
2001	11	 2	24	0.971	0.964	0.969
2001	11	 3	24	0.961	0.973	0.965
2001	11	 4	24	0.886	0.916	0.897
2001	11	 5	24	0.895	0.937	0.910
2001	11	 6	24	0.876	0.941	0.899
2001	11	 7	24	0.953	0.969	0.959
2001	11	 8	24	0.974	0.972	0.973
2001	11	 9	24	0.971	0.965	0.969
2001	11	10	24	0.926	0.914	0.922
2001	11	11	24	0.670	0.694	0.678
2001	11	12	24	0.963	0.972	0.966
2001	11	13	24	0.982	0.980	0.981
2001	11	14	24	0.967	0.962	0.965
2001	11	15	24	0.887	0.885	0.886
2001	11	16	24	0.984	0.975	0.981
2001	11	17	24	0.969	0.972	0.970
2001	11	18	24	0.969	0.976	0.972
2001	11	19	24	0.990	0.980	0.986
2001	11	20	24	0.977	0.979	0.977
2001	11	21	24	0.943	0.964	0.950
2001	11	22	24	0.946	0.959	0.950
2001	11	23	24	0.963	0.962	0.963
2001	11	24	24	0.969	0.967	0.968
2001	11	25	24	0.968	0.971	0.969
2001	11	26	24	0.990	0.980	0.987
2001	11	27	24	0.987	0.987	0.987
2001	11	28	24	0.978	0.981	0.979
2001	11	29	24	0.984	0.976	0.981
2001	11	30	24	0.981	0.977	0.980
2001	12	 1	24	0.799	0.950	0.852
2001	12	 2	24	0.646	0.889	0.732
2001	12	 3	24	0.785	0.908	0.828
2001	12	 4	24	0.955	0.964	0.958
2001	12	 5	24	0.983	0.985	0.984
2001	12	 6	24	0.993	0.989	0.992
2001	12	 7	24	0.989	0.979	0.986
2001	12	 8	24	0.964	0.957	0.962
2001	12	 9	24	0.882	0.892	0.885
2001	12	10	24	0.755	0.799	0.771
2001	12	11	24	0.987	0.981	0.985
2001	12	12	24	0.984	0.977	0.981
2001	12	13	24	0.890	0.904	0.895
2001	12	14	24	0.905	0.915	0.909
2001	12	15	24	0.948	0.955	0.950
2001	12	16	24	0.968	0.962	0.966
2001	12	17	24	0.971	0.964	0.969
2001	12	18	24	0.976	0.968	0.973
2001	12	19	24	0.978	0.978	0.978
2001	12	20	24	0.955	0.959	0.956
2001	12	21	24	0.948	0.953	0.950
2001	12	22	24	0.966	0.960	0.964
2001	12	23	24	0.923	0.927	0.925
2001	12	24	24	0.850	0.849	0.850
2001	12	25	24	0.954	0.971	0.960
2001	12	26	24	0.935	0.963	0.945
2001	12	27	24	0.926	0.952	0.935
2001	12	28	24	0.963	0.977	0.968
2001	12	29	24	0.938	0.969	0.949
2001	12	30	24	0.962	0.958	0.961
2001	12	31	24	0.941	0.946	0.942
2002	 1	 1	24	0.952	0.958	0.954
2002	 1	 2	24	0.963	0.964	0.963
2002	 1	 3	24	0.887	0.902	0.892
2002	 1	 4	24	0.535	0.620	0.565
2002	 1	 5	24	0.346	0.277	0.322
2002	 1	 6	24	0.785	0.796	0.789
2002	 1	 7	24	0.988	0.982	0.986
2002	 1	 8	24	0.977	0.964	0.972
2002	 1	 9	24	0.696	0.632	0.673
2002	 1	10	24	0.666	0.565	0.631
2002	 1	11	24	0.758	0.775	0.764
2002	 1	12	24	0.957	0.971	0.962
2002	 1	13	24	0.965	0.968	0.966
2002	 1	14	24	0.893	0.953	0.914
2002	 1	15	24	0.886	0.957	0.911
2002	 1	16	24	0.891	0.954	0.913
2002	 1	17	24	0.944	0.963	0.951
2002	 1	18	24	0.879	0.961	0.908
2002	 1	19	24	0.957	0.983	0.966
2002	 1	20	24	0.963	0.983	0.970
2002	 1	21	24	0.974	0.985	0.978
2002	 1	22	24	0.846	0.915	0.870
2002	 1	23	24	0.829	0.911	0.858
2002	 1	24	24	0.863	0.941	0.891
2002	 1	25	24	0.881	0.921	0.895
2002	 1	26	24	0.853	0.896	0.868
2002	 1	27	24	0.884	0.913	0.894
2002	 1	28	24	0.870	0.898	0.880
2002	 1	29	24	0.570	0.596	0.579
2002	 1	30	24	0.808	0.885	0.835
2002	 1	31	24	0.572	0.613	0.586
2002	 2	 1	24	0.801	0.846	0.817
2002	 2	 2	24	0.689	0.793	0.726
2002	 2	 3	24	0.704	0.885	0.768
2002	 2	 4	24	0.662	0.770	0.700
2002	 2	 5	24	0.741	0.821	0.769
2002	 2	 6	24	0.927	0.964	0.940
2002	 2	 7	24	0.923	0.954	0.934
2002	 2	 8	24	0.914	0.952	0.927
2002	 2	 9	24	0.890	0.927	0.903
2002	 2	10	24	0.946	0.960	0.951
2002	 2	11	24	0.940	0.966	0.949
2002	 2	12	24	0.913	0.941	0.923
2002	 2	13	24	0.981	0.977	0.979
2002	 2	14	24	0.900	0.923	0.908
2002	 2	15	24	0.611	0.679	0.635
2002	 2	16	24	0.478	0.545	0.502
2002	 2	17	24	0.781	0.848	0.805
2002	 2	18	24	0.835	0.879	0.851
2002	 2	19	24	0.886	0.915	0.897
2002	 2	20	24	0.968	0.977	0.971
2002	 2	21	24	0.963	0.967	0.965
2002	 2	22	24	0.933	0.956	0.941
2002	 2	23	24	0.966	0.982	0.972
2002	 2	24	24	0.944	0.963	0.951
2002	 2	25	24	0.974	0.975	0.975
2002	 2	26	24	0.888	0.914	0.897
2002	 2	27	24	0.791	0.822	0.802
2002	 2	28	24	0.805	0.844	0.819
2002	 3	 1	24	0.769	0.800	0.780
2002	 3	 2	24	0.904	0.923	0.911
2002	 3	 3	24	0.859	0.894	0.871
2002	 3	 4	24	0.888	0.935	0.904
2002	 3	 5	24	0.776	0.833	0.796
2002	 3	 6	24	0.696	0.750	0.715
2002	 3	 7	24	0.892	0.916	0.900
2002	 3	 8	24	0.741	0.773	0.752
2002	 3	 9	24	0.654	0.701	0.671
2002	 3	10	24	0.645	0.673	0.655
2002	 3	11	24	0.488	0.545	0.508
2002	 3	12	24	0.478	0.545	0.502
2002	 3	13	24	0.610	0.643	0.622
2002	 3	14	24	0.989	0.982	0.987
2002	 3	15	24	0.992	0.989	0.991
2002	 3	16	24	0.986	0.984	0.985
2002	 3	17	24	0.901	0.989	0.932
2002	 3	18	24	0.818	0.960	0.868
2002	 3	19	24	0.868	0.921	0.886
2002	 3	20	24	0.959	0.978	0.966
2002	 3	21	24	0.972	0.985	0.977
2002	 3	22	24	0.960	0.972	0.964
2002	 3	23	24	0.986	0.979	0.983
2002	 3	24	24	0.977	0.972	0.975
2002	 3	25	24	0.960	0.965	0.962
2002	 3	26	24	0.934	0.960	0.943
2002	 3	27	24	0.934	0.949	0.939
2002	 3	28	24	0.845	0.862	0.851
2002	 3	29	24	0.516	0.567	0.534
2002	 3	30	24	0.372	0.385	0.377
2002	 3	31	24	0.595	0.599	0.596
2002	 4	 1	24	0.548	0.562	0.553
2002	 4	 2	24	0.591	0.621	0.601
2002	 4	 3	24	0.521	0.546	0.530
2002	 4	 4	24	0.433	0.451	0.439
2002	 4	 5	24	0.595	0.615	0.602
2002	 4	 6	24	0.858	0.889	0.869
2002	 4	 7	24	0.699	0.709	0.702
2002	 4	 8	24	0.579	0.605	0.588
2002	 4	 9	24	0.590	0.619	0.600
2002	 4	10	24	0.750	0.773	0.758
2002	 4	11	24	0.911	0.956	0.927
2002	 4	12	24	0.931	0.971	0.945
2002	 4	13	24	0.979	0.987	0.982
2002	 4	14	24	0.994	0.991	0.993
2002	 4	15	24	0.988	0.989	0.988
2002	 4	16	24	0.856	0.884	0.866
2002	 4	17	24	0.770	0.816	0.787
2002	 4	18	24	0.808	0.838	0.819
2002	 4	19	24	0.817	0.851	0.829
2002	 4	20	24	0.936	0.953	0.942
2002	 4	21	24	0.866	0.881	0.871
2002	 4	22	24	0.885	0.916	0.896
2002	 4	23	24	0.772	0.793	0.779
2002	 4	24	24	0.918	0.934	0.924
2002	 4	25	24	0.878	0.902	0.887
2002	 4	26	24	0.830	0.859	0.841
2002	 4	27	24	0.859	0.886	0.868
2002	 4	28	24	0.757	0.797	0.771
2002	 4	29	24	0.717	0.754	0.730
2002	 4	30	24	0.638	0.674	0.651
2002	 5	 1	24	0.610	0.669	0.631
2002	 5	 2	24	0.868	0.877	0.871
2002	 5	 3	24	0.972	0.974	0.973
2002	 5	 4	24	0.983	0.975	0.980
2002	 5	 5	24	0.985	0.988	0.986
2002	 5	 6	24	0.967	0.969	0.968
2002	 5	 7	24	0.943	0.955	0.947
2002	 5	 8	24	0.640	0.679	0.654
2002	 5	 9	24	0.586	0.637	0.604
2002	 5	10	24	0.777	0.842	0.800
2002	 5	11	24	0.926	0.977	0.944
2002	 5	12	24	0.965	0.977	0.969
2002	 5	13	24	0.945	0.969	0.954
2002	 5	14	24	0.690	0.732	0.705
2002	 5	15	24	0.760	0.792	0.771
2002	 5	16	24	0.664	0.704	0.678
2002	 5	17	24	0.646	0.676	0.657
2002	 5	18	24	0.679	0.716	0.692
2002	 5	19	24	0.893	0.909	0.899
2002	 5	20	24	0.851	0.887	0.864
2002	 5	21	24	0.735	0.793	0.755
2002	 5	22	24	0.806	0.876	0.831
2002	 5	23	24	0.836	0.899	0.858
2002	 5	24	24	0.960	0.975	0.966
2002	 5	25	24	0.875	0.928	0.894
2002	 5	26	24	0.987	0.984	0.986
2002	 5	27	24	0.855	0.888	0.867
2002	 5	28	24	0.989	0.985	0.988
2002	 5	29	24	0.827	0.860	0.838
2002	 5	30	24	0.710	0.755	0.726
2002	 5	31	24	0.660	0.695	0.672
2002	 6	 1	24	0.742	0.765	0.750
2002	 6	 2	24	0.679	0.712	0.691
2002	 6	 3	24	0.648	0.689	0.663
2002	 6	 4	24	0.614	0.689	0.640
2002	 6	 5	24	0.641	0.705	0.664
2002	 6	 6	24	0.957	0.970	0.962
2002	 6	 7	24	0.989	0.989	0.989
2002	 6	 8	24	0.994	0.992	0.993
2002	 6	 9	24	0.963	0.971	0.966
2002	 6	10	24	0.915	0.929	0.920
2002	 6	11	24	0.799	0.840	0.814
2002	 6	12	24	0.747	0.803	0.767
2002	 6	13	24	0.780	0.811	0.791
2002	 6	14	24	0.956	0.961	0.958
2002	 6	15	24	0.883	0.918	0.895
2002	 6	16	24	0.831	0.860	0.842
2002	 6	17	24	0.740	0.799	0.761
2002	 6	18	24	0.672	0.760	0.703
2002	 6	19	24	0.868	0.895	0.878
2002	 6	20	24	0.790	0.829	0.804
2002	 6	21	24	0.917	0.945	0.927
2002	 6	22	24	0.792	0.833	0.806
2002	 6	23	24	0.806	0.844	0.820
2002	 6	24	24	0.815	0.854	0.829
2002	 6	25	24	0.693	0.722	0.703
2002	 6	26	24	0.667	0.728	0.688
2002	 6	27	24	0.672	0.725	0.691
2002	 6	28	24	0.752	0.789	0.765
2002	 6	29	24	0.774	0.808	0.786
2002	 6	30	24	0.665	0.709	0.681
2002	 7	 1	24	0.590	0.642	0.609
2002	 7	 2	24	0.911	0.949	0.924
2002	 7	 3	24	0.811	0.876	0.834
2002	 7	 4	24	0.870	0.917	0.887
2002	 7	 5	24	0.717	0.775	0.737
2002	 7	 6	24	0.718	0.775	0.738
2002	 7	 7	24	0.822	0.848	0.832
2002	 7	 8	24	0.674	0.737	0.696
2002	 7	 9	24	0.564	0.640	0.591
2002	 7	10	24	0.726	0.773	0.743
2002	 7	11	24	0.826	0.874	0.843
2002	 7	12	24	0.627	0.679	0.645
2002	 7	13	24	0.745	0.780	0.758
2002	 7	14	24	0.922	0.945	0.930
2002	 7	15	24	0.984	0.987	0.985
2002	 7	16	24	0.978	0.983	0.980
2002	 7	17	24	0.987	0.985	0.986
2002	 7	18	24	0.974	0.988	0.979
2002	 7	19	24	0.918	0.944	0.927
2002	 7	20	24	0.914	0.938	0.922
2002	 7	21	24	0.772	0.847	0.798
2002	 7	22	24	0.809	0.871	0.831
2002	 7	23	24	0.785	0.839	0.804
2002	 7	24	24	0.870	0.904	0.882
2002	 7	25	24	0.872	0.905	0.883
2002	 7	26	24	0.916	0.945	0.926
2002	 7	27	24	0.923	0.956	0.935
2002	 7	28	24	0.658	0.712	0.677
2002	 7	29	24	0.604	0.651	0.621
2002	 7	30	24	0.590	0.642	0.608
2002	 7	31	24	0.733	0.807	0.759
2002	 8	 1	24	0.876	0.899	0.884
2002	 8	 2	24	0.893	0.918	0.902
2002	 8	 3	24	0.698	0.745	0.715
2002	 8	 4	24	0.814	0.845	0.825
2002	 8	 5	24	0.915	0.923	0.918
2002	 8	 6	24	0.807	0.858	0.825
2002	 8	 7	24	0.952	0.961	0.955
2002	 8	 8	24	0.912	0.932	0.919
2002	 8	 9	24	0.817	0.828	0.821
2002	 8	10	24	0.805	0.878	0.831
2002	 8	11	24	0.903	0.954	0.921
2002	 8	12	24	0.993	0.989	0.991
2002	 8	13	24	0.984	0.987	0.985
2002	 8	14	24	0.984	0.991	0.987
2002	 8	15	24	0.911	0.944	0.922
2002	 8	16	24	0.892	0.918	0.901
2002	 8	17	24	0.869	0.907	0.882
2002	 8	18	24	0.757	0.778	0.764
2002	 8	19	24	0.699	0.750	0.717
2002	 8	20	24	0.656	0.718	0.678
2002	 8	21	24	0.805	0.881	0.831
2002	 8	22	24	0.783	0.804	0.790
2002	 8	23	24	0.679	0.724	0.695
2002	 8	24	24	0.718	0.776	0.739
2002	 8	25	24	0.759	0.792	0.771
2002	 8	26	24	0.678	0.711	0.689
2002	 8	27	24	0.718	0.774	0.737
2002	 8	28	24	0.887	0.949	0.909
2002	 8	29	24	0.870	0.901	0.881
2002	 8	30	24	0.886	0.922	0.899
2002	 8	31	24	0.844	0.883	0.858
2002	 9	 1	24	0.886	0.913	0.895
2002	 9	 2	24	0.749	0.790	0.764
2002	 9	 3	24	0.780	0.846	0.803
2002	 9	 4	24	0.744	0.810	0.767
2002	 9	 5	24	0.862	0.893	0.873
2002	 9	 6	24	0.879	0.905	0.888
2002	 9	 7	24	0.762	0.812	0.779
2002	 9	 8	24	0.701	0.750	0.718
2002	 9	 9	24	0.704	0.757	0.722
2002	 9	10	24	0.821	0.853	0.832
2002	 9	11	24	0.942	0.955	0.946
2002	 9	12	24	0.676	0.698	0.684
2002	 9	13	24	0.647	0.673	0.656
2002	 9	14	24	0.913	0.937	0.922
2002	 9	15	24	0.971	0.979	0.974
2002	 9	16	24	0.918	0.939	0.925
2002	 9	17	24	0.977	0.986	0.980
2002	 9	18	24	0.919	0.950	0.930
2002	 9	19	24	0.856	0.897	0.870
2002	 9	20	24	0.871	0.900	0.881
2002	 9	21	24	0.935	0.953	0.942
2002	 9	22	24	0.957	0.972	0.962
2002	 9	23	24	0.990	0.986	0.989
2002	 9	24	24	0.890	0.931	0.904
2002	 9	25	24	0.899	0.936	0.912
2002	 9	26	24	0.990	0.992	0.991
2002	 9	27	24	0.977	0.985	0.980
2002	 9	28	24	0.884	0.900	0.889
2002	 9	29	24	0.909	0.932	0.917
2002	 9	30	24	0.876	0.932	0.895
2002	10	 1	24	0.800	0.839	0.814
2002	10	 2	24	0.797	0.858	0.819
2002	10	 3	24	0.867	0.894	0.877
2002	10	 4	24	0.947	0.968	0.954
2002	10	 5	24	0.916	0.942	0.925
2002	10	 6	24	0.990	0.992	0.990
2002	10	 7	24	0.987	0.991	0.989
2002	10	 8	24	0.989	0.993	0.990
2002	10	 9	24	0.973	0.984	0.977
2002	10	10	24	0.957	0.982	0.966
2002	10	11	24	0.905	0.947	0.919
2002	10	12	24	0.972	0.984	0.976
2002	10	13	24	0.991	0.989	0.991
2002	10	14	24	0.970	0.992	0.978
2002	10	15	24	0.868	0.940	0.893
2002	10	16	24	0.957	0.980	0.965
2002	10	17	24	0.918	0.961	0.933
2002	10	18	24	0.904	0.945	0.919
2002	10	19	24	0.959	0.984	0.967
2002	10	20	24	0.888	0.916	0.898
2002	10	21	24	0.905	0.973	0.929
2002	10	22	24	0.968	0.984	0.974
2002	10	23	24	0.867	0.930	0.889
2002	10	24	24	0.874	0.923	0.891
2002	10	25	24	0.948	0.987	0.962
2002	10	26	24	0.818	0.869	0.836
2002	10	27	24	0.871	0.911	0.885
2002	10	28	24	0.927	0.961	0.939
2002	10	29	24	0.898	0.945	0.915
2002	10	30	24	0.940	0.974	0.952
2002	10	31	24	0.913	0.962	0.930
2002	11	 1	24	0.930	0.968	0.943
2002	11	 2	24	0.987	0.990	0.988
2002	11	 3	24	0.966	0.986	0.973
2002	11	 4	24	0.994	0.989	0.992
2002	11	 5	24	0.957	0.972	0.962
2002	11	 6	24	0.928	0.966	0.941
2002	11	 7	24	0.924	0.967	0.939
2002	11	 8	24	0.979	0.990	0.983
2002	11	 9	24	0.979	0.987	0.982
2002	11	10	24	0.982	0.985	0.983
2002	11	11	24	0.977	0.985	0.980
2002	11	12	24	0.941	0.970	0.951
2002	11	13	24	0.853	0.945	0.886
2002	11	14	24	0.861	0.982	0.904
2002	11	15	24	0.855	0.922	0.878
2002	11	16	24	0.824	0.919	0.857
2002	11	17	24	0.817	0.881	0.840
2002	11	18	24	0.863	0.939	0.890
2002	11	19	24	0.994	0.989	0.992
2002	11	20	24	0.982	0.988	0.984
2002	11	21	24	0.952	0.988	0.965
2002	11	22	24	0.960	0.988	0.970
2002	11	23	24	0.989	0.997	0.992
2002	11	24	24	0.880	0.975	0.914
2002	11	25	24	0.917	0.983	0.941
2002	11	26	24	0.928	0.976	0.945
2002	11	27	24	0.986	0.988	0.987
2002	11	28	24	0.972	0.992	0.979
2002	11	29	24	0.960	0.993	0.971
2002	11	30	24	0.996	0.995	0.995
2002	12	 1	24	0.986	0.991	0.988
2002	12	 2	24	0.973	0.992	0.980
2002	12	 3	24	0.984	0.989	0.986
2002	12	 4	24	0.995	0.991	0.994
2002	12	 5	24	0.994	0.988	0.992
2002	12	 6	24	0.976	0.965	0.972
2002	12	 7	24	0.964	0.967	0.965
2002	12	 8	24	0.909	0.896	0.905
2002	12	 9	24	0.893	0.881	0.889
2002	12	10	24	0.853	0.941	0.884
2002	12	11	24	0.759	0.888	0.805
2002	12	12	24	0.875	0.943	0.899
2002	12	13	24	0.891	0.955	0.914
2002	12	14	24	0.948	0.967	0.955
2002	12	15	24	0.958	0.973	0.963
2002	12	16	24	0.969	0.981	0.973
2002	12	17	24	0.987	0.982	0.985
2002	12	18	24	0.976	0.976	0.976
2002	12	19	24	0.977	0.982	0.979
2002	12	20	24	0.956	0.980	0.964
2002	12	21	24	0.990	0.989	0.989
2002	12	22	24	0.975	0.981	0.977
2002	12	23	24	0.984	0.980	0.983
2002	12	24	24	0.934	0.966	0.946
2002	12	25	24	0.957	0.972	0.962
2002	12	26	24	0.957	0.972	0.962
2002	12	27	24	0.951	0.978	0.961
2002	12	28	24	0.859	0.978	0.901
2002	12	29	24	0.964	0.977	0.969
2002	12	30	24	0.987	0.975	0.982
2002	12	31	24	0.959	0.966	0.961
2003	 1	 1	24	0.904	0.942	0.917
2003	 1	 2	24	0.948	0.954	0.950
2003	 1	 3	24	0.962	0.961	0.962
2003	 1	 4	24	0.967	0.964	0.966
2003	 1	 5	24	0.938	0.953	0.943
2003	 1	 6	24	0.950	0.961	0.954
2003	 1	 7	24	0.914	0.925	0.918
2003	 1	 8	24	0.783	0.735	0.766
2003	 1	 9	24	0.883	0.905	0.891
2003	 1	10	24	0.933	0.950	0.939
2003	 1	11	24	0.944	0.957	0.949
2003	 1	12	24	0.918	0.964	0.934
2003	 1	13	24	0.967	0.976	0.971
2003	 1	14	24	0.980	0.977	0.979
2003	 1	15	24	0.916	0.927	0.920
2003	 1	16	24	0.901	0.943	0.916
2003	 1	17	24	0.849	0.946	0.884
2003	 1	18	24	0.905	0.952	0.922
2003	 1	19	24	0.927	0.959	0.938
2003	 1	20	24	0.926	0.954	0.936
2003	 1	21	24	0.883	0.963	0.912
2003	 1	22	24	0.863	0.960	0.898
2003	 1	23	24	0.950	0.952	0.951
2003	 1	24	24	0.979	0.955	0.971
2003	 1	25	24	0.974	0.971	0.973
2003	 1	26	24	0.968	0.970	0.968
2003	 1	27	24	0.967	0.942	0.958
2003	 1	28	24	0.951	0.943	0.948
2003	 1	29	24	0.959	0.961	0.960
2003	 1	30	24	0.967	0.971	0.968
2003	 1	31	24	0.956	0.965	0.960
2003	 2	 1	24	0.945	0.962	0.951
2003	 2	 2	24	0.927	0.965	0.940
2003	 2	 3	24	0.959	0.968	0.962
2003	 2	 4	24	0.927	0.963	0.940
2003	 2	 5	24	0.932	0.964	0.943
2003	 2	 6	24	0.961	0.974	0.965
2003	 2	 7	24	0.953	0.972	0.959
2003	 2	 8	24	0.965	0.970	0.967
2003	 2	 9	24	0.933	0.966	0.945
2003	 2	10	24	0.934	0.968	0.946
2003	 2	11	24	0.916	0.956	0.930
2003	 2	12	24	0.763	0.795	0.774
2003	 2	13	24	0.418	0.406	0.414
2003	 2	14	24	0.478	0.474	0.476
2003	 2	15	24	0.944	0.945	0.944
2003	 2	16	24	0.954	0.966	0.958
2003	 2	17	24	0.938	0.950	0.942
2003	 2	18	24	0.938	0.951	0.942
2003	 2	19	24	0.959	0.959	0.959
2003	 2	20	24	0.893	0.857	0.880
2003	 2	21	24	0.787	0.839	0.806
2003	 2	22	24	0.862	0.944	0.891
2003	 2	23	24	0.680	0.826	0.731
2003	 2	24	24	0.445	0.537	0.477
2003	 2	25	24	0.371	0.444	0.397
2003	 2	26	24	0.606	0.747	0.656
2003	 2	27	24	0.541	0.665	0.585
2003	 2	28	24	0.625	0.646	0.633
2003	 3	 1	24	0.788	0.832	0.804
2003	 3	 2	24	0.933	0.972	0.947
2003	 3	 3	24	0.979	0.983	0.980
2003	 3	 4	24	0.990	0.980	0.986
2003	 3	 5	24	0.950	0.977	0.960
2003	 3	 6	24	0.829	0.942	0.869
2003	 3	 7	24	0.966	0.973	0.968
2003	 3	 8	24	0.905	0.939	0.917
2003	 3	 9	24	0.940	0.956	0.945
2003	 3	10	24	0.684	0.717	0.696
2003	 3	11	24	0.725	0.774	0.742
2003	 3	12	24	0.963	0.976	0.968
2003	 3	13	24	0.835	0.868	0.846
2003	 3	14	24	0.949	0.976	0.958
2003	 3	15	24	0.898	0.956	0.919
2003	 3	16	24	0.890	0.930	0.904
2003	 3	17	24	0.900	0.943	0.915
2003	 3	18	24	0.871	0.921	0.889
2003	 3	19	24	0.824	0.855	0.835
2003	 3	20	24	0.973	0.978	0.975
2003	 3	21	24	0.678	0.694	0.684
2003	 3	22	24	0.425	0.481	0.445
2003	 3	23	24	0.292	0.341	0.309
2003	 3	24	24	0.317	0.300	0.311
2003	 3	25	24	0.608	0.627	0.615
2003	 3	26	24	0.706	0.672	0.694
2003	 3	27	24	0.644	0.672	0.654
2003	 3	28	24	0.777	0.712	0.754
2003	 3	29	24	0.643	0.662	0.650
2003	 3	30	24	0.751	0.779	0.761
2003	 3	31	24	0.787	0.814	0.797
2003	 4	 1	24	0.507	0.537	0.517
2003	 4	 2	24	0.912	0.940	0.922
2003	 4	 3	24	0.961	0.982	0.968
2003	 4	 4	24	0.787	0.823	0.800
2003	 4	 5	24	0.871	0.925	0.890
2003	 4	 6	24	0.867	0.909	0.882
2003	 4	 7	24	0.959	0.972	0.964
2003	 4	 8	24	0.915	0.937	0.923
2003	 4	 9	24	0.778	0.806	0.788
2003	 4	10	24	0.618	0.674	0.638
2003	 4	11	24	0.865	0.909	0.880
2003	 4	12	24	0.713	0.791	0.740
2003	 4	13	24	0.612	0.641	0.622
2003	 4	14	24	0.577	0.605	0.587
2003	 4	15	24	0.558	0.580	0.566
2003	 4	16	24	0.490	0.499	0.493
2003	 4	17	24	0.485	0.480	0.483
2003	 4	18	24	0.949	0.959	0.952
2003	 4	19	24	0.972	0.983	0.976
2003	 4	20	24	0.674	0.733	0.695
2003	 4	21	24	0.557	0.585	0.567
2003	 4	22	24	0.435	0.446	0.439
2003	 4	23	24	0.590	0.601	0.594
2003	 4	24	24	0.618	0.632	0.623
2003	 4	25	24	0.505	0.531	0.514
2003	 4	26	24	0.573	0.640	0.597
2003	 4	27	24	0.862	0.913	0.880
2003	 4	28	24	0.739	0.782	0.754
2003	 4	29	24	0.703	0.802	0.738
2003	 4	30	24	0.739	0.819	0.767
2003	 5	 1	24	0.602	0.613	0.606
2003	 5	 2	24	0.545	0.571	0.554
2003	 5	 3	24	0.631	0.654	0.639
2003	 5	 4	24	0.501	0.518	0.507
2003	 5	 5	24	0.460	0.542	0.489
2003	 5	 6	24	0.596	0.661	0.619
2003	 5	 7	24	0.780	0.838	0.800
2003	 5	 8	24	0.736	0.833	0.770
2003	 5	 9	24	0.939	0.971	0.950
2003	 5	10	24	0.965	0.986	0.973
2003	 5	11	24	0.904	0.975	0.929
2003	 5	12	24	0.876	0.961	0.906
2003	 5	13	24	0.915	0.979	0.938
2003	 5	14	24	0.791	0.833	0.806
2003	 5	15	24	0.904	0.958	0.923
2003	 5	16	24	0.655	0.708	0.674
2003	 5	17	24	0.739	0.840	0.775
2003	 5	18	24	0.883	0.943	0.904
2003	 5	19	24	0.930	0.962	0.942
2003	 5	20	24	0.853	0.915	0.875
2003	 5	21	24	0.779	0.832	0.798
2003	 5	22	24	0.828	0.892	0.851
2003	 5	23	24	0.864	0.970	0.901
2003	 5	24	24	0.702	0.808	0.740
2003	 5	25	24	0.795	0.920	0.839
2003	 5	26	24	0.961	0.984	0.969
2003	 5	27	24	0.923	0.956	0.935
2003	 5	28	24	0.767	0.827	0.788
2003	 5	29	24	0.573	0.619	0.589
2003	 5	30	24	0.499	0.592	0.532
2003	 5	31	24	0.691	0.764	0.717
2003	 6	 1	24	0.700	0.724	0.708
2003	 6	 2	24	0.567	0.664	0.601
2003	 6	 3	24	0.620	0.734	0.660
2003	 6	 4	24	0.664	0.788	0.707
2003	 6	 5	24	0.693	0.766	0.718
2003	 6	 6	24	0.972	0.979	0.974
2003	 6	 7	24	0.655	0.714	0.676
2003	 6	 8	24	0.610	0.710	0.646
2003	 6	 9	24	0.694	0.741	0.711
2003	 6	10	24	0.610	0.712	0.646
2003	 6	11	24	0.779	0.893	0.820
2003	 6	12	24	0.690	0.771	0.719
2003	 6	13	24	0.883	0.935	0.901
2003	 6	14	24	0.599	0.662	0.621
2003	 6	15	24	0.641	0.694	0.660
2003	 6	16	24	0.628	0.666	0.641
2003	 6	17	24	0.570	0.623	0.589
2003	 6	18	24	0.836	0.932	0.870
2003	 6	19	24	0.927	0.983	0.947
2003	 6	20	24	0.751	0.796	0.767
2003	 6	21	24	0.732	0.790	0.752
2003	 6	22	24	0.696	0.743	0.712
2003	 6	23	24	0.652	0.762	0.691
2003	 6	24	24	0.701	0.771	0.726
2003	 6	25	24	0.748	0.824	0.775
2003	 6	26	24	0.804	0.866	0.826
2003	 6	27	24	0.644	0.678	0.656
2003	 6	28	24	0.514	0.553	0.528
2003	 6	29	24	0.606	0.682	0.633
2003	 6	30	24	0.694	0.740	0.710
2003	 7	 1	24	0.965	0.984	0.972
2003	 7	 2	24	0.783	0.856	0.809
2003	 7	 3	24	0.839	0.925	0.870
2003	 7	 4	24	0.883	0.947	0.906
2003	 7	 5	24	0.980	0.983	0.981
2003	 7	 6	24	0.946	0.980	0.958
2003	 7	 7	24	0.829	0.862	0.841
2003	 7	 8	24	0.735	0.752	0.741
2003	 7	 9	24	0.786	0.792	0.788
2003	 7	10	24	0.801	0.810	0.804
2003	 7	11	24	0.590	0.610	0.597
2003	 7	12	24	0.689	0.727	0.703
2003	 7	13	24	0.725	0.749	0.733
2003	 7	14	24	0.621	0.656	0.633
2003	 7	15	24	0.568	0.603	0.580
2003	 7	16	24	0.519	0.584	0.542
2003	 7	17	24	0.770	0.801	0.781
2003	 7	18	24	0.784	0.779	0.782
2003	 7	19	24	0.569	0.596	0.579
2003	 7	20	24	0.537	0.596	0.558
2003	 7	21	24	0.601	0.666	0.624
2003	 7	22	24	0.734	0.740	0.736
2003	 7	23	24	0.786	0.787	0.786
2003	 7	24	24	0.696	0.780	0.725
2003	 7	25	24	0.870	0.886	0.875
2003	 7	26	24	0.752	0.832	0.780
2003	 7	27	24	0.699	0.758	0.720
2003	 7	28	24	0.914	0.901	0.909
2003	 7	29	24	0.830	0.823	0.828
2003	 7	30	24	0.626	0.653	0.635
2003	 7	31	24	0.791	0.830	0.805
2003	 8	 1	24	0.814	0.816	0.815
2003	 8	 2	24	0.642	0.668	0.651
2003	 8	 3	24	0.590	0.613	0.598
2003	 8	 4	24	0.607	0.627	0.614
2003	 8	 5	24	0.599	0.619	0.606
2003	 8	 6	24	0.508	0.541	0.520
2003	 8	 7	24	0.480	0.498	0.486
2003	 8	 8	24	0.408	0.432	0.416
2003	 8	 9	24	0.402	0.430	0.412
2003	 8	10	24	0.446	0.474	0.456
2003	 8	11	24	0.468	0.484	0.474
2003	 8	12	24	0.372	0.410	0.386
2003	 8	13	24	0.470	0.535	0.493
2003	 8	14	24	0.752	0.763	0.756
2003	 8	15	24	0.640	0.661	0.648
2003	 8	16	24	0.586	0.596	0.590
2003	 8	17	24	0.485	0.515	0.495
2003	 8	18	24	0.553	0.620	0.577
2003	 8	19	24	0.826	0.856	0.837
2003	 8	20	24	0.762	0.786	0.771
2003	 8	21	24	0.572	0.610	0.585
2003	 8	22	24	0.519	0.553	0.531
2003	 8	23	24	0.810	0.846	0.822
2003	 8	24	24	0.792	0.810	0.799
2003	 8	25	24	0.680	0.699	0.687
2003	 8	26	24	0.534	0.565	0.545
2003	 8	27	24	0.729	0.757	0.738
2003	 8	28	24	0.675	0.711	0.688
2003	 8	29	24	0.680	0.740	0.701
2003	 8	30	24	0.922	0.936	0.927
2003	 8	31	24	0.867	0.897	0.877
2003	 9	 1	24	0.850	0.850	0.850
2003	 9	 2	24	0.899	0.870	0.888
2003	 9	 3	24	0.648	0.672	0.657
2003	 9	 4	24	0.806	0.823	0.812
2003	 9	 5	24	0.680	0.699	0.687
2003	 9	 6	24	0.594	0.656	0.616
2003	 9	 7	24	0.593	0.670	0.620
2003	 9	 8	24	0.634	0.688	0.653
2003	 9	 9	24	0.886	0.916	0.897
2003	 9	10	24	0.845	0.861	0.850
2003	 9	11	24	0.958	0.983	0.967
2003	 9	12	24	0.968	0.961	0.966
2003	 9	13	24	0.955	0.958	0.956
2003	 9	14	24	0.930	0.942	0.934
2003	 9	15	24	0.688	0.731	0.703
2003	 9	16	24	0.660	0.684	0.668
2003	 9	17	24	0.718	0.719	0.719
2003	 9	18	24	0.568	0.627	0.589
2003	 9	19	24	0.482	0.519	0.495
2003	 9	20	24	0.470	0.539	0.494
2003	 9	21	24	0.500	0.541	0.514
2003	 9	22	24	0.545	0.594	0.563
2003	 9	23	24	0.827	0.865	0.841
2003	 9	24	24	0.813	0.813	0.813
2003	 9	25	24	0.649	0.671	0.657
2003	 9	26	24	0.564	0.659	0.598
2003	 9	27	24	0.753	0.786	0.764
2003	 9	28	24	0.701	0.761	0.722
2003	 9	29	24	0.869	0.883	0.874
2003	 9	30	24	0.940	0.954	0.945
2003	10	 1	24	0.828	0.908	0.856
2003	10	 2	24	0.947	0.986	0.960
2003	10	 3	24	0.956	0.984	0.966
2003	10	 4	24	0.881	0.905	0.889
2003	10	 5	24	0.956	0.962	0.958
2003	10	 6	24	0.874	0.897	0.882
2003	10	 7	24	0.953	0.986	0.965
2003	10	 8	24	0.985	0.991	0.987
2003	10	 9	24	0.964	0.982	0.970
2003	10	10	24	0.969	0.990	0.976
2003	10	11	24	0.845	0.888	0.860
2003	10	12	24	0.856	0.870	0.861
2003	10	13	24	0.851	0.866	0.857
2003	10	14	24	0.893	0.917	0.901
2003	10	15	24	0.903	0.931	0.913
2003	10	16	24	0.886	0.898	0.890
2003	10	17	24	0.810	0.856	0.826
2003	10	18	24	0.772	0.847	0.799
2003	10	19	24	0.871	0.929	0.891
2003	10	20	24	0.957	0.991	0.969
2003	10	21	24	0.994	0.992	0.994
2003	10	22	24	0.989	0.991	0.990
2003	10	23	24	0.937	0.958	0.944
2003	10	24	24	0.923	0.931	0.926
2003	10	25	24	0.849	0.895	0.866
2003	10	26	24	0.979	0.990	0.983
2003	10	27	24	0.984	0.986	0.985
2003	10	28	24	0.890	0.956	0.913
2003	10	29	24	0.841	0.984	0.891
2003	10	30	24	0.977	0.992	0.982
2003	10	31	24	0.888	0.969	0.917
2003	11	 1	24	0.906	0.971	0.929
2003	11	 2	24	0.828	0.871	0.843
2003	11	 3	24	0.857	0.929	0.882
2003	11	 4	24	0.843	0.871	0.853
2003	11	 5	24	0.808	0.864	0.828
2003	11	 6	24	0.828	0.877	0.845
2003	11	 7	24	0.984	0.985	0.985
2003	11	 8	24	0.881	0.950	0.905
2003	11	 9	24	0.780	0.853	0.805
2003	11	10	24	0.889	0.972	0.919
2003	11	11	24	0.866	0.960	0.900
2003	11	12	24	0.822	0.918	0.856
2003	11	13	24	0.867	0.942	0.894
2003	11	14	24	0.914	0.978	0.936
2003	11	15	24	0.913	0.969	0.933
2003	11	16	24	0.941	0.990	0.958
2003	11	17	24	0.979	0.995	0.985
2003	11	18	24	0.976	0.995	0.983
2003	11	19	24	0.956	0.991	0.968
2003	11	20	24	0.932	0.986	0.951
2003	11	21	24	0.713	0.830	0.754
2003	11	22	24	0.749	0.920	0.809
2003	11	23	24	0.743	0.974	0.825
2003	11	24	24	0.744	0.959	0.820
2003	11	25	24	0.866	0.945	0.894
2003	11	26	24	0.952	0.993	0.966
2003	11	27	24	0.984	0.994	0.988
2003	11	28	24	0.997	0.995	0.997
2003	11	29	24	0.994	0.997	0.995
2003	11	30	24	0.967	0.993	0.976
2003	12	 1	24	0.928	0.992	0.951
2003	12	 2	24	0.951	0.996	0.967
2003	12	 3	24	0.964	0.994	0.974
2003	12	 4	24	0.975	0.997	0.983
2003	12	 5	24	0.989	0.995	0.991
2003	12	 6	24	0.904	0.971	0.928
2003	12	 7	24	0.955	0.966	0.959
2003	12	 8	24	0.623	0.617	0.620
2003	12	 9	24	0.588	0.702	0.629
2003	12	10	24	0.762	0.891	0.808
2003	12	11	24	0.742	0.943	0.813
2003	12	12	24	0.963	0.992	0.973
2003	12	13	24	0.972	0.994	0.979
2003	12	14	24	0.968	0.990	0.976
2003	12	15	24	0.979	0.995	0.984
2003	12	16	24	0.969	0.994	0.978
2003	12	17	24	0.981	0.985	0.982
2003	12	18	24	0.843	0.868	0.852
2003	12	19	24	0.820	0.935	0.861
2003	12	20	24	0.970	0.993	0.978
2003	12	21	24	0.881	0.927	0.897
2003	12	22	24	0.957	0.973	0.962
2003	12	23	24	0.839	0.818	0.832
2003	12	24	24	0.723	0.838	0.763
2003	12	25	24	0.742	0.825	0.771
2003	12	26	24	0.936	0.990	0.955
2003	12	27	24	0.816	0.982	0.875
2003	12	28	24	0.831	0.980	0.883
2003	12	29	24	0.872	0.961	0.904
2003	12	30	24	0.967	0.990	0.975
2003	12	31	24	0.992	0.992	0.992
2004	 1	 1	24	0.972	0.983	0.976
2004	 1	 2	24	0.946	0.961	0.951
2004	 1	 3	24	0.920	0.939	0.927
2004	 1	 4	24	0.892	0.915	0.900
2004	 1	 5	24	0.923	0.933	0.926
2004	 1	 6	24	0.852	0.894	0.867
2004	 1	 7	24	0.975	0.993	0.981
2004	 1	 8	24	0.927	0.992	0.950
2004	 1	 9	24	0.951	0.991	0.965
2004	 1	10	24	0.987	0.991	0.989
2004	 1	11	24	0.952	0.993	0.967
2004	 1	12	24	0.924	0.983	0.945
2004	 1	13	24	0.957	0.993	0.970
2004	 1	14	24	0.892	0.974	0.921
2004	 1	15	24	0.967	0.989	0.975
2004	 1	16	24	0.898	0.979	0.927
2004	 1	17	24	0.847	0.932	0.877
2004	 1	18	24	0.967	0.989	0.975
2004	 1	19	24	0.880	0.920	0.894
2004	 1	20	24	0.984	0.991	0.986
2004	 1	21	24	0.972	0.978	0.974
2004	 1	22	24	0.928	0.917	0.924
2004	 1	23	24	0.911	0.894	0.905
2004	 1	24	24	0.739	0.842	0.775
2004	 1	25	24	0.955	0.974	0.962
2004	 1	26	24	0.974	0.988	0.979
2004	 1	27	24	0.959	0.978	0.966
2004	 1	28	24	0.953	0.980	0.962
2004	 1	29	24	0.951	0.983	0.962
2004	 1	30	24	0.956	0.968	0.960
2004	 1	31	24	0.775	0.863	0.806
2004	 2	 1	24	0.848	0.889	0.862
2004	 2	 2	24	0.942	0.965	0.950
2004	 2	 3	24	0.970	0.979	0.973
2004	 2	 4	24	0.738	0.785	0.755
2004	 2	 5	24	0.743	0.812	0.767
2004	 2	 6	24	0.730	0.806	0.757
2004	 2	 7	24	0.773	0.824	0.791
2004	 2	 8	24	0.903	0.927	0.911
2004	 2	 9	24	0.981	0.994	0.985
2004	 2	10	24	0.970	0.989	0.977
2004	 2	11	24	0.987	0.990	0.988
2004	 2	12	24	0.946	0.941	0.944
2004	 2	13	24	0.992	0.993	0.992
2004	 2	14	24	0.993	0.995	0.993
2004	 2	15	24	0.973	0.993	0.980
2004	 2	16	24	0.973	0.988	0.978
2004	 2	17	24	0.910	0.916	0.912
2004	 2	18	24	0.987	0.993	0.989
2004	 2	19	24	0.970	0.985	0.975
2004	 2	20	24	0.762	0.837	0.788
2004	 2	21	24	0.587	0.671	0.617
2004	 2	22	24	0.796	0.930	0.843
2004	 2	23	24	0.959	0.981	0.966
2004	 2	24	24	0.798	0.804	0.800
2004	 2	25	24	0.864	0.916	0.882
2004	 2	26	24	0.875	0.937	0.897
2004	 2	27	24	0.903	0.908	0.905
2004	 2	28	24	0.848	0.875	0.858
2004	 2	29	24	0.960	0.978	0.967
2004	 3	 1	24	0.958	0.979	0.966
2004	 3	 2	24	0.991	0.993	0.992
2004	 3	 3	24	0.986	0.988	0.986
2004	 3	 4	24	0.937	0.958	0.945
2004	 3	 5	24	0.821	0.793	0.811
2004	 3	 6	24	0.777	0.899	0.820
2004	 3	 7	24	0.839	0.909	0.864
2004	 3	 8	24	0.903	0.933	0.914
2004	 3	 9	24	0.961	0.978	0.967
2004	 3	10	24	0.983	0.993	0.987
2004	 3	11	24	0.916	0.982	0.939
2004	 3	12	24	0.875	0.965	0.907
2004	 3	13	24	0.864	0.972	0.903
2004	 3	14	24	0.857	0.898	0.871
2004	 3	15	24	0.799	0.883	0.829
2004	 3	16	24	0.857	0.887	0.868
2004	 3	17	24	0.666	0.682	0.672
2004	 3	18	24	0.549	0.578	0.559
2004	 3	19	24	0.631	0.677	0.647
2004	 3	20	24	0.900	0.929	0.910
2004	 3	21	24	0.777	0.805	0.787
2004	 3	22	24	0.758	0.791	0.770
2004	 3	23	24	0.869	0.901	0.880
2004	 3	24	24	0.992	0.995	0.993
2004	 3	25	24	0.973	0.990	0.979
2004	 3	26	24	0.967	0.991	0.975
2004	 3	27	24	0.954	0.985	0.965
2004	 3	28	24	0.874	0.863	0.870
2004	 3	29	24	0.697	0.706	0.700
2004	 3	30	24	0.677	0.732	0.697
2004	 3	31	24	0.650	0.716	0.674
2004	 4	 1	24	0.690	0.749	0.711
2004	 4	 2	24	0.608	0.658	0.626
2004	 4	 3	24	0.668	0.723	0.687
2004	 4	 4	24	0.763	0.801	0.776
2004	 4	 5	24	0.859	0.901	0.874
2004	 4	 6	24	0.896	0.908	0.900
2004	 4	 7	24	0.823	0.837	0.828
2004	 4	 8	24	0.937	0.964	0.947
2004	 4	 9	24	0.950	0.965	0.955
2004	 4	10	24	0.878	0.885	0.881
2004	 4	11	24	0.805	0.818	0.810
2004	 4	12	24	0.831	0.852	0.838
2004	 4	13	24	0.917	0.934	0.923
2004	 4	14	24	0.587	0.593	0.589
2004	 4	15	24	0.526	0.584	0.546
2004	 4	16	24	0.678	0.764	0.708
2004	 4	17	24	0.721	0.802	0.750
2004	 4	18	24	0.812	0.909	0.847
2004	 4	19	24	0.982	0.990	0.985
2004	 4	20	24	0.784	0.806	0.792
2004	 4	21	24	0.583	0.625	0.598
2004	 4	22	24	0.586	0.607	0.593
2004	 4	23	24	0.796	0.812	0.802
2004	 4	24	24	0.989	0.986	0.988
2004	 4	25	24	0.877	0.876	0.877
2004	 4	26	24	0.822	0.844	0.830
2004	 4	27	24	0.744	0.783	0.758
2004	 4	28	24	0.637	0.679	0.652
2004	 4	29	24	0.682	0.729	0.699
2004	 4	30	24	0.609	0.655	0.625
2004	 5	 1	24	0.769	0.819	0.786
2004	 5	 2	24	0.982	0.993	0.986
2004	 5	 3	24	0.775	0.814	0.789
2004	 5	 4	24	0.803	0.839	0.816
2004	 5	 5	24	0.784	0.832	0.801
2004	 5	 6	24	0.986	0.995	0.989
2004	 5	 7	24	0.960	0.986	0.969
2004	 5	 8	24	0.825	0.883	0.846
2004	 5	 9	24	0.840	0.890	0.858
2004	 5	10	24	0.962	0.969	0.965
2004	 5	11	24	0.843	0.840	0.842
2004	 5	12	24	0.935	0.938	0.936
2004	 5	13	24	0.995	0.995	0.995
2004	 5	14	24	0.824	0.825	0.824
2004	 5	15	24	0.920	0.935	0.925
2004	 5	16	24	0.905	0.916	0.909
2004	 5	17	24	0.887	0.910	0.895
2004	 5	18	24	0.761	0.783	0.769
2004	 5	19	24	0.657	0.680	0.665
2004	 5	20	24	0.824	0.854	0.834
2004	 5	21	24	0.896	0.911	0.902
2004	 5	22	24	0.880	0.896	0.886
2004	 5	23	24	0.988	0.994	0.990
2004	 5	24	24	0.855	0.867	0.859
2004	 5	25	24	0.840	0.873	0.852
2004	 5	26	24	0.900	0.897	0.899
2004	 5	27	24	0.789	0.799	0.792
2004	 5	28	24	0.777	0.788	0.781
2004	 5	29	24	0.598	0.610	0.602
2004	 5	30	24	0.486	0.518	0.497
2004	 5	31	24	0.585	0.658	0.611
2004	 6	 1	24	0.979	0.989	0.983
2004	 6	 2	24	0.987	0.981	0.985
2004	 6	 3	24	0.790	0.785	0.788
2004	 6	 4	24	0.657	0.697	0.671
2004	 6	 5	24	0.973	0.971	0.972
2004	 6	 6	24	0.875	0.887	0.879
2004	 6	 7	24	0.712	0.772	0.733
2004	 6	 8	24	0.677	0.699	0.685
2004	 6	 9	24	0.735	0.775	0.749
2004	 6	10	24	0.738	0.779	0.752
2004	 6	11	24	0.848	0.876	0.858
2004	 6	12	24	0.936	0.919	0.930
2004	 6	13	24	0.925	0.923	0.924
2004	 6	14	24	0.842	0.853	0.846
2004	 6	15	24	0.812	0.840	0.822
2004	 6	16	24	0.836	0.854	0.842
2004	 6	17	24	0.760	0.800	0.774
2004	 6	18	24	0.925	0.926	0.925
2004	 6	19	24	0.878	0.901	0.886
2004	 6	20	24	0.855	0.866	0.859
2004	 6	21	24	0.783	0.812	0.793
2004	 6	22	24	0.809	0.859	0.827
2004	 6	23	24	0.818	0.871	0.836
2004	 6	24	24	0.619	0.635	0.625
2004	 6	25	24	0.656	0.686	0.667
2004	 6	26	24	0.722	0.741	0.729
2004	 6	27	24	0.758	0.800	0.773
2004	 6	28	24	0.784	0.802	0.790
2004	 6	29	24	0.765	0.790	0.774
2004	 6	30	24	0.739	0.757	0.745
2004	 7	 1	24	0.785	0.833	0.802
2004	 7	 2	24	0.818	0.823	0.819
2004	 7	 3	24	0.849	0.859	0.852
2004	 7	 4	24	0.743	0.767	0.752
2004	 7	 5	24	0.882	0.900	0.888
2004	 7	 6	24	0.810	0.803	0.807
2004	 7	 7	24	0.628	0.679	0.646
2004	 7	 8	24	0.793	0.854	0.815
2004	 7	 9	24	0.799	0.806	0.802
2004	 7	10	24	0.821	0.826	0.823
2004	 7	11	24	0.805	0.819	0.810
2004	 7	12	24	0.907	0.909	0.908
2004	 7	13	24	0.965	0.963	0.964
2004	 7	14	24	0.812	0.820	0.815
2004	 7	15	24	0.901	0.908	0.903
2004	 7	16	24	0.860	0.852	0.857
2004	 7	17	24	0.692	0.729	0.705
2004	 7	18	24	0.645	0.673	0.655
2004	 7	19	24	0.817	0.818	0.818
2004	 7	20	24	0.738	0.753	0.744
2004	 7	21	24	0.762	0.761	0.761
2004	 7	22	24	0.899	0.896	0.898
2004	 7	23	24	0.744	0.772	0.754
2004	 7	24	24	0.942	0.942	0.942
2004	 7	25	24	0.704	0.722	0.711
2004	 7	26	24	0.937	0.940	0.938
2004	 7	27	24	0.922	0.904	0.916
2004	 7	28	24	0.782	0.783	0.782
2004	 7	29	24	0.666	0.682	0.672
2004	 7	30	24	0.584	0.607	0.592
2004	 7	31	24	0.565	0.597	0.576
2004	 8	 1	24	0.750	0.732	0.744
2004	 8	 2	24	0.754	0.752	0.754
2004	 8	 3	24	0.709	0.704	0.707
2004	 8	 4	24	0.604	0.630	0.613
2004	 8	 5	24	0.656	0.674	0.662
2004	 8	 6	24	0.651	0.689	0.664
2004	 8	 7	24	0.649	0.665	0.655
2004	 8	 8	24	0.594	0.606	0.599
2004	 8	 9	24	0.597	0.584	0.592
2004	 8	10	24	0.594	0.587	0.592
2004	 8	11	24	0.606	0.604	0.605
2004	 8	12	24	0.597	0.575	0.589
2004	 8	13	24	0.816	0.851	0.828
2004	 8	14	24	0.897	0.927	0.908
2004	 8	15	24	0.766	0.782	0.772
2004	 8	16	24	0.671	0.713	0.686
2004	 8	17	24	0.783	0.808	0.792
2004	 8	18	24	0.725	0.737	0.729
2004	 8	19	24	0.671	0.709	0.684
2004	 8	20	24	0.849	0.897	0.866
2004	 8	21	24	0.790	0.829	0.804
2004	 8	22	24	0.764	0.774	0.768
2004	 8	23	24	0.669	0.692	0.677
2004	 8	24	24	0.874	0.920	0.890
2004	 8	25	24	0.766	0.828	0.788
2004	 8	26	24	0.899	0.929	0.910
2004	 8	27	24	0.864	0.869	0.866
2004	 8	28	24	0.935	0.959	0.944
2004	 8	29	24	0.857	0.887	0.868
2004	 8	30	24	0.928	0.959	0.939
2004	 8	31	24	0.831	0.840	0.834
2004	 9	 1	24	0.763	0.773	0.766
2004	 9	 2	24	0.620	0.640	0.627
2004	 9	 3	24	0.621	0.671	0.639
2004	 9	 4	24	0.618	0.643	0.627
2004	 9	 5	24	0.658	0.686	0.668
2004	 9	 6	24	0.678	0.710	0.689
2004	 9	 7	24	0.669	0.700	0.680
2004	 9	 8	24	0.736	0.744	0.739
2004	 9	 9	24	0.644	0.666	0.651
2004	 9	10	24	0.535	0.609	0.561
2004	 9	11	24	0.658	0.738	0.686
2004	 9	12	24	0.866	0.885	0.872
2004	 9	13	24	0.733	0.790	0.753
2004	 9	14	24	0.728	0.795	0.752
2004	 9	15	24	0.728	0.751	0.736
2004	 9	16	24	0.799	0.803	0.800
2004	 9	17	24	0.635	0.683	0.652
2004	 9	18	24	0.577	0.670	0.609
2004	 9	19	24	0.788	0.835	0.805
2004	 9	20	24	0.792	0.828	0.805
2004	 9	21	24	0.801	0.827	0.810
2004	 9	22	24	0.950	0.953	0.951
2004	 9	23	24	0.980	0.988	0.982
2004	 9	24	24	0.962	0.976	0.967
2004	 9	25	24	0.975	0.983	0.977
2004	 9	26	24	0.978	0.981	0.979
2004	 9	27	24	0.966	0.977	0.970
2004	 9	28	24	0.962	0.972	0.966
2004	 9	29	24	0.938	0.961	0.946
2004	 9	30	24	0.926	0.928	0.927
2004	10	 1	24	0.792	0.800	0.795
2004	10	 2	24	0.918	0.948	0.929
2004	10	 3	24	0.839	0.851	0.844
2004	10	 4	24	0.770	0.863	0.803
2004	10	 5	24	0.748	0.881	0.795
2004	10	 6	24	0.855	0.947	0.887
2004	10	 7	24	0.831	0.829	0.831
2004	10	 8	24	0.890	0.911	0.898
2004	10	 9	24	0.929	0.932	0.930
2004	10	10	24	0.891	0.903	0.895
2004	10	11	24	0.805	0.843	0.818
2004	10	12	24	0.706	0.787	0.735
2004	10	13	24	0.824	0.890	0.847
2004	10	14	24	0.949	0.997	0.966
2004	10	15	24	0.985	0.996	0.989
2004	10	16	24	0.973	0.974	0.973
2004	10	17	24	0.893	0.916	0.901
2004	10	18	24	0.856	0.871	0.861
2004	10	19	24	0.802	0.834	0.813
2004	10	20	24	0.823	0.910	0.854
2004	10	21	24	0.857	0.874	0.863
2004	10	22	24	0.757	0.784	0.767
2004	10	23	24	0.692	0.729	0.705
2004	10	24	24	0.687	0.790	0.724
2004	10	25	24	0.767	0.850	0.797
2004	10	26	24	0.970	0.973	0.971
2004	10	27	24	0.987	0.993	0.989
2004	10	28	24	0.965	0.992	0.974
2004	10	29	24	0.887	0.984	0.921
2004	10	30	24	0.962	0.983	0.969
2004	10	31	24	0.968	0.981	0.972
2004	11	 1	24	0.982	0.992	0.985
2004	11	 2	24	0.990	0.992	0.991
2004	11	 3	24	0.949	0.991	0.964
2004	11	 4	24	0.965	0.990	0.974
2004	11	 5	24	0.944	0.978	0.956
2004	11	 6	24	0.965	0.992	0.975
2004	11	 7	24	0.994	1.000	0.996
2004	11	 8	24	0.997	0.999	0.998
2004	11	 9	24	0.995	0.996	0.996
2004	11	10	24	0.964	0.995	0.975
2004	11	11	24	0.905	0.913	0.908
2004	11	12	24	0.972	0.997	0.981
2004	11	13	24	0.982	0.996	0.987
2004	11	14	24	0.981	0.995	0.986
2004	11	15	24	0.969	0.982	0.974
2004	11	16	24	0.995	0.999	0.997
2004	11	17	24	0.983	0.999	0.988
2004	11	18	24	0.967	0.985	0.973
2004	11	19	24	0.981	0.987	0.983
2004	11	20	24	0.980	0.990	0.983
2004	11	21	24	0.971	0.991	0.978
2004	11	22	24	0.971	0.991	0.978
2004	11	23	24	0.947	0.964	0.953
2004	11	24	24	0.914	0.925	0.918
2004	11	25	24	0.454	0.602	0.506
2004	11	26	24	0.621	0.647	0.630
2004	11	27	24	0.977	0.995	0.984
2004	11	28	24	0.952	0.990	0.965
2004	11	29	24	0.982	0.996	0.987
2004	11	30	24	0.965	0.997	0.976
2004	12	 1	24	0.974	0.999	0.983
2004	12	 2	24	0.984	0.998	0.989
2004	12	 3	24	0.973	0.995	0.981
2004	12	 4	24	0.913	0.948	0.926
2004	12	 5	24	0.902	0.987	0.932
2004	12	 6	24	0.976	0.999	0.984
2004	12	 7	24	0.946	0.995	0.963
2004	12	 8	24	0.964	0.964	0.964
2004	12	 9	24	0.578	0.730	0.631
2004	12	10	24	0.287	0.276	0.283
2004	12	11	24	0.482	0.397	0.452
2004	12	12	24	0.973	0.967	0.971
2004	12	13	24	0.948	0.980	0.959
2004	12	14	24	0.796	0.971	0.858
2004	12	15	24	0.677	0.961	0.777
2004	12	16	24	0.729	0.963	0.811
2004	12	17	24	0.940	0.984	0.956
2004	12	18	24	0.976	0.994	0.982
2004	12	19	24	0.976	0.986	0.979
2004	12	20	24	0.948	0.966	0.954
2004	12	21	24	0.921	0.965	0.936
2004	12	22	24	0.921	0.974	0.940
2004	12	23	24	0.970	0.997	0.979
2004	12	24	24	0.915	0.947	0.926
2004	12	25	24	0.919	0.968	0.936
2004	12	26	24	0.993	0.999	0.995
2004	12	27	24	0.990	0.995	0.992
2004	12	28	24	0.977	0.993	0.982
2004	12	29	24	0.983	0.996	0.988
2004	12	30	24	0.948	0.979	0.959
2004	12	31	24	0.974	0.997	0.982
2005	 1	 1	24	0.980	0.988	0.982
2005	 1	 2	24	0.872	0.918	0.888
2005	 1	 3	24	0.944	0.974	0.954
2005	 1	 4	24	0.931	0.959	0.941
2005	 1	 5	24	0.973	0.995	0.980
2005	 1	 6	24	0.951	0.973	0.959
2005	 1	 7	24	0.778	0.806	0.788
2005	 1	 8	24	0.640	0.730	0.672
2005	 1	 9	24	0.738	0.776	0.751
2005	 1	10	24	0.823	0.894	0.848
2005	 1	11	24	0.844	0.897	0.863
2005	 1	12	24	0.907	0.953	0.923
2005	 1	13	24	0.944	0.961	0.950
2005	 1	14	24	0.966	0.992	0.975
2005	 1	15	24	0.934	0.950	0.940
2005	 1	16	24	0.803	0.950	0.855
2005	 1	17	24	0.722	0.944	0.801
2005	 1	18	24	0.895	0.980	0.925
2005	 1	19	24	0.914	0.982	0.938
2005	 1	20	24	0.959	0.990	0.970
2005	 1	21	24	0.982	0.996	0.987
2005	 1	22	24	0.974	0.992	0.981
2005	 1	23	24	0.961	0.982	0.969
2005	 1	24	24	0.968	0.981	0.973
2005	 1	25	24	0.961	0.975	0.966
2005	 1	26	24	0.949	0.962	0.954
2005	 1	27	24	0.942	0.946	0.943
2005	 1	28	24	0.949	0.957	0.952
2005	 1	29	24	0.940	0.943	0.941
2005	 1	30	24	0.957	0.973	0.962
2005	 1	31	24	0.988	0.995	0.991
2005	 2	 1	24	0.978	0.990	0.982
2005	 2	 2	24	0.979	0.992	0.984
2005	 2	 3	24	0.987	0.991	0.988
2005	 2	 4	24	0.943	0.923	0.936
2005	 2	 5	24	0.925	0.967	0.940
2005	 2	 6	24	0.881	0.945	0.904
2005	 2	 7	24	0.740	0.822	0.769
2005	 2	 8	24	0.727	0.834	0.765
2005	 2	 9	24	0.801	0.851	0.818
2005	 2	10	24	0.891	0.935	0.907
2005	 2	11	24	0.989	0.996	0.991
2005	 2	12	24	0.970	0.986	0.976
2005	 2	13	24	0.889	0.927	0.902
2005	 2	14	24	0.965	0.978	0.969
2005	 2	15	24	0.966	0.982	0.972
2005	 2	16	24	0.970	0.979	0.973
2005	 2	17	24	0.968	0.977	0.971
2005	 2	18	24	0.939	0.956	0.945
2005	 2	19	24	0.946	0.975	0.956
2005	 2	20	24	0.956	0.985	0.966
2005	 2	21	24	0.952	0.976	0.960
2005	 2	22	24	0.965	0.983	0.971
2005	 2	23	24	0.959	0.965	0.961
2005	 2	24	24	0.943	0.960	0.949
2005	 2	25	24	0.954	0.975	0.962
2005	 2	26	24	0.965	0.975	0.968
2005	 2	27	24	0.933	0.935	0.934
2005	 2	28	24	0.916	0.922	0.918
2005	 3	 1	24	0.826	0.846	0.833
2005	 3	 2	24	0.668	0.768	0.703
2005	 3	 3	24	0.720	0.834	0.761
2005	 3	 4	24	0.817	0.892	0.843
2005	 3	 5	24	0.848	0.917	0.872
2005	 3	 6	24	0.948	0.960	0.952
2005	 3	 7	24	0.939	0.967	0.949
2005	 3	 8	24	0.971	0.987	0.977
2005	 3	 9	24	0.967	0.981	0.972
2005	 3	10	24	0.863	0.819	0.847
2005	 3	11	24	0.921	0.952	0.932
2005	 3	12	24	0.963	0.987	0.971
2005	 3	13	24	0.961	0.981	0.968
2005	 3	14	24	0.881	0.904	0.889
2005	 3	15	24	0.707	0.696	0.703
2005	 3	16	24	0.700	0.729	0.710
2005	 3	17	24	0.753	0.790	0.766
2005	 3	18	24	0.964	0.970	0.966
2005	 3	19	24	0.912	0.908	0.910
2005	 3	20	24	0.709	0.775	0.733
2005	 3	21	24	0.624	0.673	0.642
2005	 3	22	24	0.570	0.688	0.612
2005	 3	23	24	0.832	0.872	0.846
2005	 3	24	24	0.807	0.863	0.827
2005	 3	25	24	0.739	0.822	0.768
2005	 3	26	24	0.976	0.973	0.975
2005	 3	27	24	0.919	0.974	0.938
2005	 3	28	24	0.911	0.886	0.902
2005	 3	29	24	0.791	0.832	0.805
2005	 3	30	24	0.629	0.662	0.641
2005	 3	31	24	0.547	0.586	0.561
2005	 4	 1	24	0.473	0.495	0.481
2005	 4	 2	24	0.403	0.441	0.416
2005	 4	 3	24	0.368	0.403	0.381
2005	 4	 4	24	0.394	0.435	0.409
2005	 4	 5	24	0.646	0.678	0.658
2005	 4	 6	24	0.714	0.741	0.723
2005	 4	 7	24	0.815	0.864	0.832
2005	 4	 8	24	0.886	0.935	0.903
2005	 4	 9	24	0.971	0.974	0.972
2005	 4	10	24	0.949	0.939	0.945
2005	 4	11	24	0.820	0.824	0.822
2005	 4	12	24	0.790	0.802	0.794
2005	 4	13	24	0.824	0.790	0.812
2005	 4	14	24	0.652	0.639	0.647
2005	 4	15	24	0.593	0.615	0.601
2005	 4	16	24	0.651	0.659	0.654
2005	 4	17	24	0.775	0.765	0.771
2005	 4	18	24	0.816	0.823	0.819
2005	 4	19	24	0.762	0.770	0.765
2005	 4	20	24	0.700	0.706	0.702
2005	 4	21	24	0.487	0.488	0.487
2005	 4	22	24	0.523	0.526	0.524
2005	 4	23	24	0.556	0.570	0.561
2005	 4	24	24	0.591	0.608	0.597
2005	 4	25	24	0.833	0.846	0.837
2005	 4	26	24	0.748	0.745	0.747
2005	 4	27	24	0.915	0.908	0.913
2005	 4	28	24	0.740	0.734	0.738
2005	 4	29	24	0.634	0.660	0.643
2005	 4	30	24	0.747	0.738	0.743
2005	 5	 1	24	0.628	0.616	0.623
2005	 5	 2	24	0.503	0.531	0.513
2005	 5	 3	24	0.806	0.846	0.820
2005	 5	 4	24	0.898	0.905	0.901
2005	 5	 5	24	0.928	0.930	0.928
2005	 5	 6	24	0.948	0.962	0.953
2005	 5	 7	24	0.869	0.902	0.881
2005	 5	 8	24	0.925	0.932	0.928
2005	 5	 9	24	0.871	0.873	0.872
2005	 5	10	24	0.762	0.780	0.769
2005	 5	11	24	0.926	0.929	0.927
2005	 5	12	24	0.817	0.818	0.817
2005	 5	13	24	0.645	0.651	0.647
2005	 5	14	24	0.766	0.805	0.780
2005	 5	15	24	0.875	0.869	0.873
2005	 5	16	24	0.706	0.730	0.714
2005	 5	17	24	0.977	0.979	0.978
2005	 5	18	24	0.977	0.973	0.976
2005	 5	19	24	0.698	0.705	0.700
2005	 5	20	24	0.610	0.671	0.631
2005	 5	21	24	0.628	0.684	0.647
2005	 5	22	24	0.830	0.865	0.842
2005	 5	23	24	0.958	0.946	0.954
2005	 5	24	24	0.786	0.797	0.790
2005	 5	25	24	0.633	0.675	0.648
2005	 5	26	24	0.589	0.643	0.609
2005	 5	27	24	0.532	0.585	0.551
2005	 5	28	24	0.500	0.562	0.522
2005	 5	29	24	0.690	0.717	0.700
2005	 5	30	24	0.758	0.783	0.767
2005	 5	31	24	0.801	0.804	0.802
2005	 6	 1	24	0.737	0.743	0.739
2005	 6	 2	24	0.715	0.747	0.727
2005	 6	 3	24	0.630	0.662	0.641
2005	 6	 4	24	0.693	0.741	0.710
2005	 6	 5	24	0.843	0.841	0.842
2005	 6	 6	24	0.961	0.954	0.959
2005	 6	 7	24	0.925	0.926	0.925
2005	 6	 8	24	0.820	0.811	0.817
2005	 6	 9	24	0.714	0.710	0.713
2005	 6	10	24	0.809	0.829	0.816
2005	 6	11	24	0.849	0.841	0.846
2005	 6	12	24	0.758	0.760	0.759
2005	 6	13	24	0.656	0.690	0.668
2005	 6	14	24	0.747	0.781	0.759
2005	 6	15	24	0.895	0.891	0.893
2005	 6	16	24	0.659	0.660	0.659
2005	 6	17	24	0.836	0.849	0.841
2005	 6	18	24	0.712	0.714	0.712
2005	 6	19	24	0.706	0.710	0.707
2005	 6	20	24	0.689	0.695	0.691
2005	 6	21	24	0.585	0.646	0.606
2005	 6	22	24	0.803	0.799	0.801
2005	 6	23	24	0.670	0.674	0.672
2005	 6	24	24	0.595	0.669	0.621
2005	 6	25	24	0.764	0.782	0.770
2005	 6	26	24	0.896	0.887	0.893
2005	 6	27	24	0.706	0.703	0.705
2005	 6	28	24	0.617	0.604	0.613
2005	 6	29	24	0.630	0.629	0.629
2005	 6	30	24	0.879	0.892	0.884
2005	 7	 1	24	0.958	0.950	0.955
2005	 7	 2	24	0.911	0.902	0.908
2005	 7	 3	24	0.676	0.708	0.687
2005	 7	 4	24	0.634	0.706	0.660
2005	 7	 5	24	0.958	0.965	0.960
2005	 7	 6	24	0.809	0.809	0.809
2005	 7	 7	24	0.877	0.901	0.885
2005	 7	 8	24	0.964	0.960	0.963
2005	 7	 9	24	0.971	0.962	0.968
2005	 7	10	24	0.860	0.850	0.856
2005	 7	11	24	0.714	0.699	0.709
2005	 7	12	24	0.590	0.597	0.592
2005	 7	13	24	0.553	0.567	0.558
2005	 7	14	24	0.581	0.598	0.587
2005	 7	15	24	0.599	0.638	0.613
2005	 7	16	24	0.765	0.755	0.762
2005	 7	17	24	0.710	0.716	0.712
2005	 7	18	24	0.642	0.666	0.650
2005	 7	19	24	0.925	0.911	0.920
2005	 7	20	24	0.766	0.773	0.768
2005	 7	21	24	0.906	0.908	0.907
2005	 7	22	24	0.982	0.979	0.981
2005	 7	23	24	0.928	0.921	0.925
2005	 7	24	24	0.738	0.772	0.750
2005	 7	25	24	0.862	0.894	0.873
2005	 7	26	24	0.783	0.785	0.784
2005	 7	27	24	0.733	0.746	0.738
2005	 7	28	24	0.644	0.675	0.655
2005	 7	29	24	0.643	0.666	0.651
2005	 7	30	24	0.826	0.811	0.820
2005	 7	31	24	0.767	0.758	0.764
2005	 8	 1	24	0.710	0.722	0.714
2005	 8	 2	24	0.789	0.806	0.795
2005	 8	 3	24	0.967	0.970	0.968
2005	 8	 4	24	0.884	0.874	0.880
2005	 8	 5	24	0.750	0.774	0.758
2005	 8	 6	24	0.873	0.871	0.873
2005	 8	 7	24	0.891	0.887	0.890
2005	 8	 8	24	0.844	0.852	0.847
2005	 8	 9	24	0.847	0.849	0.848
2005	 8	10	24	0.825	0.834	0.828
2005	 8	11	24	0.863	0.873	0.866
2005	 8	12	24	0.849	0.863	0.854
2005	 8	13	24	0.961	0.947	0.956
2005	 8	14	24	0.842	0.876	0.854
2005	 8	15	24	0.980	0.968	0.976
2005	 8	16	24	0.845	0.853	0.848
2005	 8	17	24	0.876	0.876	0.876
2005	 8	18	24	0.728	0.730	0.729
2005	 8	19	24	0.686	0.718	0.697
2005	 8	20	24	0.844	0.856	0.848
2005	 8	21	24	0.805	0.787	0.799
2005	 8	22	24	0.822	0.835	0.826
2005	 8	23	24	0.993	0.986	0.990
2005	 8	24	24	0.969	0.957	0.965
2005	 8	25	24	0.908	0.935	0.918
2005	 8	26	24	0.740	0.729	0.736
2005	 8	27	24	0.705	0.698	0.702
2005	 8	28	24	0.671	0.683	0.675
2005	 8	29	24	0.653	0.683	0.664
2005	 8	30	24	0.681	0.689	0.684
2005	 8	31	24	0.703	0.715	0.707
2005	 9	 1	24	0.696	0.724	0.706
2005	 9	 2	24	0.854	0.871	0.860
2005	 9	 3	24	0.987	0.981	0.985
2005	 9	 4	24	0.695	0.668	0.685
2005	 9	 5	24	0.675	0.712	0.688
2005	 9	 6	24	0.674	0.728	0.693
2005	 9	 7	24	0.662	0.716	0.681
2005	 9	 8	24	0.583	0.630	0.600
2005	 9	 9	24	0.822	0.898	0.849
2005	 9	10	24	0.836	0.844	0.839
2005	 9	11	24	0.932	0.947	0.937
2005	 9	12	24	0.984	0.975	0.981
2005	 9	13	24	0.880	0.862	0.874
2005	 9	14	24	0.820	0.833	0.824
2005	 9	15	24	0.868	0.877	0.871
2005	 9	16	24	0.973	0.965	0.970
2005	 9	17	24	0.972	0.948	0.964
2005	 9	18	24	0.776	0.758	0.770
2005	 9	19	24	0.678	0.670	0.675
2005	 9	20	24	0.686	0.672	0.681
2005	 9	21	24	0.693	0.680	0.688
2005	 9	22	24	0.674	0.664	0.670
2005	 9	23	24	0.729	0.773	0.745
2005	 9	24	24	0.746	0.772	0.755
2005	 9	25	24	0.741	0.798	0.761
2005	 9	26	24	0.846	0.882	0.859
2005	 9	27	24	0.791	0.809	0.798
2005	 9	28	24	0.908	0.928	0.915
2005	 9	29	24	0.929	0.928	0.928
2005	 9	30	24	0.921	0.908	0.917
2005	10	 1	24	0.879	0.931	0.898
2005	10	 2	24	0.988	0.981	0.986
2005	10	 3	24	0.991	0.983	0.988
2005	10	 4	24	0.957	0.935	0.949
2005	10	 5	24	0.877	0.867	0.873
2005	10	 6	24	0.726	0.761	0.739
2005	10	 7	24	0.733	0.778	0.749
2005	10	 8	24	0.716	0.768	0.734
2005	10	 9	24	0.738	0.812	0.764
2005	10	10	24	0.774	0.846	0.799
2005	10	11	24	0.697	0.758	0.719
2005	10	12	24	0.796	0.848	0.814
2005	10	13	24	0.761	0.776	0.767
2005	10	14	24	0.709	0.707	0.708
2005	10	15	24	0.743	0.741	0.742
2005	10	16	24	0.850	0.863	0.855
2005	10	17	24	0.930	0.942	0.934
2005	10	18	24	0.879	0.892	0.884
2005	10	19	24	0.762	0.861	0.797
2005	10	20	24	0.853	0.935	0.882
2005	10	21	24	0.871	0.965	0.904
2005	10	22	24	0.867	0.906	0.881
2005	10	23	24	0.905	0.912	0.908
2005	10	24	24	0.923	0.898	0.914
2005	10	25	24	0.784	0.840	0.804
2005	10	26	24	0.837	0.828	0.834
2005	10	27	24	0.896	0.917	0.903
2005	10	28	24	0.756	0.864	0.794
2005	10	29	24	0.790	0.832	0.805
2005	10	30	24	0.778	0.889	0.817
2005	10	31	24	0.871	0.982	0.910
2005	11	 1	24	0.909	0.983	0.935
2005	11	 2	24	0.943	0.987	0.958
2005	11	 3	24	0.951	0.979	0.961
2005	11	 4	24	0.952	0.977	0.961
2005	11	 5	24	0.972	0.983	0.976
2005	11	 6	24	0.923	0.984	0.945
2005	11	 7	24	0.906	0.977	0.931
2005	11	 8	24	0.881	0.978	0.915
2005	11	 9	24	0.829	0.979	0.882
2005	11	10	24	0.962	0.984	0.970
2005	11	11	24	0.856	0.892	0.869
2005	11	12	24	0.927	0.988	0.948
2005	11	13	24	0.819	0.985	0.878
2005	11	14	24	0.947	0.994	0.963
2005	11	15	24	0.954	0.994	0.968
2005	11	16	24	0.994	0.999	0.996
2005	11	17	24	0.991	0.994	0.992
2005	11	18	24	0.985	0.988	0.986
2005	11	19	24	0.983	0.991	0.986
2005	11	20	24	0.990	0.991	0.990
2005	11	21	24	0.991	0.990	0.991
2005	11	22	24	0.987	0.992	0.989
2005	11	23	24	0.989	0.990	0.989
2005	11	24	24	0.969	0.979	0.972
2005	11	25	24	0.949	0.956	0.951
2005	11	26	24	0.942	0.966	0.950
2005	11	27	24	0.888	0.944	0.908
2005	11	28	24	0.952	0.980	0.962
2005	11	29	24	0.952	0.984	0.963
2005	11	30	24	0.935	0.970	0.947
2005	12	 1	24	0.880	0.941	0.901
2005	12	 2	24	0.873	0.992	0.915
2005	12	 3	24	0.966	0.997	0.977
2005	12	 4	24	0.984	0.997	0.989
2005	12	 5	24	0.975	0.993	0.981
2005	12	 6	24	0.945	0.971	0.955
2005	12	 7	24	0.992	0.996	0.993
2005	12	 8	24	0.980	0.977	0.979
2005	12	 9	24	0.987	0.978	0.983
2005	12	10	24	0.920	0.896	0.911
2005	12	11	24	0.902	0.901	0.902
2005	12	12	24	0.994	0.990	0.993
2005	12	13	24	0.992	0.988	0.991
2005	12	14	24	0.994	0.991	0.993
2005	12	15	24	0.992	0.991	0.991
2005	12	16	24	0.978	0.971	0.975
2005	12	17	24	0.969	0.959	0.965
2005	12	18	24	0.971	0.965	0.969
2005	12	19	24	0.977	0.976	0.977
2005	12	20	24	0.991	0.983	0.988
2005	12	21	24	0.988	0.988	0.988
2005	12	22	24	0.991	0.988	0.990
2005	12	23	24	0.994	0.990	0.993
2005	12	24	24	0.991	0.990	0.991
2005	12	25	24	0.981	0.973	0.978
2005	12	26	24	0.964	0.961	0.963
2005	12	27	24	0.962	0.953	0.959
2005	12	28	24	0.955	0.942	0.951
2005	12	29	24	0.942	0.930	0.938
2005	12	30	24	0.938	0.930	0.935
2005	12	31	24	0.944	0.956	0.948
2006	 1	 1	24	0.980	0.989	0.983
2006	 1	 2	24	0.992	0.987	0.990
2006	 1	 3	24	0.987	0.981	0.985
2006	 1	 4	24	0.982	0.980	0.982
2006	 1	 5	24	0.982	0.978	0.980
2006	 1	 6	24	0.985	0.982	0.984
2006	 1	 7	24	0.985	0.978	0.982
2006	 1	 8	24	0.956	0.950	0.954
2006	 1	 9	24	0.886	0.890	0.887
2006	 1	10	24	0.746	0.770	0.755
2006	 1	11	24	0.600	0.641	0.614
2006	 1	12	24	0.975	0.980	0.977
2006	 1	13	24	0.961	0.971	0.964
2006	 1	14	24	0.629	0.826	0.698
2006	 1	15	24	0.778	0.925	0.830
2006	 1	16	24	0.754	0.908	0.808
2006	 1	17	24	0.892	0.919	0.902
2006	 1	18	24	0.976	0.974	0.975
2006	 1	19	24	0.958	0.949	0.955
2006	 1	20	24	0.993	0.994	0.993
2006	 1	21	24	0.991	0.982	0.988
2006	 1	22	24	0.910	0.889	0.903
2006	 1	23	24	0.851	0.790	0.830
2006	 1	24	24	0.697	0.727	0.708
2006	 1	25	24	0.667	0.834	0.726
2006	 1	26	24	0.884	0.900	0.890
2006	 1	27	24	0.734	0.861	0.779
2006	 1	28	24	0.375	0.498	0.419
2006	 1	29	24	0.543	0.594	0.561
2006	 1	30	24	0.635	0.647	0.639
2006	 1	31	24	0.867	0.728	0.818
2006	 2	 1	24	0.398	0.324	0.372
2006	 2	 2	24	0.464	0.470	0.466
2006	 2	 3	24	0.956	0.951	0.954
2006	 2	 4	24	0.961	0.948	0.957
2006	 2	 5	24	0.925	0.906	0.918
2006	 2	 6	24	0.859	0.828	0.848
2006	 2	 7	24	0.989	0.987	0.989
2006	 2	 8	24	0.990	0.990	0.990
2006	 2	 9	24	0.975	0.968	0.972
2006	 2	10	24	0.980	0.972	0.977
2006	 2	11	24	0.970	0.960	0.967
2006	 2	12	24	0.956	0.935	0.948
2006	 2	13	24	0.940	0.905	0.928
2006	 2	14	24	0.921	0.911	0.917
2006	 2	15	24	0.974	0.979	0.976
2006	 2	16	24	0.987	0.987	0.987
2006	 2	17	24	0.936	0.944	0.939
2006	 2	18	24	0.932	0.978	0.948
2006	 2	19	24	0.865	0.907	0.880
2006	 2	20	24	0.924	0.947	0.932
2006	 2	21	24	0.992	0.990	0.991
2006	 2	22	24	0.976	0.968	0.973
2006	 2	23	24	0.957	0.952	0.955
2006	 2	24	24	0.950	0.941	0.947
2006	 2	25	24	0.946	0.940	0.944
2006	 2	26	24	0.949	0.941	0.946
2006	 2	27	24	0.937	0.924	0.932
2006	 2	28	24	0.934	0.943	0.937
2006	 3	 1	24	0.951	0.941	0.948
2006	 3	 2	24	0.827	0.831	0.828
2006	 3	 3	24	0.886	0.922	0.899
2006	 3	 4	24	0.943	0.922	0.936
2006	 3	 5	24	0.870	0.874	0.872
2006	 3	 6	24	0.944	0.939	0.942
2006	 3	 7	24	0.954	0.939	0.948
2006	 3	 8	24	0.876	0.909	0.888
2006	 3	 9	24	0.970	0.972	0.971
2006	 3	10	24	0.938	0.928	0.935
2006	 3	11	24	0.970	0.966	0.969
2006	 3	12	24	0.947	0.933	0.942
2006	 3	13	24	0.939	0.927	0.935
2006	 3	14	24	0.947	0.936	0.943
2006	 3	15	24	0.960	0.952	0.957
2006	 3	16	24	0.974	0.977	0.975
2006	 3	17	24	0.986	0.992	0.988
2006	 3	18	24	0.984	0.981	0.983
2006	 3	19	24	0.918	0.877	0.903
2006	 3	20	24	0.919	0.909	0.916
2006	 3	21	24	0.874	0.887	0.878
2006	 3	22	24	0.773	0.778	0.775
2006	 3	23	24	0.717	0.738	0.725
2006	 3	24	24	0.626	0.744	0.668
2006	 3	25	24	0.898	0.935	0.911
2006	 3	26	24	0.984	0.979	0.982
2006	 3	27	24	0.831	0.841	0.835
2006	 3	28	24	0.856	0.839	0.850
2006	 3	29	24	0.864	0.885	0.871
2006	 3	30	24	0.929	0.955	0.938
2006	 3	31	24	0.931	0.922	0.927
2006	 4	 1	24	0.863	0.853	0.859
2006	 4	 2	24	0.798	0.813	0.803
2006	 4	 3	24	0.883	0.862	0.876
2006	 4	 4	24	0.888	0.860	0.878
2006	 4	 5	24	0.804	0.795	0.800
2006	 4	 6	24	0.766	0.755	0.762
2006	 4	 7	24	0.565	0.577	0.569
2006	 4	 8	24	0.535	0.568	0.546
2006	 4	 9	24	0.655	0.662	0.657
2006	 4	10	24	0.764	0.888	0.808
2006	 4	11	24	0.920	0.944	0.929
2006	 4	12	24	0.877	0.898	0.884
2006	 4	13	24	0.937	0.920	0.931
2006	 4	14	24	0.917	0.905	0.913
2006	 4	15	24	0.738	0.733	0.736
2006	 4	16	24	0.918	0.937	0.924
2006	 4	17	24	0.945	0.933	0.941
2006	 4	18	24	0.752	0.741	0.748
2006	 4	19	24	0.690	0.682	0.687
2006	 4	20	24	0.594	0.577	0.588
2006	 4	21	24	0.523	0.545	0.531
2006	 4	22	24	0.722	0.736	0.727
2006	 4	23	24	0.848	0.862	0.853
2006	 4	24	24	0.844	0.820	0.836
2006	 4	25	24	0.613	0.612	0.612
2006	 4	26	24	0.656	0.670	0.661
2006	 4	27	24	0.921	0.893	0.911
2006	 4	28	24	0.964	0.935	0.954
2006	 4	29	24	0.981	0.983	0.982
