YY	MM	DD	HH	"1"	"2"	tot_average
Infiltrationueberschuss in mm je Zone  infiltration_model
--	--	--	--	0.6468891	0.3531109	1.0000
2000	 8	 1	24	0.00000	0.00000	0.00000
2000	 8	 2	24	0.00111	0.00080	0.00100
2000	 8	 3	24	0.00017	0.00150	0.00064
2000	 8	 4	24	0.00000	0.00000	0.00000
2000	 8	 5	24	0.00000	0.00000	0.00000
2000	 8	 6	24	0.01069	0.01773	0.01317
2000	 8	 7	24	0.02035	0.01468	0.01835
2000	 8	 8	24	0.00000	0.00000	0.00000
2000	 8	 9	24	0.00000	0.00000	0.00000
2000	 8	10	24	0.00211	0.00024	0.00145
2000	 8	11	24	0.00000	0.00000	0.00000
2000	 8	12	24	0.00000	0.00000	0.00000
2000	 8	13	24	0.00000	0.00000	0.00000
2000	 8	14	24	0.00000	0.00000	0.00000
2000	 8	15	24	0.03237	0.06616	0.04430
2000	 8	16	24	0.00000	0.00000	0.00000
2000	 8	17	24	0.00026	0.00010	0.00020
2000	 8	18	24	0.00070	0.00026	0.00054
2000	 8	19	24	0.00005	0.00000	0.00003
2000	 8	20	24	0.13629	0.05659	0.10814
2000	 8	21	24	0.20531	0.17334	0.19402
2000	 8	22	24	0.00084	0.00035	0.00067
2000	 8	23	24	0.00000	0.00000	0.00000
2000	 8	24	24	0.00000	0.00000	0.00000
2000	 8	25	24	0.00000	0.00000	0.00000
2000	 8	26	24	0.00000	0.00000	0.00000
2000	 8	27	24	0.00000	0.00000	0.00000
2000	 8	28	24	0.03426	0.00556	0.02413
2000	 8	29	24	0.00000	0.00000	0.00000
2000	 8	30	24	0.00000	0.00000	0.00000
2000	 8	31	24	0.00044	0.00078	0.00056
2000	 9	 1	24	0.02870	0.03401	0.03058
2000	 9	 2	24	0.02676	0.01859	0.02388
2000	 9	 3	24	0.23029	0.27020	0.24438
2000	 9	 4	24	0.02677	0.01663	0.02319
2000	 9	 5	24	0.00720	0.00285	0.00566
2000	 9	 6	24	0.06900	0.09511	0.07822
2000	 9	 7	24	0.00861	0.00226	0.00637
2000	 9	 8	24	0.00000	0.00000	0.00000
2000	 9	 9	24	0.00000	0.00000	0.00000
2000	 9	10	24	0.00000	0.00000	0.00000
2000	 9	11	24	0.00000	0.00000	0.00000
2000	 9	12	24	0.00000	0.00000	0.00000
2000	 9	13	24	0.02095	0.00454	0.01515
2000	 9	14	24	0.00000	0.00000	0.00000
2000	 9	15	24	0.00000	0.00000	0.00000
2000	 9	16	24	0.01586	0.00550	0.01220
2000	 9	17	24	0.00360	0.00107	0.00270
2000	 9	18	24	0.00000	0.00000	0.00000
2000	 9	19	24	0.00000	0.00000	0.00000
2000	 9	20	24	0.00005	0.00000	0.00003
2000	 9	21	24	0.01866	0.01057	0.01580
2000	 9	22	24	0.00000	0.00000	0.00000
2000	 9	23	24	0.00000	0.00000	0.00000
2000	 9	24	24	0.00000	0.00000	0.00000
2000	 9	25	24	0.00000	0.00000	0.00000
2000	 9	26	24	0.00000	0.00000	0.00000
2000	 9	27	24	0.00376	0.00057	0.00263
2000	 9	28	24	0.00109	0.00001	0.00071
2000	 9	29	24	0.00000	0.00000	0.00000
2000	 9	30	24	0.00000	0.00000	0.00000
2000	10	 1	24	0.16477	0.25615	0.19703
2000	10	 2	24	0.00488	0.00050	0.00334
2000	10	 3	24	0.00444	0.00239	0.00371
2000	10	 4	24	0.00188	0.00037	0.00135
2000	10	 5	24	0.04013	0.02915	0.03625
2000	10	 6	24	0.09230	0.06282	0.08189
2000	10	 7	24	0.22514	0.15379	0.19994
2000	10	 8	24	0.03566	0.01907	0.02980
2000	10	 9	24	0.00796	0.00512	0.00695
2000	10	10	24	0.00267	0.00048	0.00189
2000	10	11	24	0.01061	0.00858	0.00990
2000	10	12	24	0.00120	0.00032	0.00089
2000	10	13	24	0.00067	0.00000	0.00043
2000	10	14	24	0.00000	0.00000	0.00000
2000	10	15	24	0.00000	0.00000	0.00000
2000	10	16	24	0.00000	0.00000	0.00000
2000	10	17	24	0.00216	0.00110	0.00178
2000	10	18	24	0.05666	0.07825	0.06428
2000	10	19	24	0.00092	0.00000	0.00060
2000	10	20	24	0.00000	0.00004	0.00002
2000	10	21	24	0.00000	0.00000	0.00000
2000	10	22	24	0.00000	0.00000	0.00000
2000	10	23	24	0.00109	0.00069	0.00095
2000	10	24	24	0.00179	0.00080	0.00144
2000	10	25	24	0.01414	0.00910	0.01236
2000	10	26	24	0.06344	0.04870	0.05823
2000	10	27	24	0.01655	0.01255	0.01514
2000	10	28	24	0.00185	0.00259	0.00211
2000	10	29	24	0.00000	0.00000	0.00000
2000	10	30	24	0.00000	0.00000	0.00000
2000	10	31	24	0.00139	0.00068	0.00114
2000	11	 1	24	0.00125	0.00026	0.00090
2000	11	 2	24	0.00000	0.00000	0.00000
2000	11	 3	24	0.06196	0.05881	0.06085
2000	11	 4	24	0.00026	0.00000	0.00017
2000	11	 5	24	0.00000	0.00000	0.00000
2000	11	 6	24	0.00227	0.00746	0.00410
2000	11	 7	24	0.03409	0.03204	0.03337
2000	11	 8	24	0.00000	0.00000	0.00000
2000	11	 9	24	0.00000	0.00000	0.00000
2000	11	10	24	0.00000	0.00000	0.00000
2000	11	11	24	0.00000	0.00000	0.00000
2000	11	12	24	0.00000	0.00000	0.00000
2000	11	13	24	0.00000	0.00000	0.00000
2000	11	14	24	0.04435	0.03012	0.03932
2000	11	15	24	0.00578	0.00363	0.00502
2000	11	16	24	0.00974	0.01562	0.01181
2000	11	17	24	0.06032	0.03882	0.05273
2000	11	18	24	0.00000	0.00000	0.00000
2000	11	19	24	0.00000	0.00000	0.00000
2000	11	20	24	0.00959	0.00914	0.00943
2000	11	21	24	0.01128	0.01815	0.01371
2000	11	22	24	0.00000	0.00000	0.00000
2000	11	23	24	0.00000	0.00000	0.00000
2000	11	24	24	0.07655	0.07924	0.07750
2000	11	25	24	0.06762	0.05027	0.06149
2000	11	26	24	0.04515	0.04697	0.04579
2000	11	27	24	0.01972	0.01146	0.01681
2000	11	28	24	0.01946	0.01489	0.01785
2000	11	29	24	0.00023	0.00000	0.00015
2000	11	30	24	0.00000	0.00000	0.00000
2000	12	 1	24	0.00000	0.00000	0.00000
2000	12	 2	24	0.00000	0.00000	0.00000
2000	12	 3	24	0.00000	0.00000	0.00000
2000	12	 4	24	0.00032	0.00003	0.00022
2000	12	 5	24	0.00029	0.00241	0.00104
2000	12	 6	24	0.00000	0.00000	0.00000
2000	12	 7	24	0.00007	0.00000	0.00004
2000	12	 8	24	0.00462	0.01010	0.00655
2000	12	 9	24	0.00000	0.00000	0.00000
2000	12	10	24	0.03579	0.03494	0.03549
2000	12	11	24	0.04173	0.06305	0.04926
2000	12	12	24	0.03665	0.01620	0.02943
2000	12	13	24	0.00052	0.00022	0.00041
2000	12	14	24	0.01831	0.03349	0.02367
2000	12	15	24	0.09909	0.06735	0.08788
2000	12	16	24	0.04673	0.00000	0.03023
2000	12	17	24	0.00489	0.00000	0.00316
2000	12	18	24	0.00810	0.01287	0.00979
2000	12	19	24	0.00300	0.01089	0.00578
2000	12	20	24	0.00073	0.00101	0.00083
2000	12	21	24	0.00001	0.00008	0.00004
2000	12	22	24	0.00001	0.00006	0.00003
2000	12	23	24	0.00004	0.00007	0.00005
2000	12	24	24	0.00138	0.01093	0.00476
2000	12	25	24	0.01178	0.00012	0.00766
2000	12	26	24	0.00012	0.00001	0.00008
2000	12	27	24	0.00018	0.00064	0.00034
2000	12	28	24	0.00799	0.01590	0.01078
2000	12	29	24	0.01055	0.00102	0.00718
2000	12	30	24	0.03216	0.00000	0.02081
2000	12	31	24	0.01196	0.00000	0.00774
2001	 1	 1	24	0.03053	0.00000	0.01975
2001	 1	 2	24	0.02612	0.00000	0.01690
2001	 1	 3	24	0.01233	0.01845	0.01449
2001	 1	 4	24	0.01164	0.01025	0.01115
2001	 1	 5	24	0.09409	0.06033	0.08217
2001	 1	 6	24	0.02530	0.07784	0.04385
2001	 1	 7	24	0.00524	0.03691	0.01642
2001	 1	 8	24	0.00271	0.02169	0.00941
2001	 1	 9	24	0.00196	0.00120	0.00169
2001	 1	10	24	0.02577	0.00740	0.01928
2001	 1	11	24	0.00173	0.00000	0.00112
2001	 1	12	24	0.00007	0.00000	0.00004
2001	 1	13	24	0.00000	0.00000	0.00000
2001	 1	14	24	0.00001	0.00000	0.00001
2001	 1	15	24	0.00005	0.00000	0.00003
2001	 1	16	24	0.00001	0.00000	0.00001
2001	 1	17	24	0.00001	0.00000	0.00001
2001	 1	18	24	0.00055	0.00000	0.00035
2001	 1	19	24	0.00121	0.00000	0.00078
2001	 1	20	24	0.00109	0.00000	0.00070
2001	 1	21	24	0.00147	0.00000	0.00095
2001	 1	22	24	0.00640	0.00000	0.00414
2001	 1	23	24	0.02142	0.00000	0.01386
2001	 1	24	24	0.07848	0.00000	0.05077
2001	 1	25	24	0.06207	0.00885	0.04328
2001	 1	26	24	0.02480	0.01971	0.02301
2001	 1	27	24	0.01578	0.00151	0.01074
2001	 1	28	24	0.01196	0.02207	0.01553
2001	 1	29	24	0.00480	0.00293	0.00414
2001	 1	30	24	0.02356	0.00108	0.01562
2001	 1	31	24	0.00742	0.00000	0.00480
2001	 2	 1	24	0.01331	0.00000	0.00861
2001	 2	 2	24	0.01050	0.00000	0.00679
2001	 2	 3	24	0.00000	0.00000	0.00000
2001	 2	 4	24	0.03624	0.00000	0.02344
2001	 2	 5	24	0.11254	0.06419	0.09547
2001	 2	 6	24	0.13606	0.10613	0.12550
2001	 2	 7	24	0.13751	0.09788	0.12351
2001	 2	 8	24	0.10952	0.06916	0.09527
2001	 2	 9	24	0.05414	0.07729	0.06231
2001	 2	10	24	0.00551	0.01392	0.00848
2001	 2	11	24	0.01207	0.04309	0.02302
2001	 2	12	24	0.04055	0.12841	0.07157
2001	 2	13	24	0.00579	0.04006	0.01789
2001	 2	14	24	0.00388	0.03543	0.01502
2001	 2	15	24	0.00676	0.09028	0.03625
2001	 2	16	24	0.00001	0.03267	0.01154
2001	 2	17	24	0.00698	0.00092	0.00484
2001	 2	18	24	0.00741	0.00000	0.00479
2001	 2	19	24	0.02462	0.00000	0.01592
2001	 2	20	24	0.01697	0.00786	0.01375
2001	 2	21	24	0.05641	0.01169	0.04062
2001	 2	22	24	0.14921	0.00000	0.09652
2001	 2	23	24	0.00760	0.00000	0.00491
2001	 2	24	24	0.00000	0.00000	0.00000
2001	 2	25	24	0.00017	0.00000	0.00011
2001	 2	26	24	0.00928	0.00000	0.00600
2001	 2	27	24	0.02705	0.00000	0.01750
2001	 2	28	24	0.03899	0.00000	0.02522
2001	 3	 1	24	0.05131	0.00000	0.03319
2001	 3	 2	24	0.03285	0.00000	0.02125
2001	 3	 3	24	0.05786	0.00000	0.03743
2001	 3	 4	24	0.06320	0.00281	0.04187
2001	 3	 5	24	0.01284	0.00005	0.00832
2001	 3	 6	24	0.03869	0.00679	0.02742
2001	 3	 7	24	0.06193	0.01722	0.04614
2001	 3	 8	24	0.12990	0.09263	0.11674
2001	 3	 9	24	0.14688	0.09656	0.12911
2001	 3	10	24	0.13700	0.10737	0.12654
2001	 3	11	24	0.11401	0.12805	0.11897
2001	 3	12	24	0.20477	0.25789	0.22353
2001	 3	13	24	0.06349	0.09719	0.07539
2001	 3	14	24	0.03163	0.03630	0.03328
2001	 3	15	24	0.02584	0.02747	0.02641
2001	 3	16	24	0.01432	0.05802	0.02975
2001	 3	17	24	0.10419	0.12267	0.11072
2001	 3	18	24	0.04312	0.09352	0.06092
2001	 3	19	24	0.04641	0.05674	0.05006
2001	 3	20	24	0.00175	0.00012	0.00118
2001	 3	21	24	0.01205	0.00000	0.00779
2001	 3	22	24	0.08018	0.03915	0.06569
2001	 3	23	24	0.07694	0.06367	0.07225
2001	 3	24	24	0.14495	0.23420	0.17647
2001	 3	25	24	0.06934	0.11469	0.08536
2001	 3	26	24	0.00000	0.00000	0.00000
2001	 3	27	24	0.00001	0.00000	0.00000
2001	 3	28	24	0.01114	0.00000	0.00720
2001	 3	29	24	0.00041	0.00382	0.00162
2001	 3	30	24	0.00394	0.02371	0.01092
2001	 3	31	24	0.00000	0.00231	0.00081
2001	 4	 1	24	0.00000	0.00000	0.00000
2001	 4	 2	24	0.00000	0.00000	0.00000
2001	 4	 3	24	0.01440	0.01058	0.01305
2001	 4	 4	24	0.06440	0.06163	0.06342
2001	 4	 5	24	0.00131	0.00000	0.00085
2001	 4	 6	24	0.01715	0.01948	0.01797
2001	 4	 7	24	0.04337	0.03528	0.04051
2001	 4	 8	24	0.02609	0.02265	0.02488
2001	 4	 9	24	0.00000	0.00000	0.00000
2001	 4	10	24	0.00064	0.00000	0.00041
2001	 4	11	24	0.00165	0.00184	0.00172
2001	 4	12	24	0.03588	0.03750	0.03645
2001	 4	13	24	0.04982	0.00000	0.03223
2001	 4	14	24	0.05089	0.00000	0.03292
2001	 4	15	24	0.06717	0.00124	0.04389
2001	 4	16	24	0.06428	0.04379	0.05704
2001	 4	17	24	0.01787	0.03206	0.02288
2001	 4	18	24	0.02568	0.04588	0.03281
2001	 4	19	24	0.00627	0.03962	0.01805
2001	 4	20	24	0.05025	0.05045	0.05032
2001	 4	21	24	0.06015	0.02331	0.04714
2001	 4	22	24	0.01113	0.01054	0.01093
2001	 4	23	24	0.00007	0.00060	0.00025
2001	 4	24	24	0.00000	0.00000	0.00000
2001	 4	25	24	0.06544	0.06591	0.06561
2001	 4	26	24	0.00001	0.00000	0.00001
2001	 4	27	24	0.02052	0.00522	0.01512
2001	 4	28	24	0.01447	0.00806	0.01221
2001	 4	29	24	0.00173	0.00155	0.00167
2001	 4	30	24	0.00000	0.00000	0.00000
2001	 5	 1	24	0.00000	0.00000	0.00000
2001	 5	 2	24	0.00000	0.00000	0.00000
2001	 5	 3	24	0.07852	0.02916	0.06109
2001	 5	 4	24	0.31567	0.28848	0.30607
2001	 5	 5	24	0.10147	0.07384	0.09172
2001	 5	 6	24	0.03165	0.01621	0.02620
2001	 5	 7	24	0.01019	0.00366	0.00788
2001	 5	 8	24	0.00355	0.00023	0.00238
2001	 5	 9	24	0.00000	0.00000	0.00000
2001	 5	10	24	0.00000	0.00000	0.00000
2001	 5	11	24	0.00000	0.00000	0.00000
2001	 5	12	24	0.00000	0.00000	0.00000
2001	 5	13	24	0.00000	0.00000	0.00000
2001	 5	14	24	0.00006	0.00036	0.00017
2001	 5	15	24	0.13587	0.06395	0.11048
2001	 5	16	24	0.00336	0.00107	0.00255
2001	 5	17	24	0.03789	0.02494	0.03332
2001	 5	18	24	0.00983	0.01613	0.01205
2001	 5	19	24	0.00051	0.00000	0.00033
2001	 5	20	24	0.00000	0.00000	0.00000
2001	 5	21	24	0.00000	0.00000	0.00000
2001	 5	22	24	0.00000	0.00000	0.00000
2001	 5	23	24	0.00000	0.00000	0.00000
2001	 5	24	24	0.00000	0.00000	0.00000
2001	 5	25	24	0.00000	0.00000	0.00000
2001	 5	26	24	0.00000	0.00000	0.00000
2001	 5	27	24	0.00607	0.00590	0.00601
2001	 5	28	24	0.10503	0.10884	0.10637
2001	 5	29	24	0.00010	0.00000	0.00006
2001	 5	30	24	0.00000	0.00000	0.00000
2001	 5	31	24	0.04725	0.06244	0.05262
2001	 6	 1	24	0.00258	0.00202	0.00238
2001	 6	 2	24	0.01762	0.03469	0.02365
2001	 6	 3	24	0.05050	0.05879	0.05343
2001	 6	 4	24	0.09533	0.13304	0.10865
2001	 6	 5	24	0.01805	0.00308	0.01277
2001	 6	 6	24	0.00031	0.00000	0.00020
2001	 6	 7	24	0.00358	0.00224	0.00311
2001	 6	 8	24	0.00369	0.00307	0.00347
2001	 6	 9	24	0.00000	0.00000	0.00000
2001	 6	10	24	0.05345	0.03993	0.04867
2001	 6	11	24	0.02405	0.01734	0.02168
2001	 6	12	24	0.00000	0.00000	0.00000
2001	 6	13	24	0.00000	0.00000	0.00000
2001	 6	14	24	0.00000	0.00000	0.00000
2001	 6	15	24	0.00567	0.00053	0.00386
2001	 6	16	24	0.01722	0.01444	0.01624
2001	 6	17	24	0.00638	0.00185	0.00478
2001	 6	18	24	0.05107	0.03297	0.04468
2001	 6	19	24	0.00000	0.00000	0.00000
2001	 6	20	24	0.00000	0.00000	0.00000
2001	 6	21	24	0.08994	0.06610	0.08152
2001	 6	22	24	0.03507	0.06144	0.04439
2001	 6	23	24	0.00166	0.00119	0.00149
2001	 6	24	24	0.00000	0.00000	0.00000
2001	 6	25	24	0.00000	0.00000	0.00000
2001	 6	26	24	0.00000	0.00000	0.00000
2001	 6	27	24	0.00000	0.00000	0.00000
2001	 6	28	24	0.01624	0.00698	0.01297
2001	 6	29	24	0.00000	0.00000	0.00000
2001	 6	30	24	0.03148	0.04557	0.03646
2001	 7	 1	24	0.00143	0.00680	0.00333
2001	 7	 2	24	0.00000	0.00000	0.00000
2001	 7	 3	24	0.00000	0.00000	0.00000
2001	 7	 4	24	0.00134	0.00029	0.00097
2001	 7	 5	24	0.00000	0.00000	0.00000
2001	 7	 6	24	0.00126	0.00063	0.00104
2001	 7	 7	24	0.22557	0.15459	0.20050
2001	 7	 8	24	0.04520	0.03763	0.04253
2001	 7	 9	24	0.02455	0.01699	0.02188
2001	 7	10	24	0.00320	0.00082	0.00236
2001	 7	11	24	0.00072	0.00078	0.00074
2001	 7	12	24	0.00012	0.00090	0.00040
2001	 7	13	24	0.00111	0.00135	0.00120
2001	 7	14	24	0.00000	0.00000	0.00000
2001	 7	15	24	0.11378	0.08308	0.10294
2001	 7	16	24	0.07988	0.04016	0.06585
2001	 7	17	24	0.04444	0.03527	0.04120
2001	 7	18	24	0.00494	0.01051	0.00691
2001	 7	19	24	0.00005	0.00048	0.00020
2001	 7	20	24	0.11395	0.13803	0.12245
2001	 7	21	24	0.00005	0.00000	0.00003
2001	 7	22	24	0.00000	0.00000	0.00000
2001	 7	23	24	0.00000	0.00000	0.00000
2001	 7	24	24	0.00000	0.00000	0.00000
2001	 7	25	24	0.00000	0.00000	0.00000
2001	 7	26	24	0.00000	0.00000	0.00000
2001	 7	27	24	0.00000	0.00000	0.00000
2001	 7	28	24	0.00000	0.00000	0.00000
2001	 7	29	24	0.00581	0.00125	0.00420
2001	 7	30	24	0.00000	0.00000	0.00000
2001	 7	31	24	0.01914	0.00872	0.01546
2001	 8	 1	24	0.00101	0.00028	0.00075
2001	 8	 2	24	0.00000	0.00000	0.00000
2001	 8	 3	24	0.00245	0.00114	0.00199
2001	 8	 4	24	0.02441	0.00370	0.01710
2001	 8	 5	24	0.00132	0.00027	0.00095
2001	 8	 6	24	0.00159	0.00087	0.00134
2001	 8	 7	24	0.00000	0.00000	0.00000
2001	 8	 8	24	0.00202	0.00059	0.00152
2001	 8	 9	24	0.00911	0.00313	0.00700
2001	 8	10	24	0.00030	0.00000	0.00019
2001	 8	11	24	0.00028	0.00051	0.00036
2001	 8	12	24	0.00000	0.00000	0.00000
2001	 8	13	24	0.00340	0.00198	0.00290
2001	 8	14	24	0.00000	0.00000	0.00000
2001	 8	15	24	0.00000	0.00000	0.00000
2001	 8	16	24	0.00478	0.00413	0.00455
2001	 8	17	24	0.09129	0.07806	0.08662
2001	 8	18	24	0.00000	0.00000	0.00000
2001	 8	19	24	0.19111	0.05557	0.14325
2001	 8	20	24	0.15314	0.14999	0.15203
2001	 8	21	24	0.02511	0.01583	0.02183
2001	 8	22	24	0.00304	0.00000	0.00197
2001	 8	23	24	0.00000	0.00000	0.00000
2001	 8	24	24	0.00000	0.00000	0.00000
2001	 8	25	24	0.00002	0.00026	0.00011
2001	 8	26	24	0.05203	0.10661	0.07131
2001	 8	27	24	0.03048	0.01452	0.02485
2001	 8	28	24	0.00096	0.00026	0.00071
2001	 8	29	24	0.00011	0.00000	0.00007
2001	 8	30	24	0.00108	0.00030	0.00081
2001	 8	31	24	0.05236	0.03940	0.04779
2001	 9	 1	24	0.21331	0.19545	0.20700
2001	 9	 2	24	0.00161	0.00002	0.00105
2001	 9	 3	24	0.02945	0.02738	0.02872
2001	 9	 4	24	0.00940	0.00208	0.00682
2001	 9	 5	24	0.00691	0.00108	0.00485
2001	 9	 6	24	0.00345	0.00204	0.00295
2001	 9	 7	24	0.11240	0.11717	0.11408
2001	 9	 8	24	0.05773	0.07206	0.06279
2001	 9	 9	24	0.13412	0.13306	0.13375
2001	 9	10	24	0.15687	0.20952	0.17546
2001	 9	11	24	0.02871	0.02750	0.02828
2001	 9	12	24	0.06511	0.06230	0.06412
2001	 9	13	24	0.07649	0.06708	0.07317
2001	 9	14	24	0.01388	0.02862	0.01909
2001	 9	15	24	0.01593	0.01188	0.01450
2001	 9	16	24	0.01128	0.01119	0.01125
2001	 9	17	24	0.01020	0.00527	0.00846
2001	 9	18	24	0.05188	0.05771	0.05394
2001	 9	19	24	0.03390	0.05773	0.04232
2001	 9	20	24	0.03911	0.03908	0.03910
2001	 9	21	24	0.03392	0.01805	0.02832
2001	 9	22	24	0.00270	0.00038	0.00188
2001	 9	23	24	0.02918	0.03888	0.03260
2001	 9	24	24	0.02800	0.03736	0.03130
2001	 9	25	24	0.03757	0.02056	0.03157
2001	 9	26	24	0.00934	0.00515	0.00786
2001	 9	27	24	0.02157	0.01862	0.02053
2001	 9	28	24	0.00747	0.00674	0.00721
2001	 9	29	24	0.00073	0.00058	0.00067
2001	 9	30	24	0.03927	0.02010	0.03250
2001	10	 1	24	0.09430	0.07507	0.08751
2001	10	 2	24	0.00015	0.00000	0.00010
2001	10	 3	24	0.10551	0.09687	0.10246
2001	10	 4	24	0.04075	0.02275	0.03440
2001	10	 5	24	0.00006	0.00000	0.00004
2001	10	 6	24	0.00006	0.00001	0.00004
2001	10	 7	24	0.00019	0.00020	0.00019
2001	10	 8	24	0.00404	0.00094	0.00294
2001	10	 9	24	0.00000	0.00000	0.00000
2001	10	10	24	0.00000	0.00000	0.00000
2001	10	11	24	0.00000	0.00000	0.00000
2001	10	12	24	0.00000	0.00000	0.00000
2001	10	13	24	0.00000	0.00000	0.00000
2001	10	14	24	0.00000	0.00000	0.00000
2001	10	15	24	0.00000	0.00000	0.00000
2001	10	16	24	0.00006	0.00000	0.00004
2001	10	17	24	0.00000	0.00000	0.00000
2001	10	18	24	0.00000	0.00000	0.00000
2001	10	19	24	0.00003	0.00036	0.00015
2001	10	20	24	0.00000	0.00000	0.00000
2001	10	21	24	0.04710	0.04763	0.04728
2001	10	22	24	0.04842	0.05032	0.04909
2001	10	23	24	0.00062	0.00000	0.00040
2001	10	24	24	0.03548	0.02841	0.03298
2001	10	25	24	0.00422	0.00196	0.00342
2001	10	26	24	0.00003	0.00036	0.00015
2001	10	27	24	0.02074	0.01716	0.01947
2001	10	28	24	0.05174	0.03163	0.04464
2001	10	29	24	0.00294	0.00178	0.00253
2001	10	30	24	0.00000	0.00000	0.00000
2001	10	31	24	0.01200	0.00802	0.01060
2001	11	 1	24	0.04569	0.05073	0.04747
2001	11	 2	24	0.02443	0.01745	0.02196
2001	11	 3	24	0.00000	0.00000	0.00000
2001	11	 4	24	0.00000	0.00000	0.00000
2001	11	 5	24	0.00322	0.00517	0.00391
2001	11	 6	24	0.02253	0.03002	0.02517
2001	11	 7	24	0.11759	0.07461	0.10241
2001	11	 8	24	0.24668	0.18852	0.22614
2001	11	 9	24	0.01248	0.00000	0.00807
2001	11	10	24	0.00382	0.00433	0.00400
2001	11	11	24	0.00013	0.00000	0.00009
2001	11	12	24	0.05518	0.03316	0.04740
2001	11	13	24	0.00571	0.00165	0.00428
2001	11	14	24	0.00012	0.00166	0.00067
2001	11	15	24	0.01464	0.00977	0.01292
2001	11	16	24	0.00020	0.00000	0.00013
2001	11	17	24	0.00063	0.00000	0.00041
2001	11	18	24	0.01077	0.00179	0.00760
2001	11	19	24	0.06759	0.05238	0.06222
2001	11	20	24	0.00300	0.00009	0.00197
2001	11	21	24	0.01275	0.01797	0.01459
2001	11	22	24	0.18864	0.13829	0.17086
2001	11	23	24	0.00793	0.00000	0.00513
2001	11	24	24	0.00452	0.00000	0.00293
2001	11	25	24	0.02427	0.00032	0.01582
2001	11	26	24	0.09317	0.09783	0.09482
2001	11	27	24	0.04474	0.02672	0.03838
2001	11	28	24	0.05938	0.02148	0.04599
2001	11	29	24	0.09694	0.04520	0.07867
2001	11	30	24	0.00200	0.01045	0.00499
2001	12	 1	24	0.00017	0.00000	0.00011
2001	12	 2	24	0.00238	0.01471	0.00673
2001	12	 3	24	0.00220	0.01551	0.00690
2001	12	 4	24	0.03777	0.00000	0.02443
2001	12	 5	24	0.28002	0.20344	0.25298
2001	12	 6	24	0.21226	0.16662	0.19614
2001	12	 7	24	0.01445	0.01263	0.01381
2001	12	 8	24	0.00000	0.00000	0.00000
2001	12	 9	24	0.00023	0.00002	0.00015
2001	12	10	24	0.02639	0.00308	0.01816
2001	12	11	24	0.03936	0.00249	0.02634
2001	12	12	24	0.06550	0.00000	0.04237
2001	12	13	24	0.00000	0.00000	0.00000
2001	12	14	24	0.00000	0.00000	0.00000
2001	12	15	24	0.00000	0.00000	0.00000
2001	12	16	24	0.00000	0.00000	0.00000
2001	12	17	24	0.00000	0.00000	0.00000
2001	12	18	24	0.00000	0.00000	0.00000
2001	12	19	24	0.07335	0.00000	0.04745
2001	12	20	24	0.00000	0.00000	0.00000
2001	12	21	24	0.00509	0.00000	0.00329
2001	12	22	24	0.02199	0.00000	0.01423
2001	12	23	24	0.00000	0.00000	0.00000
2001	12	24	24	0.00621	0.00000	0.00401
2001	12	25	24	0.08576	0.00000	0.05548
2001	12	26	24	0.03062	0.00000	0.01981
2001	12	27	24	0.05031	0.00000	0.03255
2001	12	28	24	0.12620	0.00000	0.08164
2001	12	29	24	0.05046	0.00000	0.03264
2001	12	30	24	0.01447	0.00000	0.00936
2001	12	31	24	0.00000	0.00000	0.00000
2002	 1	 1	24	0.00005	0.00000	0.00003
2002	 1	 2	24	0.00761	0.00000	0.00492
2002	 1	 3	24	0.00391	0.00000	0.00253
2002	 1	 4	24	0.01624	0.00000	0.01051
2002	 1	 5	24	0.03189	0.00000	0.02063
2002	 1	 6	24	0.04974	0.00000	0.03218
2002	 1	 7	24	0.02283	0.00000	0.01477
2002	 1	 8	24	0.01600	0.00000	0.01035
2002	 1	 9	24	0.04692	0.01873	0.03697
2002	 1	10	24	0.04375	0.03580	0.04094
2002	 1	11	24	0.04193	0.02155	0.03474
2002	 1	12	24	0.05364	0.00053	0.03488
2002	 1	13	24	0.02608	0.00072	0.01713
2002	 1	14	24	0.04332	0.00556	0.02998
2002	 1	15	24	0.00390	0.00000	0.00252
2002	 1	16	24	0.00907	0.00000	0.00587
2002	 1	17	24	0.01634	0.00000	0.01057
2002	 1	18	24	0.01829	0.00000	0.01183
2002	 1	19	24	0.07304	0.00114	0.04765
2002	 1	20	24	0.14196	0.05718	0.11203
2002	 1	21	24	0.12844	0.09436	0.11640
2002	 1	22	24	0.10209	0.06673	0.08960
2002	 1	23	24	0.09214	0.05105	0.07763
2002	 1	24	24	0.12613	0.09437	0.11491
2002	 1	25	24	0.06722	0.03239	0.05492
2002	 1	26	24	0.12946	0.07664	0.11081
2002	 1	27	24	0.21375	0.19034	0.20548
2002	 1	28	24	0.17559	0.14309	0.16411
2002	 1	29	24	0.12839	0.11963	0.12530
2002	 1	30	24	0.09481	0.11861	0.10321
2002	 1	31	24	0.05322	0.11769	0.07599
2002	 2	 1	24	0.03240	0.08447	0.05079
2002	 2	 2	24	0.03386	0.12670	0.06664
2002	 2	 3	24	0.01938	0.08456	0.04240
2002	 2	 4	24	0.01554	0.08075	0.03856
2002	 2	 5	24	0.02963	0.10907	0.05768
2002	 2	 6	24	0.01470	0.09189	0.04195
2002	 2	 7	24	0.01490	0.04955	0.02713
2002	 2	 8	24	0.00999	0.05534	0.02600
2002	 2	 9	24	0.10199	0.17319	0.12713
2002	 2	10	24	0.05187	0.07203	0.05899
2002	 2	11	24	0.03162	0.08978	0.05216
2002	 2	12	24	0.23012	0.25112	0.23753
2002	 2	13	24	0.02318	0.03135	0.02606
2002	 2	14	24	0.00000	0.00032	0.00011
2002	 2	15	24	0.00000	0.00116	0.00041
2002	 2	16	24	0.00000	0.00044	0.00015
2002	 2	17	24	0.00000	0.00000	0.00000
2002	 2	18	24	0.00000	0.00000	0.00000
2002	 2	19	24	0.08159	0.01621	0.05851
2002	 2	20	24	0.12813	0.07974	0.11104
2002	 2	21	24	0.00152	0.00000	0.00099
2002	 2	22	24	0.07700	0.00000	0.04981
2002	 2	23	24	0.11275	0.04019	0.08713
2002	 2	24	24	0.04628	0.00001	0.02994
2002	 2	25	24	0.09420	0.01088	0.06478
2002	 2	26	24	0.14993	0.09869	0.13183
2002	 2	27	24	0.13776	0.08665	0.11971
2002	 2	28	24	0.08739	0.04590	0.07274
2002	 3	 1	24	0.05427	0.04265	0.05017
2002	 3	 2	24	0.00463	0.00045	0.00315
2002	 3	 3	24	0.00853	0.00006	0.00554
2002	 3	 4	24	0.01255	0.02361	0.01645
2002	 3	 5	24	0.01600	0.06109	0.03192
2002	 3	 6	24	0.01747	0.09929	0.04636
2002	 3	 7	24	0.04678	0.10544	0.06749
2002	 3	 8	24	0.00383	0.05469	0.02179
2002	 3	 9	24	0.00316	0.06106	0.02360
2002	 3	10	24	0.00060	0.01041	0.00406
2002	 3	11	24	0.00000	0.00137	0.00048
2002	 3	12	24	0.00000	0.00000	0.00000
2002	 3	13	24	0.00084	0.00000	0.00054
2002	 3	14	24	0.01296	0.00379	0.00972
2002	 3	15	24	0.00091	0.00338	0.00179
2002	 3	16	24	0.00000	0.00000	0.00000
2002	 3	17	24	0.00000	0.00000	0.00000
2002	 3	18	24	0.01738	0.00089	0.01156
2002	 3	19	24	0.01464	0.02907	0.01974
2002	 3	20	24	0.09437	0.07980	0.08922
2002	 3	21	24	0.02005	0.02166	0.02062
2002	 3	22	24	0.07787	0.05372	0.06934
2002	 3	23	24	0.09577	0.00000	0.06195
2002	 3	24	24	0.03809	0.00000	0.02464
2002	 3	25	24	0.00545	0.00000	0.00353
2002	 3	26	24	0.00516	0.00000	0.00334
2002	 3	27	24	0.02441	0.00000	0.01579
2002	 3	28	24	0.06602	0.02938	0.05308
2002	 3	29	24	0.03838	0.09933	0.05990
2002	 3	30	24	0.01343	0.13382	0.05594
2002	 3	31	24	0.00010	0.00175	0.00068
2002	 4	 1	24	0.00000	0.00000	0.00000
2002	 4	 2	24	0.00000	0.00000	0.00000
2002	 4	 3	24	0.00000	0.00000	0.00000
2002	 4	 4	24	0.00000	0.00000	0.00000
2002	 4	 5	24	0.00000	0.00000	0.00000
2002	 4	 6	24	0.00076	0.00024	0.00058
2002	 4	 7	24	0.00000	0.00000	0.00000
2002	 4	 8	24	0.00000	0.00000	0.00000
2002	 4	 9	24	0.00000	0.00000	0.00000
2002	 4	10	24	0.00000	0.00000	0.00000
2002	 4	11	24	0.00164	0.00110	0.00145
2002	 4	12	24	0.00214	0.00320	0.00251
2002	 4	13	24	0.01245	0.00800	0.01088
2002	 4	14	24	0.18750	0.14614	0.17289
2002	 4	15	24	0.07468	0.05484	0.06767
2002	 4	16	24	0.00441	0.00023	0.00293
2002	 4	17	24	0.00000	0.00000	0.00000
2002	 4	18	24	0.00000	0.00000	0.00000
2002	 4	19	24	0.01546	0.00701	0.01248
2002	 4	20	24	0.00000	0.00000	0.00000
2002	 4	21	24	0.00000	0.00000	0.00000
2002	 4	22	24	0.00000	0.00000	0.00000
2002	 4	23	24	0.00007	0.00000	0.00005
2002	 4	24	24	0.00000	0.00000	0.00000
2002	 4	25	24	0.00000	0.00000	0.00000
2002	 4	26	24	0.05858	0.04180	0.05265
2002	 4	27	24	0.00525	0.00388	0.00477
2002	 4	28	24	0.00054	0.00093	0.00068
2002	 4	29	24	0.00224	0.00358	0.00271
2002	 4	30	24	0.00000	0.00000	0.00000
2002	 5	 1	24	0.00018	0.00076	0.00039
2002	 5	 2	24	0.00436	0.00284	0.00382
2002	 5	 3	24	0.00084	0.00014	0.00059
2002	 5	 4	24	0.00271	0.00070	0.00200
2002	 5	 5	24	0.13642	0.09635	0.12227
2002	 5	 6	24	0.05436	0.05594	0.05492
2002	 5	 7	24	0.00000	0.00000	0.00000
2002	 5	 8	24	0.00000	0.00000	0.00000
2002	 5	 9	24	0.00000	0.00000	0.00000
2002	 5	10	24	0.00169	0.00040	0.00124
2002	 5	11	24	0.02117	0.01396	0.01863
2002	 5	12	24	0.02229	0.02028	0.02158
2002	 5	13	24	0.00302	0.01341	0.00668
2002	 5	14	24	0.00000	0.00000	0.00000
2002	 5	15	24	0.00245	0.00000	0.00159
2002	 5	16	24	0.00000	0.00000	0.00000
2002	 5	17	24	0.00000	0.00000	0.00000
2002	 5	18	24	0.00000	0.00000	0.00000
2002	 5	19	24	0.02407	0.01008	0.01913
2002	 5	20	24	0.00000	0.00000	0.00000
2002	 5	21	24	0.00000	0.00000	0.00000
2002	 5	22	24	0.00000	0.00000	0.00000
2002	 5	23	24	0.05436	0.03354	0.04701
2002	 5	24	24	0.00000	0.00000	0.00000
2002	 5	25	24	0.08589	0.06849	0.07974
2002	 5	26	24	0.00872	0.00315	0.00675
2002	 5	27	24	0.02714	0.01457	0.02270
2002	 5	28	24	0.01036	0.00627	0.00891
2002	 5	29	24	0.00280	0.00239	0.00266
2002	 5	30	24	0.00063	0.00000	0.00041
2002	 5	31	24	0.00000	0.00000	0.00000
2002	 6	 1	24	0.00000	0.00000	0.00000
2002	 6	 2	24	0.00000	0.00000	0.00000
2002	 6	 3	24	0.00000	0.00000	0.00000
2002	 6	 4	24	0.00000	0.00000	0.00000
2002	 6	 5	24	0.02404	0.01512	0.02089
2002	 6	 6	24	0.02986	0.01071	0.02310
2002	 6	 7	24	0.36057	0.23614	0.31663
2002	 6	 8	24	0.18918	0.14281	0.17281
2002	 6	 9	24	0.00889	0.00098	0.00610
2002	 6	10	24	0.00114	0.00034	0.00086
2002	 6	11	24	0.00000	0.00000	0.00000
2002	 6	12	24	0.00028	0.00000	0.00018
2002	 6	13	24	0.05911	0.04619	0.05455
2002	 6	14	24	0.00438	0.00116	0.00324
2002	 6	15	24	0.03887	0.02458	0.03382
2002	 6	16	24	0.00051	0.00000	0.00033
2002	 6	17	24	0.00000	0.00000	0.00000
2002	 6	18	24	0.00000	0.00000	0.00000
2002	 6	19	24	0.00023	0.00000	0.00015
2002	 6	20	24	0.06647	0.02516	0.05188
2002	 6	21	24	0.04363	0.01769	0.03447
2002	 6	22	24	0.00000	0.00000	0.00000
2002	 6	23	24	0.00735	0.00648	0.00704
2002	 6	24	24	0.00000	0.00000	0.00000
2002	 6	25	24	0.00000	0.00000	0.00000
2002	 6	26	24	0.00000	0.00000	0.00000
2002	 6	27	24	0.00000	0.00000	0.00000
2002	 6	28	24	0.00160	0.00149	0.00156
2002	 6	29	24	0.00038	0.00000	0.00024
2002	 6	30	24	0.00000	0.00000	0.00000
2002	 7	 1	24	0.00385	0.00488	0.00421
2002	 7	 2	24	0.05357	0.05543	0.05423
2002	 7	 3	24	0.03078	0.02811	0.02984
2002	 7	 4	24	0.00326	0.00114	0.00251
2002	 7	 5	24	0.00000	0.00000	0.00000
2002	 7	 6	24	0.05109	0.02827	0.04304
2002	 7	 7	24	0.00000	0.00000	0.00000
2002	 7	 8	24	0.00000	0.00000	0.00000
2002	 7	 9	24	0.00000	0.00000	0.00000
2002	 7	10	24	0.04432	0.01461	0.03383
2002	 7	11	24	0.00012	0.00000	0.00008
2002	 7	12	24	0.00000	0.00000	0.00000
2002	 7	13	24	0.12049	0.09999	0.11325
2002	 7	14	24	0.00000	0.00000	0.00000
2002	 7	15	24	0.00034	0.00000	0.00022
2002	 7	16	24	0.15514	0.10484	0.13738
2002	 7	17	24	0.01824	0.01965	0.01874
2002	 7	18	24	0.00216	0.00220	0.00218
2002	 7	19	24	0.00074	0.00000	0.00048
2002	 7	20	24	0.00000	0.00000	0.00000
2002	 7	21	24	0.00198	0.00670	0.00365
2002	 7	22	24	0.00001	0.00000	0.00001
2002	 7	23	24	0.00000	0.00000	0.00000
2002	 7	24	24	0.00111	0.00120	0.00114
2002	 7	25	24	0.00122	0.00043	0.00094
2002	 7	26	24	0.00426	0.00281	0.00375
2002	 7	27	24	0.00000	0.00000	0.00000
2002	 7	28	24	0.00000	0.00000	0.00000
2002	 7	29	24	0.00000	0.00000	0.00000
2002	 7	30	24	0.00000	0.00000	0.00000
2002	 7	31	24	0.01221	0.00858	0.01093
2002	 8	 1	24	0.33481	0.04122	0.23114
2002	 8	 2	24	0.00000	0.00000	0.00000
2002	 8	 3	24	0.00000	0.00000	0.00000
2002	 8	 4	24	0.08699	0.10237	0.09242
2002	 8	 5	24	0.00879	0.00306	0.00677
2002	 8	 6	24	0.02116	0.01741	0.01984
2002	 8	 7	24	0.11827	0.08773	0.10749
2002	 8	 8	24	0.07935	0.03507	0.06371
2002	 8	 9	24	0.00000	0.00000	0.00000
2002	 8	10	24	0.00000	0.00000	0.00000
2002	 8	11	24	0.26326	0.42723	0.32116
2002	 8	12	24	36.44119	34.90030	35.89709
2002	 8	13	24	0.15302	0.18475	0.16422
2002	 8	14	24	0.01474	0.00706	0.01203
2002	 8	15	24	0.02401	0.00801	0.01836
2002	 8	16	24	0.00113	0.00031	0.00084
2002	 8	17	24	0.09852	0.00440	0.06529
2002	 8	18	24	0.01175	0.00041	0.00774
2002	 8	19	24	0.00000	0.00000	0.00000
2002	 8	20	24	0.00000	0.00000	0.00000
2002	 8	21	24	0.00110	0.00536	0.00261
2002	 8	22	24	0.00038	0.00004	0.00026
2002	 8	23	24	0.00000	0.00000	0.00000
2002	 8	24	24	0.00000	0.00000	0.00000
2002	 8	25	24	0.00000	0.00000	0.00000
2002	 8	26	24	0.00000	0.00000	0.00000
2002	 8	27	24	0.00000	0.00000	0.00000
2002	 8	28	24	0.00000	0.00000	0.00000
2002	 8	29	24	0.00002	0.00000	0.00001
2002	 8	30	24	0.00000	0.00000	0.00000
2002	 8	31	24	0.03615	0.04439	0.03906
2002	 9	 1	24	0.00151	0.00219	0.00175
2002	 9	 2	24	0.00000	0.00000	0.00000
2002	 9	 3	24	0.00000	0.00000	0.00000
2002	 9	 4	24	0.00000	0.00000	0.00000
2002	 9	 5	24	0.12104	0.12906	0.12387
2002	 9	 6	24	0.00000	0.00000	0.00000
2002	 9	 7	24	0.00032	0.00000	0.00021
2002	 9	 8	24	0.00000	0.00000	0.00000
2002	 9	 9	24	0.00000	0.00000	0.00000
2002	 9	10	24	0.06652	0.03022	0.05370
2002	 9	11	24	0.00000	0.00000	0.00000
2002	 9	12	24	0.00000	0.00000	0.00000
2002	 9	13	24	0.00000	0.00000	0.00000
2002	 9	14	24	0.05651	0.06493	0.05949
2002	 9	15	24	0.07465	0.03332	0.06006
2002	 9	16	24	0.01263	0.00896	0.01134
2002	 9	17	24	0.00633	0.00415	0.00556
2002	 9	18	24	0.00056	0.00000	0.00036
2002	 9	19	24	0.00000	0.00000	0.00000
2002	 9	20	24	0.00000	0.00000	0.00000
2002	 9	21	24	0.00111	0.00115	0.00112
2002	 9	22	24	0.08219	0.10722	0.09103
2002	 9	23	24	0.04317	0.01686	0.03388
2002	 9	24	24	0.00538	0.00946	0.00682
2002	 9	25	24	0.00337	0.00421	0.00367
2002	 9	26	24	0.24278	0.19189	0.22481
2002	 9	27	24	0.02991	0.01695	0.02533
2002	 9	28	24	0.00000	0.00000	0.00000
2002	 9	29	24	0.00000	0.00000	0.00000
2002	 9	30	24	0.00000	0.00000	0.00000
2002	10	 1	24	0.00000	0.00000	0.00000
2002	10	 2	24	0.00000	0.00000	0.00000
2002	10	 3	24	0.02486	0.02458	0.02476
2002	10	 4	24	0.01147	0.00743	0.01005
2002	10	 5	24	0.07309	0.06674	0.07085
2002	10	 6	24	0.15099	0.13352	0.14482
2002	10	 7	24	0.04690	0.03939	0.04425
2002	10	 8	24	0.02951	0.01972	0.02605
2002	10	 9	24	0.00088	0.00000	0.00057
2002	10	10	24	0.00000	0.00000	0.00000
2002	10	11	24	0.00000	0.00000	0.00000
2002	10	12	24	0.00110	0.00121	0.00114
2002	10	13	24	0.00235	0.00058	0.00172
2002	10	14	24	0.00000	0.00000	0.00000
2002	10	15	24	0.06106	0.06425	0.06219
2002	10	16	24	0.08921	0.06228	0.07970
2002	10	17	24	0.00320	0.00953	0.00543
2002	10	18	24	0.00519	0.00711	0.00587
2002	10	19	24	0.06167	0.05580	0.05960
2002	10	20	24	0.00020	0.00000	0.00013
2002	10	21	24	0.06032	0.04991	0.05664
2002	10	22	24	0.06708	0.06534	0.06646
2002	10	23	24	0.01116	0.01204	0.01147
2002	10	24	24	0.00140	0.00048	0.00107
2002	10	25	24	0.13431	0.18234	0.15127
2002	10	26	24	0.00027	0.00036	0.00030
2002	10	27	24	0.07754	0.09771	0.08466
2002	10	28	24	0.06841	0.08067	0.07274
2002	10	29	24	0.00364	0.00249	0.00324
2002	10	30	24	0.00030	0.00309	0.00129
2002	10	31	24	0.00608	0.00639	0.00619
2002	11	 1	24	0.02786	0.01563	0.02354
2002	11	 2	24	0.07707	0.07278	0.07556
2002	11	 3	24	0.08321	0.01004	0.05737
2002	11	 4	24	0.03835	0.00652	0.02711
2002	11	 5	24	0.00443	0.00000	0.00286
2002	11	 6	24	0.00484	0.00000	0.00313
2002	11	 7	24	0.02427	0.00000	0.01570
2002	11	 8	24	0.20823	0.01816	0.14112
2002	11	 9	24	0.09658	0.05908	0.08334
2002	11	10	24	0.05133	0.02559	0.04224
2002	11	11	24	0.08084	0.07773	0.07974
2002	11	12	24	0.02500	0.08175	0.04504
2002	11	13	24	0.01505	0.06592	0.03301
2002	11	14	24	0.01425	0.06035	0.03053
2002	11	15	24	0.01674	0.11088	0.04998
2002	11	16	24	0.01708	0.15119	0.06444
2002	11	17	24	0.00704	0.10594	0.04196
2002	11	18	24	0.04833	0.10447	0.06816
2002	11	19	24	0.31047	0.24394	0.28697
2002	11	20	24	0.00000	0.00364	0.00128
2002	11	21	24	0.00000	0.00433	0.00153
2002	11	22	24	0.18220	0.16170	0.17496
2002	11	23	24	0.03960	0.05222	0.04406
2002	11	24	24	0.00001	0.00000	0.00000
2002	11	25	24	0.00075	0.00143	0.00099
2002	11	26	24	0.00000	0.00000	0.00000
2002	11	27	24	0.01552	0.04234	0.02499
2002	11	28	24	0.00742	0.00530	0.00667
2002	11	29	24	0.14682	0.13595	0.14298
2002	11	30	24	0.16687	0.10068	0.14350
2002	12	 1	24	0.00151	0.01599	0.00662
2002	12	 2	24	0.00307	0.00429	0.00350
2002	12	 3	24	0.00667	0.00350	0.00555
2002	12	 4	24	0.00176	0.00394	0.00253
2002	12	 5	24	0.00564	0.00803	0.00648
2002	12	 6	24	0.00000	0.00000	0.00000
2002	12	 7	24	0.00000	0.00000	0.00000
2002	12	 8	24	0.00014	0.00000	0.00009
2002	12	 9	24	0.00000	0.00000	0.00000
2002	12	10	24	0.00000	0.00000	0.00000
2002	12	11	24	0.00000	0.00000	0.00000
2002	12	12	24	0.00020	0.00000	0.00013
2002	12	13	24	0.00055	0.00000	0.00035
2002	12	14	24	0.00000	0.00000	0.00000
2002	12	15	24	0.00000	0.00000	0.00000
2002	12	16	24	0.01096	0.00000	0.00709
2002	12	17	24	0.02604	0.00000	0.01684
2002	12	18	24	0.00000	0.00000	0.00000
2002	12	19	24	0.00994	0.00000	0.00643
2002	12	20	24	0.02483	0.00000	0.01606
2002	12	21	24	0.01836	0.00000	0.01188
2002	12	22	24	0.04100	0.00000	0.02652
2002	12	23	24	0.00575	0.00000	0.00372
2002	12	24	24	0.00007	0.00000	0.00004
2002	12	25	24	0.01710	0.00000	0.01106
2002	12	26	24	0.02440	0.00000	0.01579
2002	12	27	24	0.03971	0.00000	0.02569
2002	12	28	24	0.06188	0.00000	0.04003
2002	12	29	24	0.22346	0.07696	0.17173
2002	12	30	24	0.32929	0.23746	0.29686
2002	12	31	24	0.00000	0.00000	0.00000
2003	 1	 1	24	0.00982	0.00000	0.00635
2003	 1	 2	24	0.33244	0.27849	0.31339
2003	 1	 3	24	0.16751	0.14906	0.16099
2003	 1	 4	24	0.00030	0.00000	0.00020
2003	 1	 5	24	0.00000	0.00000	0.00000
2003	 1	 6	24	0.00000	0.00000	0.00000
2003	 1	 7	24	0.00000	0.00000	0.00000
2003	 1	 8	24	0.00000	0.00000	0.00000
2003	 1	 9	24	0.00216	0.00000	0.00140
2003	 1	10	24	0.00000	0.00000	0.00000
2003	 1	11	24	0.00000	0.00000	0.00000
2003	 1	12	24	0.00000	0.00000	0.00000
2003	 1	13	24	0.03654	0.00000	0.02364
2003	 1	14	24	0.08416	0.02956	0.06488
2003	 1	15	24	0.05583	0.01761	0.04233
2003	 1	16	24	0.05203	0.01164	0.03777
2003	 1	17	24	0.04319	0.02204	0.03572
2003	 1	18	24	0.02736	0.01443	0.02280
2003	 1	19	24	0.02008	0.00479	0.01468
2003	 1	20	24	0.02345	0.01843	0.02168
2003	 1	21	24	0.00628	0.00000	0.00406
2003	 1	22	24	0.00762	0.00000	0.00493
2003	 1	23	24	0.13460	0.05220	0.10551
2003	 1	24	24	0.03125	0.00849	0.02321
2003	 1	25	24	0.02013	0.00000	0.01302
2003	 1	26	24	0.01263	0.00000	0.00817
2003	 1	27	24	0.12489	0.15704	0.13624
2003	 1	28	24	0.10601	0.11470	0.10908
2003	 1	29	24	0.04493	0.00000	0.02907
2003	 1	30	24	0.01390	0.00000	0.00899
2003	 1	31	24	0.00000	0.00000	0.00000
2003	 2	 1	24	0.00082	0.00000	0.00053
2003	 2	 2	24	0.00463	0.00000	0.00300
2003	 2	 3	24	0.04972	0.00000	0.03216
2003	 2	 4	24	0.03141	0.00000	0.02032
2003	 2	 5	24	0.03806	0.00000	0.02462
2003	 2	 6	24	0.00000	0.00000	0.00000
2003	 2	 7	24	0.01598	0.00000	0.01034
2003	 2	 8	24	0.00157	0.00000	0.00102
2003	 2	 9	24	0.00205	0.00000	0.00133
2003	 2	10	24	0.01062	0.00000	0.00687
2003	 2	11	24	0.01845	0.00000	0.01193
2003	 2	12	24	0.02776	0.00000	0.01795
2003	 2	13	24	0.02553	0.00000	0.01652
2003	 2	14	24	0.01879	0.00000	0.01216
2003	 2	15	24	0.00000	0.00000	0.00000
2003	 2	16	24	0.00000	0.00000	0.00000
2003	 2	17	24	0.00143	0.00000	0.00092
2003	 2	18	24	0.00001	0.00000	0.00000
2003	 2	19	24	0.00011	0.00000	0.00007
2003	 2	20	24	0.03424	0.00683	0.02456
2003	 2	21	24	0.04134	0.02479	0.03550
2003	 2	22	24	0.01812	0.01379	0.01659
2003	 2	23	24	0.01268	0.02068	0.01550
2003	 2	24	24	0.01508	0.04452	0.02547
2003	 2	25	24	0.01385	0.05061	0.02683
2003	 2	26	24	0.00792	0.02765	0.01488
2003	 2	27	24	0.01119	0.04949	0.02471
2003	 2	28	24	0.01552	0.08921	0.04154
2003	 3	 1	24	0.01348	0.09021	0.04057
2003	 3	 2	24	0.00701	0.04720	0.02120
2003	 3	 3	24	0.00660	0.04038	0.01853
2003	 3	 4	24	0.00174	0.01606	0.00679
2003	 3	 5	24	0.00238	0.02301	0.00967
2003	 3	 6	24	0.04120	0.01192	0.03086
2003	 3	 7	24	0.03556	0.00937	0.02632
2003	 3	 8	24	0.02116	0.04107	0.02819
2003	 3	 9	24	0.00919	0.06203	0.02785
2003	 3	10	24	0.00764	0.12361	0.04859
2003	 3	11	24	0.06960	0.13576	0.09296
2003	 3	12	24	0.08092	0.11456	0.09280
2003	 3	13	24	0.00900	0.00714	0.00834
2003	 3	14	24	0.00116	0.00006	0.00077
2003	 3	15	24	0.00000	0.00475	0.00168
2003	 3	16	24	0.00000	0.00891	0.00315
2003	 3	17	24	0.00000	0.00290	0.00102
2003	 3	18	24	0.00000	0.00289	0.00102
2003	 3	19	24	0.00000	0.00207	0.00073
2003	 3	20	24	0.00000	0.00000	0.00000
2003	 3	21	24	0.00000	0.00006	0.00002
2003	 3	22	24	0.00000	0.00000	0.00000
2003	 3	23	24	0.00000	0.00000	0.00000
2003	 3	24	24	0.00000	0.00000	0.00000
2003	 3	25	24	0.00008	0.00033	0.00017
2003	 3	26	24	0.00000	0.00000	0.00000
2003	 3	27	24	0.00249	0.00122	0.00204
2003	 3	28	24	0.00000	0.00000	0.00000
2003	 3	29	24	0.00000	0.00000	0.00000
2003	 3	30	24	0.00000	0.00000	0.00000
2003	 3	31	24	0.00000	0.00000	0.00000
2003	 4	 1	24	0.01293	0.00308	0.00945
2003	 4	 2	24	0.02953	0.01105	0.02300
2003	 4	 3	24	0.02388	0.01629	0.02120
2003	 4	 4	24	0.00000	0.00000	0.00000
2003	 4	 5	24	0.00370	0.01766	0.00863
2003	 4	 6	24	0.03264	0.00000	0.02112
2003	 4	 7	24	0.00489	0.00000	0.00316
2003	 4	 8	24	0.01245	0.00000	0.00805
2003	 4	 9	24	0.00459	0.00000	0.00297
2003	 4	10	24	0.01203	0.02662	0.01719
2003	 4	11	24	0.00423	0.01507	0.00806
2003	 4	12	24	0.00124	0.02816	0.01074
2003	 4	13	24	0.00000	0.00000	0.00000
2003	 4	14	24	0.00000	0.00000	0.00000
2003	 4	15	24	0.00000	0.00000	0.00000
2003	 4	16	24	0.00000	0.00000	0.00000
2003	 4	17	24	0.00000	0.00000	0.00000
2003	 4	18	24	0.15878	0.09340	0.13569
2003	 4	19	24	0.19836	0.15666	0.18364
2003	 4	20	24	0.00000	0.00000	0.00000
2003	 4	21	24	0.00000	0.00000	0.00000
2003	 4	22	24	0.00000	0.00000	0.00000
2003	 4	23	24	0.00000	0.00000	0.00000
2003	 4	24	24	0.00000	0.00000	0.00000
2003	 4	25	24	0.00000	0.00000	0.00000
2003	 4	26	24	0.02553	0.01759	0.02272
2003	 4	27	24	0.01184	0.00291	0.00869
2003	 4	28	24	0.00044	0.00000	0.00029
2003	 4	29	24	0.00000	0.00000	0.00000
2003	 4	30	24	0.00000	0.00000	0.00000
2003	 5	 1	24	0.00000	0.00000	0.00000
2003	 5	 2	24	0.00000	0.00000	0.00000
2003	 5	 3	24	0.00000	0.00000	0.00000
2003	 5	 4	24	0.00000	0.00000	0.00000
2003	 5	 5	24	0.00000	0.00000	0.00000
2003	 5	 6	24	0.00000	0.00000	0.00000
2003	 5	 7	24	0.00000	0.00000	0.00000
2003	 5	 8	24	0.10686	0.06725	0.09287
2003	 5	 9	24	0.01161	0.01991	0.01454
2003	 5	10	24	0.00069	0.00062	0.00067
2003	 5	11	24	0.00000	0.00000	0.00000
2003	 5	12	24	0.00526	0.01338	0.00812
2003	 5	13	24	0.02292	0.00134	0.01530
2003	 5	14	24	0.00014	0.00028	0.00019
2003	 5	15	24	0.00514	0.01208	0.00759
2003	 5	16	24	0.00010	0.00000	0.00006
2003	 5	17	24	0.00939	0.00258	0.00699
2003	 5	18	24	0.05017	0.04884	0.04970
2003	 5	19	24	0.06398	0.05897	0.06221
2003	 5	20	24	0.00017	0.00117	0.00052
2003	 5	21	24	0.00000	0.00000	0.00000
2003	 5	22	24	0.00000	0.00000	0.00000
2003	 5	23	24	0.00000	0.00000	0.00000
2003	 5	24	24	0.00000	0.00000	0.00000
2003	 5	25	24	0.00020	0.00000	0.00013
2003	 5	26	24	0.06242	0.04170	0.05511
2003	 5	27	24	0.00000	0.00000	0.00000
2003	 5	28	24	0.00000	0.00000	0.00000
2003	 5	29	24	0.00000	0.00000	0.00000
2003	 5	30	24	0.00121	0.00000	0.00079
2003	 5	31	24	0.00383	0.00296	0.00352
2003	 6	 1	24	0.00000	0.00000	0.00000
2003	 6	 2	24	0.00000	0.00000	0.00000
2003	 6	 3	24	0.00000	0.00000	0.00000
2003	 6	 4	24	0.00000	0.00000	0.00000
2003	 6	 5	24	0.05401	0.00531	0.03682
2003	 6	 6	24	0.00066	0.00000	0.00043
2003	 6	 7	24	0.00000	0.00000	0.00000
2003	 6	 8	24	0.00299	0.01283	0.00647
2003	 6	 9	24	0.00000	0.00000	0.00000
2003	 6	10	24	0.00002	0.00024	0.00010
2003	 6	11	24	0.00038	0.00000	0.00024
2003	 6	12	24	0.06384	0.07295	0.06706
2003	 6	13	24	0.00000	0.00000	0.00000
2003	 6	14	24	0.00000	0.00000	0.00000
2003	 6	15	24	0.00000	0.00000	0.00000
2003	 6	16	24	0.00000	0.00000	0.00000
2003	 6	17	24	0.00000	0.00000	0.00000
2003	 6	18	24	0.02829	0.02087	0.02567
2003	 6	19	24	0.01513	0.00689	0.01222
2003	 6	20	24	0.00000	0.00000	0.00000
2003	 6	21	24	0.00000	0.00000	0.00000
2003	 6	22	24	0.00000	0.00000	0.00000
2003	 6	23	24	0.02734	0.04723	0.03436
2003	 6	24	24	0.00000	0.00000	0.00000
2003	 6	25	24	0.00000	0.00000	0.00000
2003	 6	26	24	0.00000	0.00000	0.00000
2003	 6	27	24	0.00000	0.00000	0.00000
2003	 6	28	24	0.00000	0.00000	0.00000
2003	 6	29	24	0.00282	0.00180	0.00246
2003	 6	30	24	0.09669	0.10459	0.09948
2003	 7	 1	24	0.10159	0.09461	0.09912
2003	 7	 2	24	0.00246	0.00000	0.00159
2003	 7	 3	24	0.01490	0.01470	0.01483
2003	 7	 4	24	0.03363	0.04117	0.03629
2003	 7	 5	24	0.01619	0.02502	0.01931
2003	 7	 6	24	0.00187	0.00292	0.00224
2003	 7	 7	24	0.00000	0.00000	0.00000
2003	 7	 8	24	0.00000	0.00000	0.00000
2003	 7	 9	24	0.01972	0.00485	0.01447
2003	 7	10	24	0.00000	0.00000	0.00000
2003	 7	11	24	0.00051	0.00058	0.00053
2003	 7	12	24	0.00022	0.00000	0.00014
2003	 7	13	24	0.00000	0.00000	0.00000
2003	 7	14	24	0.00000	0.00000	0.00000
2003	 7	15	24	0.00000	0.00000	0.00000
2003	 7	16	24	0.00039	0.00000	0.00025
2003	 7	17	24	0.05457	0.03973	0.04933
2003	 7	18	24	0.00000	0.00000	0.00000
2003	 7	19	24	0.00000	0.00000	0.00000
2003	 7	20	24	0.00000	0.00000	0.00000
2003	 7	21	24	0.00336	0.00456	0.00378
2003	 7	22	24	0.00083	0.00033	0.00065
2003	 7	23	24	0.01696	0.00990	0.01447
2003	 7	24	24	0.13982	0.12230	0.13363
2003	 7	25	24	0.00029	0.00000	0.00019
2003	 7	26	24	0.00116	0.00459	0.00237
2003	 7	27	24	0.09869	0.22321	0.14266
2003	 7	28	24	0.05129	0.02009	0.04027
2003	 7	29	24	0.00038	0.00000	0.00025
2003	 7	30	24	0.00000	0.00000	0.00000
2003	 7	31	24	0.00061	0.00016	0.00045
2003	 8	 1	24	0.00272	0.00007	0.00178
2003	 8	 2	24	0.00000	0.00000	0.00000
2003	 8	 3	24	0.00000	0.00000	0.00000
2003	 8	 4	24	0.00000	0.00000	0.00000
2003	 8	 5	24	0.00000	0.00000	0.00000
2003	 8	 6	24	0.00000	0.00000	0.00000
2003	 8	 7	24	0.00000	0.00000	0.00000
2003	 8	 8	24	0.00000	0.00000	0.00000
2003	 8	 9	24	0.00000	0.00000	0.00000
2003	 8	10	24	0.00000	0.00000	0.00000
2003	 8	11	24	0.00000	0.00000	0.00000
2003	 8	12	24	0.00000	0.00000	0.00000
2003	 8	13	24	0.03294	0.02814	0.03124
2003	 8	14	24	0.00561	0.00153	0.00417
2003	 8	15	24	0.00000	0.00000	0.00000
2003	 8	16	24	0.00000	0.00000	0.00000
2003	 8	17	24	0.00000	0.00000	0.00000
2003	 8	18	24	0.00198	0.00124	0.00172
2003	 8	19	24	0.01220	0.01314	0.01253
2003	 8	20	24	0.00000	0.00000	0.00000
2003	 8	21	24	0.00000	0.00000	0.00000
2003	 8	22	24	0.00000	0.00000	0.00000
2003	 8	23	24	0.00175	0.00098	0.00148
2003	 8	24	24	0.00000	0.00000	0.00000
2003	 8	25	24	0.00000	0.00000	0.00000
2003	 8	26	24	0.00000	0.00000	0.00000
2003	 8	27	24	0.00000	0.00000	0.00000
2003	 8	28	24	0.00432	0.00239	0.00364
2003	 8	29	24	0.02037	0.00993	0.01668
2003	 8	30	24	0.00279	0.00055	0.00200
2003	 8	31	24	0.00592	0.00197	0.00452
2003	 9	 1	24	0.02512	0.01620	0.02197
2003	 9	 2	24	0.01137	0.00423	0.00885
2003	 9	 3	24	0.00000	0.00000	0.00000
2003	 9	 4	24	0.00000	0.00000	0.00000
2003	 9	 5	24	0.00000	0.00000	0.00000
2003	 9	 6	24	0.00000	0.00000	0.00000
2003	 9	 7	24	0.00000	0.00000	0.00000
2003	 9	 8	24	0.00000	0.00000	0.00000
2003	 9	 9	24	0.02270	0.01843	0.02119
2003	 9	10	24	0.04591	0.04333	0.04500
2003	 9	11	24	0.05003	0.02749	0.04207
2003	 9	12	24	0.06112	0.03063	0.05035
2003	 9	13	24	0.04414	0.02340	0.03682
2003	 9	14	24	0.00037	0.00000	0.00024
2003	 9	15	24	0.00000	0.00000	0.00000
2003	 9	16	24	0.00000	0.00000	0.00000
2003	 9	17	24	0.00000	0.00000	0.00000
2003	 9	18	24	0.00000	0.00000	0.00000
2003	 9	19	24	0.00000	0.00000	0.00000
2003	 9	20	24	0.00000	0.00000	0.00000
2003	 9	21	24	0.00000	0.00000	0.00000
2003	 9	22	24	0.00000	0.00000	0.00000
2003	 9	23	24	0.00353	0.00087	0.00259
2003	 9	24	24	0.00000	0.00000	0.00000
2003	 9	25	24	0.00000	0.00000	0.00000
2003	 9	26	24	0.00000	0.00000	0.00000
2003	 9	27	24	0.00000	0.00000	0.00000
2003	 9	28	24	0.01356	0.00868	0.01184
2003	 9	29	24	0.00315	0.00238	0.00288
2003	 9	30	24	0.00003	0.00033	0.00014
2003	10	 1	24	0.00000	0.00000	0.00000
2003	10	 2	24	0.00922	0.00631	0.00819
2003	10	 3	24	0.00743	0.00925	0.00807
2003	10	 4	24	0.01358	0.01558	0.01428
2003	10	 5	24	0.03884	0.03103	0.03608
2003	10	 6	24	0.04554	0.02458	0.03814
2003	10	 7	24	0.09433	0.07638	0.08799
2003	10	 8	24	0.25717	0.26935	0.26147
2003	10	 9	24	0.04385	0.05253	0.04692
2003	10	10	24	0.00885	0.01715	0.01178
2003	10	11	24	0.02267	0.01603	0.02032
2003	10	12	24	0.00000	0.00003	0.00001
2003	10	13	24	0.00010	0.00000	0.00006
2003	10	14	24	0.00117	0.00041	0.00090
2003	10	15	24	0.00191	0.00067	0.00147
2003	10	16	24	0.00000	0.00000	0.00000
2003	10	17	24	0.00000	0.00000	0.00000
2003	10	18	24	0.00000	0.00000	0.00000
2003	10	19	24	0.00000	0.00000	0.00000
2003	10	20	24	0.00000	0.00000	0.00000
2003	10	21	24	0.05261	0.01136	0.03805
2003	10	22	24	0.01505	0.00576	0.01177
2003	10	23	24	0.00282	0.00145	0.00234
2003	10	24	24	0.00088	0.00000	0.00057
2003	10	25	24	0.01933	0.01540	0.01794
2003	10	26	24	0.00847	0.01558	0.01098
2003	10	27	24	0.00012	0.00188	0.00074
2003	10	28	24	0.00000	0.00000	0.00000
2003	10	29	24	0.08485	0.05175	0.07316
2003	10	30	24	0.02316	0.02933	0.02534
2003	10	31	24	0.00081	0.01948	0.00740
2003	11	 1	24	0.00019	0.00000	0.00012
2003	11	 2	24	0.00006	0.00000	0.00004
2003	11	 3	24	0.01062	0.01205	0.01113
2003	11	 4	24	0.00000	0.00000	0.00000
2003	11	 5	24	0.00000	0.00000	0.00000
2003	11	 6	24	0.00000	0.00000	0.00000
2003	11	 7	24	0.00000	0.00000	0.00000
2003	11	 8	24	0.00000	0.00000	0.00000
2003	11	 9	24	0.00000	0.00000	0.00000
2003	11	10	24	0.00000	0.00000	0.00000
2003	11	11	24	0.00000	0.00000	0.00000
2003	11	12	24	0.00000	0.00000	0.00000
2003	11	13	24	0.00000	0.00000	0.00000
2003	11	14	24	0.00023	0.00000	0.00015
2003	11	15	24	0.00000	0.00000	0.00000
2003	11	16	24	0.03740	0.02862	0.03430
2003	11	17	24	0.03849	0.05594	0.04465
2003	11	18	24	0.01056	0.01956	0.01374
2003	11	19	24	0.00001	0.00000	0.00001
2003	11	20	24	0.00000	0.00000	0.00000
2003	11	21	24	0.00000	0.00000	0.00000
2003	11	22	24	0.00000	0.00000	0.00000
2003	11	23	24	0.00000	0.00000	0.00000
2003	11	24	24	0.00004	0.00039	0.00016
2003	11	25	24	0.00133	0.00000	0.00086
2003	11	26	24	0.01083	0.01055	0.01073
2003	11	27	24	0.00009	0.00000	0.00006
2003	11	28	24	0.04572	0.03089	0.04048
2003	11	29	24	0.04552	0.03910	0.04325
2003	11	30	24	0.00029	0.00266	0.00112
2003	12	 1	24	0.00000	0.00000	0.00000
2003	12	 2	24	0.00044	0.00168	0.00088
2003	12	 3	24	0.00012	0.00170	0.00068
2003	12	 4	24	0.00101	0.00000	0.00065
2003	12	 5	24	0.02481	0.01810	0.02244
2003	12	 6	24	0.05695	0.04537	0.05286
2003	12	 7	24	0.00163	0.00356	0.00231
2003	12	 8	24	0.00233	0.02133	0.00904
2003	12	 9	24	0.00069	0.01814	0.00685
2003	12	10	24	0.00000	0.00437	0.00154
2003	12	11	24	0.02166	0.01563	0.01953
2003	12	12	24	0.03690	0.00242	0.02473
2003	12	13	24	0.15484	0.19038	0.16739
2003	12	14	24	0.15978	0.17579	0.16544
2003	12	15	24	0.01114	0.00000	0.00721
2003	12	16	24	0.00438	0.00000	0.00283
2003	12	17	24	0.03817	0.00000	0.02469
2003	12	18	24	0.05892	0.03899	0.05188
2003	12	19	24	0.01903	0.03337	0.02410
2003	12	20	24	0.00934	0.03124	0.01708
2003	12	21	24	0.03949	0.02690	0.03505
2003	12	22	24	0.02962	0.00000	0.01916
2003	12	23	24	0.03945	0.00038	0.02565
2003	12	24	24	0.03035	0.00016	0.01969
2003	12	25	24	0.02153	0.00887	0.01706
2003	12	26	24	0.00405	0.01693	0.00860
2003	12	27	24	0.00060	0.00210	0.00113
2003	12	28	24	0.00120	0.00894	0.00393
2003	12	29	24	0.00078	0.00766	0.00321
2003	12	30	24	0.00272	0.00715	0.00429
2003	12	31	24	0.01251	0.00000	0.00809
2004	 1	 1	24	0.00652	0.00001	0.00422
2004	 1	 2	24	0.00500	0.00000	0.00323
2004	 1	 3	24	0.00037	0.00000	0.00024
2004	 1	 4	24	0.00000	0.00000	0.00000
2004	 1	 5	24	0.00000	0.00000	0.00000
2004	 1	 6	24	0.06329	0.00000	0.04094
2004	 1	 7	24	0.04516	0.00000	0.02922
2004	 1	 8	24	0.04407	0.00020	0.02858
2004	 1	 9	24	0.05249	0.00000	0.03395
2004	 1	10	24	0.12269	0.05275	0.09800
2004	 1	11	24	0.17070	0.07040	0.13528
2004	 1	12	24	0.09085	0.07026	0.08358
2004	 1	13	24	0.15742	0.08256	0.13099
2004	 1	14	24	0.09819	0.03969	0.07753
2004	 1	15	24	0.07103	0.02080	0.05329
2004	 1	16	24	0.06599	0.00595	0.04479
2004	 1	17	24	0.05958	0.01830	0.04500
2004	 1	18	24	0.02424	0.00000	0.01568
2004	 1	19	24	0.08779	0.00000	0.05679
2004	 1	20	24	0.03987	0.00000	0.02579
2004	 1	21	24	0.00000	0.00000	0.00000
2004	 1	22	24	0.00011	0.00000	0.00007
2004	 1	23	24	0.00680	0.00000	0.00440
2004	 1	24	24	0.03078	0.00000	0.01991
2004	 1	25	24	0.01408	0.00000	0.00911
2004	 1	26	24	0.03334	0.00000	0.02157
2004	 1	27	24	0.00000	0.00000	0.00000
2004	 1	28	24	0.00503	0.00000	0.00325
2004	 1	29	24	0.02692	0.00000	0.01741
2004	 1	30	24	0.03567	0.00000	0.02308
2004	 1	31	24	0.06368	0.00000	0.04119
2004	 2	 1	24	0.16275	0.09347	0.13829
2004	 2	 2	24	0.36278	0.33634	0.35345
2004	 2	 3	24	0.15234	0.12303	0.14199
2004	 2	 4	24	0.13744	0.14238	0.13918
2004	 2	 5	24	0.06160	0.15184	0.09346
2004	 2	 6	24	0.04038	0.14271	0.07651
2004	 2	 7	24	0.04061	0.11478	0.06680
2004	 2	 8	24	0.11432	0.05480	0.09331
2004	 2	 9	24	0.03618	0.00000	0.02340
2004	 2	10	24	0.03252	0.00000	0.02104
2004	 2	11	24	0.01402	0.00000	0.00907
2004	 2	12	24	0.00454	0.00000	0.00294
2004	 2	13	24	0.04989	0.00020	0.03234
2004	 2	14	24	0.05459	0.02613	0.04454
2004	 2	15	24	0.03619	0.01241	0.02779
2004	 2	16	24	0.02921	0.01476	0.02411
2004	 2	17	24	0.05119	0.03018	0.04377
2004	 2	18	24	0.02415	0.00086	0.01592
2004	 2	19	24	0.00207	0.00000	0.00134
2004	 2	20	24	0.04384	0.01040	0.03203
2004	 2	21	24	0.02352	0.01512	0.02056
2004	 2	22	24	0.00536	0.00023	0.00355
2004	 2	23	24	0.00016	0.00000	0.00010
2004	 2	24	24	0.02146	0.00048	0.01405
2004	 2	25	24	0.00869	0.00000	0.00562
2004	 2	26	24	0.01831	0.00000	0.01185
2004	 2	27	24	0.00197	0.00000	0.00127
2004	 2	28	24	0.00413	0.00000	0.00267
2004	 2	29	24	0.00000	0.00000	0.00000
2004	 3	 1	24	0.02279	0.00000	0.01474
2004	 3	 2	24	0.07602	0.01261	0.05363
2004	 3	 3	24	0.02794	0.00000	0.01807
2004	 3	 4	24	0.00700	0.00000	0.00453
2004	 3	 5	24	0.03821	0.00103	0.02508
2004	 3	 6	24	0.03490	0.00000	0.02258
2004	 3	 7	24	0.04125	0.00950	0.03004
2004	 3	 8	24	0.01241	0.00007	0.00806
2004	 3	 9	24	0.04026	0.00000	0.02605
2004	 3	10	24	0.02149	0.00000	0.01390
2004	 3	11	24	0.04704	0.01302	0.03503
2004	 3	12	24	0.07086	0.02360	0.05417
2004	 3	13	24	0.04832	0.03783	0.04462
2004	 3	14	24	0.01719	0.06932	0.03560
2004	 3	15	24	0.01744	0.09830	0.04600
2004	 3	16	24	0.01996	0.12953	0.05865
2004	 3	17	24	0.02416	0.18404	0.08061
2004	 3	18	24	0.02183	0.20016	0.08480
2004	 3	19	24	0.04086	0.20394	0.09844
2004	 3	20	24	0.06057	0.18714	0.10526
2004	 3	21	24	0.00397	0.11126	0.04186
2004	 3	22	24	0.00212	0.05090	0.01934
2004	 3	23	24	0.09172	0.06042	0.08067
2004	 3	24	24	0.23791	0.09527	0.18754
2004	 3	25	24	0.00412	0.00000	0.00266
2004	 3	26	24	0.02254	0.00041	0.01473
2004	 3	27	24	0.01535	0.01111	0.01386
2004	 3	28	24	0.00531	0.04414	0.01902
2004	 3	29	24	0.00260	0.06150	0.02340
2004	 3	30	24	0.00000	0.03979	0.01405
2004	 3	31	24	0.00000	0.02682	0.00947
2004	 4	 1	24	0.00000	0.01541	0.00544
2004	 4	 2	24	0.00000	0.00729	0.00257
2004	 4	 3	24	0.00000	0.00042	0.00015
2004	 4	 4	24	0.00506	0.00187	0.00393
2004	 4	 5	24	0.02221	0.01574	0.01992
2004	 4	 6	24	0.00652	0.00689	0.00665
2004	 4	 7	24	0.01081	0.00312	0.00809
2004	 4	 8	24	0.00695	0.00486	0.00621
2004	 4	 9	24	0.00319	0.00000	0.00206
2004	 4	10	24	0.01018	0.00080	0.00687
2004	 4	11	24	0.00000	0.00000	0.00000
2004	 4	12	24	0.00000	0.00000	0.00000
2004	 4	13	24	0.00000	0.00000	0.00000
2004	 4	14	24	0.00000	0.00000	0.00000
2004	 4	15	24	0.00000	0.00000	0.00000
2004	 4	16	24	0.00000	0.00000	0.00000
2004	 4	17	24	0.00000	0.00000	0.00000
2004	 4	18	24	0.00713	0.05517	0.02409
2004	 4	19	24	0.04850	0.03412	0.04342
2004	 4	20	24	0.00000	0.00000	0.00000
2004	 4	21	24	0.00000	0.00000	0.00000
2004	 4	22	24	0.00000	0.00000	0.00000
2004	 4	23	24	0.01369	0.00543	0.01077
2004	 4	24	24	0.08178	0.06147	0.07461
2004	 4	25	24	0.00085	0.00008	0.00058
2004	 4	26	24	0.00345	0.00128	0.00268
2004	 4	27	24	0.00000	0.00000	0.00000
2004	 4	28	24	0.00000	0.00000	0.00000
2004	 4	29	24	0.00000	0.00000	0.00000
2004	 4	30	24	0.00000	0.00000	0.00000
2004	 5	 1	24	0.00531	0.00642	0.00570
2004	 5	 2	24	0.04131	0.02569	0.03579
2004	 5	 3	24	0.10471	0.06513	0.09073
2004	 5	 4	24	0.00220	0.00070	0.00167
2004	 5	 5	24	0.13137	0.03445	0.09715
2004	 5	 6	24	0.21588	0.18153	0.20375
2004	 5	 7	24	0.03396	0.02156	0.02958
2004	 5	 8	24	0.00170	0.00018	0.00116
2004	 5	 9	24	0.01831	0.00967	0.01526
2004	 5	10	24	0.28345	0.19198	0.25115
2004	 5	11	24	0.00032	0.00000	0.00021
2004	 5	12	24	0.00349	0.00128	0.00271
2004	 5	13	24	0.02182	0.00615	0.01629
2004	 5	14	24	0.00000	0.00000	0.00000
2004	 5	15	24	0.18434	0.15295	0.17326
2004	 5	16	24	0.00000	0.00000	0.00000
2004	 5	17	24	0.00000	0.00000	0.00000
2004	 5	18	24	0.00000	0.00000	0.00000
2004	 5	19	24	0.00000	0.00000	0.00000
2004	 5	20	24	0.00000	0.00000	0.00000
2004	 5	21	24	0.04567	0.03198	0.04083
2004	 5	22	24	0.07994	0.05075	0.06963
2004	 5	23	24	0.13169	0.13056	0.13129
2004	 5	24	24	0.00218	0.01649	0.00723
2004	 5	25	24	0.00000	0.00000	0.00000
2004	 5	26	24	0.00086	0.00000	0.00056
2004	 5	27	24	0.00000	0.00000	0.00000
2004	 5	28	24	0.00010	0.00000	0.00006
2004	 5	29	24	0.00000	0.00000	0.00000
2004	 5	30	24	0.00000	0.00000	0.00000
2004	 5	31	24	0.00648	0.00163	0.00477
2004	 6	 1	24	0.04488	0.03091	0.03995
2004	 6	 2	24	0.03021	0.03716	0.03266
2004	 6	 3	24	0.00092	0.00018	0.00066
2004	 6	 4	24	0.01455	0.01785	0.01571
2004	 6	 5	24	0.02703	0.02295	0.02559
2004	 6	 6	24	0.00000	0.00000	0.00000
2004	 6	 7	24	0.00000	0.00000	0.00000
2004	 6	 8	24	0.00000	0.00000	0.00000
2004	 6	 9	24	0.00052	0.00246	0.00120
2004	 6	10	24	0.00492	0.00151	0.00372
2004	 6	11	24	0.07230	0.08380	0.07636
2004	 6	12	24	0.02353	0.00883	0.01834
2004	 6	13	24	0.00196	0.00206	0.00200
2004	 6	14	24	0.00000	0.00000	0.00000
2004	 6	15	24	0.01519	0.01692	0.01580
2004	 6	16	24	0.00000	0.00000	0.00000
2004	 6	17	24	0.02843	0.04269	0.03347
2004	 6	18	24	0.00649	0.01156	0.00828
2004	 6	19	24	0.00735	0.01991	0.01179
2004	 6	20	24	0.00259	0.00054	0.00187
2004	 6	21	24	0.00277	0.00929	0.00507
2004	 6	22	24	0.02746	0.00955	0.02114
2004	 6	23	24	0.00293	0.00120	0.00232
2004	 6	24	24	0.00000	0.00000	0.00000
2004	 6	25	24	0.00010	0.00000	0.00006
2004	 6	26	24	0.00000	0.00000	0.00000
2004	 6	27	24	0.00539	0.00165	0.00407
2004	 6	28	24	0.00061	0.00121	0.00082
2004	 6	29	24	0.00198	0.00217	0.00205
2004	 6	30	24	0.00017	0.00000	0.00011
2004	 7	 1	24	0.06605	0.02230	0.05060
2004	 7	 2	24	0.00203	0.00149	0.00184
2004	 7	 3	24	0.02117	0.01737	0.01982
2004	 7	 4	24	0.00554	0.00547	0.00552
2004	 7	 5	24	0.00909	0.00807	0.00873
2004	 7	 6	24	0.00000	0.00000	0.00000
2004	 7	 7	24	0.00000	0.00000	0.00000
2004	 7	 8	24	0.22712	0.45171	0.30642
2004	 7	 9	24	0.00033	0.00000	0.00021
2004	 7	10	24	0.00263	0.00508	0.00350
2004	 7	11	24	0.00156	0.00104	0.00138
2004	 7	12	24	0.04607	0.03996	0.04391
2004	 7	13	24	0.01419	0.02178	0.01687
2004	 7	14	24	0.00682	0.01353	0.00919
2004	 7	15	24	0.00002	0.00024	0.00010
2004	 7	16	24	0.00043	0.00000	0.00028
2004	 7	17	24	0.00000	0.00000	0.00000
2004	 7	18	24	0.00466	0.00274	0.00398
2004	 7	19	24	0.00000	0.00000	0.00000
2004	 7	20	24	0.02746	0.01473	0.02297
2004	 7	21	24	0.00000	0.00000	0.00000
2004	 7	22	24	0.16550	0.17745	0.16972
2004	 7	23	24	0.02213	0.02900	0.02456
2004	 7	24	24	0.00065	0.00000	0.00042
2004	 7	25	24	0.00226	0.00084	0.00176
2004	 7	26	24	0.04537	0.03015	0.04000
2004	 7	27	24	0.00129	0.00058	0.00104
2004	 7	28	24	0.00000	0.00000	0.00000
2004	 7	29	24	0.00000	0.00000	0.00000
2004	 7	30	24	0.00000	0.00000	0.00000
2004	 7	31	24	0.00000	0.00000	0.00000
2004	 8	 1	24	0.00000	0.00000	0.00000
2004	 8	 2	24	0.00000	0.00000	0.00000
2004	 8	 3	24	0.00000	0.00000	0.00000
2004	 8	 4	24	0.00000	0.00000	0.00000
2004	 8	 5	24	0.00000	0.00000	0.00000
2004	 8	 6	24	0.00000	0.00000	0.00000
2004	 8	 7	24	0.00000	0.00000	0.00000
2004	 8	 8	24	0.00000	0.00000	0.00000
2004	 8	 9	24	0.00000	0.00000	0.00000
2004	 8	10	24	0.00000	0.00000	0.00000
2004	 8	11	24	0.00000	0.00000	0.00000
2004	 8	12	24	0.11098	0.15389	0.12613
2004	 8	13	24	0.00337	0.01061	0.00592
2004	 8	14	24	0.01409	0.00276	0.01009
2004	 8	15	24	0.00000	0.00000	0.00000
2004	 8	16	24	0.00000	0.00000	0.00000
2004	 8	17	24	0.05944	0.01220	0.04276
2004	 8	18	24	0.00030	0.00000	0.00019
2004	 8	19	24	0.00746	0.01471	0.01002
2004	 8	20	24	0.00473	0.00170	0.00366
2004	 8	21	24	0.00376	0.00208	0.00317
2004	 8	22	24	0.00000	0.00000	0.00000
2004	 8	23	24	0.00000	0.00000	0.00000
2004	 8	24	24	0.07651	0.08518	0.07957
2004	 8	25	24	0.00056	0.00033	0.00048
2004	 8	26	24	0.07250	0.11008	0.08577
2004	 8	27	24	0.00238	0.00160	0.00210
2004	 8	28	24	0.00258	0.00157	0.00222
2004	 8	29	24	0.00253	0.00045	0.00180
2004	 8	30	24	0.04022	0.04577	0.04218
2004	 8	31	24	0.00000	0.00000	0.00000
2004	 9	 1	24	0.00000	0.00000	0.00000
2004	 9	 2	24	0.00000	0.00000	0.00000
2004	 9	 3	24	0.00000	0.00000	0.00000
2004	 9	 4	24	0.00000	0.00000	0.00000
2004	 9	 5	24	0.00000	0.00000	0.00000
2004	 9	 6	24	0.00000	0.00000	0.00000
2004	 9	 7	24	0.00000	0.00000	0.00000
2004	 9	 8	24	0.00000	0.00000	0.00000
2004	 9	 9	24	0.00000	0.00000	0.00000
2004	 9	10	24	0.00000	0.00000	0.00000
2004	 9	11	24	0.00621	0.00470	0.00568
2004	 9	12	24	0.05434	0.03935	0.04904
2004	 9	13	24	0.00000	0.00000	0.00000
2004	 9	14	24	0.00282	0.00121	0.00225
2004	 9	15	24	0.00000	0.00000	0.00000
2004	 9	16	24	0.00000	0.00000	0.00000
2004	 9	17	24	0.00000	0.00000	0.00000
2004	 9	18	24	0.00000	0.00000	0.00000
2004	 9	19	24	0.00085	0.00081	0.00084
2004	 9	20	24	0.00020	0.00000	0.00013
2004	 9	21	24	0.08151	0.11710	0.09408
2004	 9	22	24	0.10373	0.10535	0.10431
2004	 9	23	24	0.08492	0.09970	0.09014
2004	 9	24	24	0.07626	0.07517	0.07588
2004	 9	25	24	0.07004	0.05839	0.06593
2004	 9	26	24	0.01403	0.00976	0.01252
2004	 9	27	24	0.01203	0.02299	0.01590
2004	 9	28	24	0.00918	0.00634	0.00817
2004	 9	29	24	0.08431	0.07101	0.07962
2004	 9	30	24	0.00002	0.00000	0.00001
2004	10	 1	24	0.00000	0.00000	0.00000
2004	10	 2	24	0.02730	0.03822	0.03115
2004	10	 3	24	0.00000	0.00000	0.00000
2004	10	 4	24	0.00000	0.00000	0.00000
2004	10	 5	24	0.00000	0.00000	0.00000
2004	10	 6	24	0.04240	0.02738	0.03710
2004	10	 7	24	0.00000	0.00000	0.00000
2004	10	 8	24	0.01329	0.01390	0.01351
2004	10	 9	24	0.00000	0.00000	0.00000
2004	10	10	24	0.00000	0.00000	0.00000
2004	10	11	24	0.00000	0.00000	0.00000
2004	10	12	24	0.00000	0.00000	0.00000
2004	10	13	24	0.00000	0.00000	0.00000
2004	10	14	24	0.00052	0.00031	0.00045
2004	10	15	24	0.03675	0.03282	0.03536
2004	10	16	24	0.02512	0.03594	0.02894
2004	10	17	24	0.00142	0.00034	0.00104
2004	10	18	24	0.00105	0.00031	0.00079
2004	10	19	24	0.00000	0.00000	0.00000
2004	10	20	24	0.01244	0.01385	0.01294
2004	10	21	24	0.00032	0.00099	0.00056
2004	10	22	24	0.00006	0.00000	0.00004
2004	10	23	24	0.00000	0.00000	0.00000
2004	10	24	24	0.00000	0.00000	0.00000
2004	10	25	24	0.01384	0.02509	0.01781
2004	10	26	24	0.06613	0.05384	0.06179
2004	10	27	24	0.00805	0.00978	0.00866
2004	10	28	24	0.00202	0.00165	0.00189
2004	10	29	24	0.02527	0.03420	0.02842
2004	10	30	24	0.01449	0.03931	0.02325
2004	10	31	24	0.00043	0.00000	0.00028
2004	11	 1	24	0.00484	0.00604	0.00527
2004	11	 2	24	0.00701	0.00901	0.00772
2004	11	 3	24	0.00012	0.00166	0.00067
2004	11	 4	24	0.00949	0.00665	0.00849
2004	11	 5	24	0.01559	0.02482	0.01885
2004	11	 6	24	0.07823	0.10436	0.08746
2004	11	 7	24	0.08590	0.05765	0.07593
2004	11	 8	24	0.09662	0.02782	0.07232
2004	11	 9	24	0.20138	0.03215	0.14162
2004	11	10	24	0.02393	0.01150	0.01954
2004	11	11	24	0.01948	0.06938	0.03710
2004	11	12	24	0.04163	0.07632	0.05388
2004	11	13	24	0.04370	0.03472	0.04053
2004	11	14	24	0.00333	0.01451	0.00728
2004	11	15	24	0.01376	0.02408	0.01740
2004	11	16	24	0.09483	0.12623	0.10592
2004	11	17	24	0.04575	0.13814	0.07837
2004	11	18	24	0.26397	0.29817	0.27604
2004	11	19	24	0.06305	0.00440	0.04234
2004	11	20	24	0.03648	0.00000	0.02360
2004	11	21	24	0.03499	0.00031	0.02274
2004	11	22	24	0.21358	0.16997	0.19818
2004	11	23	24	0.11166	0.10324	0.10869
2004	11	24	24	0.01093	0.02258	0.01504
2004	11	25	24	0.00600	0.02529	0.01281
2004	11	26	24	0.01070	0.03881	0.02063
2004	11	27	24	0.03737	0.07742	0.05151
2004	11	28	24	0.00733	0.03995	0.01885
2004	11	29	24	0.00415	0.03960	0.01667
2004	11	30	24	0.00257	0.02632	0.01096
2004	12	 1	24	0.02610	0.05991	0.03804
2004	12	 2	24	0.00274	0.02214	0.00959
2004	12	 3	24	0.00097	0.01350	0.00539
2004	12	 4	24	0.00170	0.02516	0.00999
2004	12	 5	24	0.00340	0.02447	0.01084
2004	12	 6	24	0.00097	0.02188	0.00836
2004	12	 7	24	0.00050	0.01163	0.00443
2004	12	 8	24	0.00042	0.01835	0.00675
2004	12	 9	24	0.00002	0.01336	0.00473
2004	12	10	24	0.00000	0.03053	0.01078
2004	12	11	24	0.00000	0.01407	0.00497
2004	12	12	24	0.00038	0.00040	0.00039
2004	12	13	24	0.00000	0.00000	0.00000
2004	12	14	24	0.00000	0.00000	0.00000
2004	12	15	24	0.00006	0.00155	0.00059
2004	12	16	24	0.00538	0.00000	0.00348
2004	12	17	24	0.04861	0.00003	0.03146
2004	12	18	24	0.09507	0.00045	0.06166
2004	12	19	24	0.01712	0.00010	0.01111
2004	12	20	24	0.02713	0.00456	0.01916
2004	12	21	24	0.01642	0.01288	0.01517
2004	12	22	24	0.01420	0.00000	0.00919
2004	12	23	24	0.03737	0.06436	0.04690
2004	12	24	24	0.01741	0.07223	0.03677
2004	12	25	24	0.04783	0.08130	0.05965
2004	12	26	24	0.13154	0.04008	0.09925
2004	12	27	24	0.02930	0.00190	0.01963
2004	12	28	24	0.01719	0.00046	0.01128
2004	12	29	24	0.02695	0.00609	0.01958
2004	12	30	24	0.02363	0.02256	0.02325
2004	12	31	24	0.04726	0.06566	0.05375
2005	 1	 1	24	0.01929	0.06912	0.03689
2005	 1	 2	24	0.00958	0.04146	0.02084
2005	 1	 3	24	0.10288	0.02585	0.07568
2005	 1	 4	24	0.01699	0.04859	0.02815
2005	 1	 5	24	0.05047	0.07243	0.05823
2005	 1	 6	24	0.01357	0.04470	0.02456
2005	 1	 7	24	0.00754	0.08839	0.03609
2005	 1	 8	24	0.00758	0.10268	0.04116
2005	 1	 9	24	0.00175	0.04399	0.01666
2005	 1	10	24	0.00081	0.05053	0.01837
2005	 1	11	24	0.00000	0.02542	0.00897
2005	 1	12	24	0.00524	0.03704	0.01647
2005	 1	13	24	0.04428	0.04053	0.04296
2005	 1	14	24	0.00622	0.01211	0.00830
2005	 1	15	24	0.00088	0.00944	0.00391
2005	 1	16	24	0.00007	0.00967	0.00346
2005	 1	17	24	0.00000	0.00114	0.00040
2005	 1	18	24	0.00224	0.00000	0.00145
2005	 1	19	24	0.02873	0.01078	0.02239
2005	 1	20	24	0.32153	0.28503	0.30864
2005	 1	21	24	0.11247	0.03322	0.08448
2005	 1	22	24	0.04472	0.02746	0.03863
2005	 1	23	24	0.02853	0.00852	0.02146
2005	 1	24	24	0.00000	0.00000	0.00000
2005	 1	25	24	0.00000	0.00000	0.00000
2005	 1	26	24	0.00000	0.00000	0.00000
2005	 1	27	24	0.00000	0.00000	0.00000
2005	 1	28	24	0.00000	0.00000	0.00000
2005	 1	29	24	0.00000	0.00000	0.00000
2005	 1	30	24	0.00000	0.00000	0.00000
2005	 1	31	24	0.11036	0.00000	0.07139
2005	 2	 1	24	0.02093	0.00066	0.01377
2005	 2	 2	24	0.07140	0.01277	0.05070
2005	 2	 3	24	0.03697	0.00675	0.02630
2005	 2	 4	24	0.02479	0.00498	0.01779
2005	 2	 5	24	0.04044	0.00321	0.02729
2005	 2	 6	24	0.03604	0.00000	0.02331
2005	 2	 7	24	0.03249	0.00099	0.02136
2005	 2	 8	24	0.02976	0.00012	0.01930
2005	 2	 9	24	0.04552	0.00441	0.03100
2005	 2	10	24	0.11256	0.04205	0.08766
2005	 2	11	24	0.11817	0.08249	0.10557
2005	 2	12	24	0.19596	0.19036	0.19398
2005	 2	13	24	0.08247	0.05574	0.07303
2005	 2	14	24	0.00341	0.00000	0.00221
2005	 2	15	24	0.00266	0.00000	0.00172
2005	 2	16	24	0.00183	0.00000	0.00118
2005	 2	17	24	0.00000	0.00000	0.00000
2005	 2	18	24	0.00000	0.00000	0.00000
2005	 2	19	24	0.00000	0.00000	0.00000
2005	 2	20	24	0.01577	0.00000	0.01020
2005	 2	21	24	0.02400	0.00000	0.01552
2005	 2	22	24	0.00000	0.00000	0.00000
2005	 2	23	24	0.00530	0.00000	0.00343
2005	 2	24	24	0.00506	0.00000	0.00327
2005	 2	25	24	0.00517	0.00000	0.00335
2005	 2	26	24	0.01383	0.00000	0.00894
2005	 2	27	24	0.00000	0.00000	0.00000
2005	 2	28	24	0.00000	0.00000	0.00000
2005	 3	 1	24	0.00781	0.00000	0.00505
2005	 3	 2	24	0.03107	0.00000	0.02010
2005	 3	 3	24	0.03063	0.00000	0.01981
2005	 3	 4	24	0.02386	0.00000	0.01544
2005	 3	 5	24	0.02806	0.00000	0.01815
2005	 3	 6	24	0.00000	0.00000	0.00000
2005	 3	 7	24	0.01402	0.00000	0.00907
2005	 3	 8	24	0.02394	0.00000	0.01548
2005	 3	 9	24	0.03861	0.00000	0.02498
2005	 3	10	24	0.03931	0.00000	0.02543
2005	 3	11	24	0.08091	0.00000	0.05234
2005	 3	12	24	0.06611	0.00002	0.04278
2005	 3	13	24	0.02644	0.00172	0.01771
2005	 3	14	24	0.04705	0.01030	0.03407
2005	 3	15	24	0.08590	0.06390	0.07813
2005	 3	16	24	0.14461	0.14495	0.14473
2005	 3	17	24	0.19139	0.23662	0.20736
2005	 3	18	24	0.19060	0.27203	0.21936
2005	 3	19	24	0.04531	0.03917	0.04314
2005	 3	20	24	0.04664	0.03583	0.04282
2005	 3	21	24	0.04804	0.05190	0.04940
2005	 3	22	24	0.04608	0.06225	0.05179
2005	 3	23	24	0.04529	0.09346	0.06230
2005	 3	24	24	0.04708	0.13102	0.07672
2005	 3	25	24	0.06662	0.16126	0.10004
2005	 3	26	24	0.03374	0.12125	0.06464
2005	 3	27	24	0.02675	0.11307	0.05723
2005	 3	28	24	0.01838	0.11138	0.05122
2005	 3	29	24	0.01618	0.11448	0.05089
2005	 3	30	24	0.01150	0.09560	0.04120
2005	 3	31	24	0.00774	0.07650	0.03202
2005	 4	 1	24	0.00679	0.08453	0.03424
2005	 4	 2	24	0.00687	0.11016	0.04334
2005	 4	 3	24	0.00537	0.13986	0.05286
2005	 4	 4	24	0.00034	0.10980	0.03899
2005	 4	 5	24	0.00080	0.06083	0.02200
2005	 4	 6	24	0.01125	0.04988	0.02489
2005	 4	 7	24	0.00197	0.02109	0.00872
2005	 4	 8	24	0.01203	0.01199	0.01201
2005	 4	 9	24	0.05495	0.05556	0.05517
2005	 4	10	24	0.00008	0.00185	0.00070
2005	 4	11	24	0.00000	0.00281	0.00099
2005	 4	12	24	0.00013	0.00083	0.00038
2005	 4	13	24	0.00000	0.00001	0.00000
2005	 4	14	24	0.00000	0.00000	0.00000
2005	 4	15	24	0.00000	0.00000	0.00000
2005	 4	16	24	0.00100	0.00022	0.00073
2005	 4	17	24	0.01245	0.01790	0.01437
2005	 4	18	24	0.00000	0.00000	0.00000
2005	 4	19	24	0.00000	0.00000	0.00000
2005	 4	20	24	0.00000	0.00000	0.00000
2005	 4	21	24	0.00000	0.00000	0.00000
2005	 4	22	24	0.00000	0.00000	0.00000
2005	 4	23	24	0.00000	0.00000	0.00000
2005	 4	24	24	0.00000	0.00000	0.00000
2005	 4	25	24	0.01499	0.02512	0.01857
2005	 4	26	24	0.00385	0.00130	0.00295
2005	 4	27	24	0.02944	0.02754	0.02877
2005	 4	28	24	0.00000	0.00000	0.00000
2005	 4	29	24	0.00000	0.00000	0.00000
2005	 4	30	24	0.00000	0.00000	0.00000
2005	 5	 1	24	0.00000	0.00000	0.00000
2005	 5	 2	24	0.00000	0.00000	0.00000
2005	 5	 3	24	0.06684	0.06059	0.06464
2005	 5	 4	24	0.08811	0.06876	0.08128
2005	 5	 5	24	0.00238	0.00184	0.00219
2005	 5	 6	24	0.04990	0.04013	0.04645
2005	 5	 7	24	0.06524	0.06195	0.06408
2005	 5	 8	24	0.02145	0.02323	0.02208
2005	 5	 9	24	0.00576	0.00691	0.00617
2005	 5	10	24	0.00096	0.00099	0.00097
2005	 5	11	24	0.01476	0.02659	0.01893
2005	 5	12	24	0.00000	0.00000	0.00000
2005	 5	13	24	0.00000	0.00000	0.00000
2005	 5	14	24	0.01637	0.01411	0.01557
2005	 5	15	24	0.00741	0.00445	0.00637
2005	 5	16	24	0.13133	0.13869	0.13393
2005	 5	17	24	0.00425	0.00752	0.00541
2005	 5	18	24	0.00266	0.00291	0.00275
2005	 5	19	24	0.00000	0.00000	0.00000
2005	 5	20	24	0.00000	0.00000	0.00000
2005	 5	21	24	0.00363	0.00603	0.00448
2005	 5	22	24	0.02821	0.03515	0.03066
2005	 5	23	24	0.12543	0.11594	0.12208
2005	 5	24	24	0.00000	0.00000	0.00000
2005	 5	25	24	0.00000	0.00000	0.00000
2005	 5	26	24	0.00000	0.00000	0.00000
2005	 5	27	24	0.00000	0.00000	0.00000
2005	 5	28	24	0.00000	0.00000	0.00000
2005	 5	29	24	0.00002	0.00024	0.00009
2005	 5	30	24	0.00833	0.00968	0.00881
2005	 5	31	24	0.00000	0.00000	0.00000
2005	 6	 1	24	0.00000	0.00000	0.00000
2005	 6	 2	24	0.00032	0.00000	0.00021
2005	 6	 3	24	0.00058	0.00076	0.00064
2005	 6	 4	24	0.00097	0.00038	0.00076
2005	 6	 5	24	0.01000	0.00309	0.00756
2005	 6	 6	24	0.06131	0.05773	0.06005
2005	 6	 7	24	0.03014	0.03263	0.03102
2005	 6	 8	24	0.00129	0.00051	0.00101
2005	 6	 9	24	0.00000	0.00000	0.00000
2005	 6	10	24	0.01387	0.01022	0.01258
2005	 6	11	24	0.00000	0.00000	0.00000
2005	 6	12	24	0.00052	0.00000	0.00034
2005	 6	13	24	0.00000	0.00000	0.00000
2005	 6	14	24	0.18779	0.37443	0.25369
2005	 6	15	24	0.00000	0.00000	0.00000
2005	 6	16	24	0.00000	0.00000	0.00000
2005	 6	17	24	0.02353	0.01494	0.02050
2005	 6	18	24	0.00000	0.00000	0.00000
2005	 6	19	24	0.00000	0.00000	0.00000
2005	 6	20	24	0.00000	0.00000	0.00000
2005	 6	21	24	0.00459	0.00265	0.00390
2005	 6	22	24	0.00000	0.00000	0.00000
2005	 6	23	24	0.00000	0.00000	0.00000
2005	 6	24	24	0.00808	0.00138	0.00571
2005	 6	25	24	0.07733	0.06454	0.07281
2005	 6	26	24	0.00051	0.00029	0.00043
2005	 6	27	24	0.00000	0.00000	0.00000
2005	 6	28	24	0.00000	0.00000	0.00000
2005	 6	29	24	0.00038	0.00000	0.00025
2005	 6	30	24	0.03242	0.02843	0.03101
2005	 7	 1	24	0.08397	0.06307	0.07659
2005	 7	 2	24	0.00029	0.00000	0.00019
2005	 7	 3	24	0.00000	0.00000	0.00000
2005	 7	 4	24	0.02558	0.04260	0.03159
2005	 7	 5	24	0.14040	0.13323	0.13787
2005	 7	 6	24	0.00183	0.00027	0.00128
2005	 7	 7	24	0.02961	0.02385	0.02758
2005	 7	 8	24	0.10717	0.11156	0.10872
2005	 7	 9	24	0.00166	0.00979	0.00453
2005	 7	10	24	0.00504	0.01960	0.01018
2005	 7	11	24	0.00207	0.00080	0.00162
2005	 7	12	24	0.00000	0.00000	0.00000
2005	 7	13	24	0.00000	0.00000	0.00000
2005	 7	14	24	0.00000	0.00000	0.00000
2005	 7	15	24	0.01056	0.00812	0.00970
2005	 7	16	24	0.00000	0.00000	0.00000
2005	 7	17	24	0.00000	0.00000	0.00000
2005	 7	18	24	0.00227	0.00094	0.00180
2005	 7	19	24	0.10384	0.10715	0.10501
2005	 7	20	24	0.04118	0.04318	0.04189
2005	 7	21	24	0.07286	0.10204	0.08316
2005	 7	22	24	0.02575	0.02895	0.02688
2005	 7	23	24	0.00597	0.00142	0.00436
2005	 7	24	24	0.01636	0.02273	0.01861
2005	 7	25	24	0.00407	0.00144	0.00314
2005	 7	26	24	0.00078	0.00000	0.00051
2005	 7	27	24	0.00000	0.00000	0.00000
2005	 7	28	24	0.00004	0.00036	0.00015
2005	 7	29	24	0.08273	0.09312	0.08640
2005	 7	30	24	0.04731	0.04860	0.04777
2005	 7	31	24	0.00000	0.00000	0.00000
2005	 8	 1	24	0.00087	0.00023	0.00064
2005	 8	 2	24	0.02916	0.01750	0.02504
2005	 8	 3	24	0.02096	0.01332	0.01827
2005	 8	 4	24	0.00442	0.00246	0.00372
2005	 8	 5	24	0.09001	0.08631	0.08871
2005	 8	 6	24	0.02361	0.02061	0.02255
2005	 8	 7	24	0.01188	0.02069	0.01499
2005	 8	 8	24	0.01524	0.01363	0.01467
2005	 8	 9	24	0.00167	0.00021	0.00115
2005	 8	10	24	0.00371	0.00164	0.00298
2005	 8	11	24	0.00000	0.00000	0.00000
2005	 8	12	24	0.07416	0.05788	0.06841
2005	 8	13	24	0.00390	0.00448	0.00410
2005	 8	14	24	0.01732	0.02124	0.01871
2005	 8	15	24	0.01707	0.05598	0.03081
2005	 8	16	24	0.00000	0.00000	0.00000
2005	 8	17	24	0.00000	0.00000	0.00000
2005	 8	18	24	0.00000	0.00000	0.00000
2005	 8	19	24	0.00000	0.00000	0.00000
2005	 8	20	24	0.09439	0.10553	0.09833
2005	 8	21	24	0.00000	0.00000	0.00000
2005	 8	22	24	0.14377	0.18645	0.15884
2005	 8	23	24	0.04136	0.02381	0.03516
2005	 8	24	24	0.00748	0.00208	0.00558
2005	 8	25	24	0.02068	0.01492	0.01864
2005	 8	26	24	0.00000	0.00000	0.00000
2005	 8	27	24	0.00000	0.00000	0.00000
2005	 8	28	24	0.00000	0.00000	0.00000
2005	 8	29	24	0.00000	0.00000	0.00000
2005	 8	30	24	0.00000	0.00000	0.00000
2005	 8	31	24	0.00000	0.00000	0.00000
2005	 9	 1	24	0.00000	0.00000	0.00000
2005	 9	 2	24	0.00000	0.00000	0.00000
2005	 9	 3	24	0.00064	0.00000	0.00042
2005	 9	 4	24	0.00000	0.00000	0.00000
2005	 9	 5	24	0.00000	0.00000	0.00000
2005	 9	 6	24	0.00000	0.00000	0.00000
2005	 9	 7	24	0.00000	0.00000	0.00000
2005	 9	 8	24	0.00000	0.00000	0.00000
2005	 9	 9	24	0.00000	0.00000	0.00000
2005	 9	10	24	0.20504	0.21913	0.21002
2005	 9	11	24	0.00724	0.00445	0.00626
2005	 9	12	24	0.17840	0.16723	0.17446
2005	 9	13	24	0.00000	0.00000	0.00000
2005	 9	14	24	0.00013	0.00000	0.00009
2005	 9	15	24	0.04907	0.05413	0.05086
2005	 9	16	24	0.08264	0.07172	0.07878
2005	 9	17	24	0.03646	0.01361	0.02839
2005	 9	18	24	0.00000	0.00000	0.00000
2005	 9	19	24	0.00000	0.00000	0.00000
2005	 9	20	24	0.00000	0.00000	0.00000
2005	 9	21	24	0.00000	0.00000	0.00000
2005	 9	22	24	0.00000	0.00000	0.00000
2005	 9	23	24	0.00000	0.00000	0.00000
2005	 9	24	24	0.00000	0.00000	0.00000
2005	 9	25	24	0.00000	0.00000	0.00000
2005	 9	26	24	0.00025	0.00000	0.00016
2005	 9	27	24	0.00139	0.00499	0.00266
2005	 9	28	24	0.01889	0.00702	0.01470
2005	 9	29	24	0.06169	0.08203	0.06887
2005	 9	30	24	0.00745	0.00667	0.00718
2005	10	 1	24	0.06113	0.04452	0.05527
2005	10	 2	24	0.05269	0.04973	0.05165
2005	10	 3	24	0.00391	0.00025	0.00262
2005	10	 4	24	0.00000	0.00000	0.00000
2005	10	 5	24	0.00000	0.00000	0.00000
2005	10	 6	24	0.00000	0.00000	0.00000
2005	10	 7	24	0.00000	0.00000	0.00000
2005	10	 8	24	0.00000	0.00000	0.00000
2005	10	 9	24	0.00000	0.00000	0.00000
2005	10	10	24	0.00000	0.00000	0.00000
2005	10	11	24	0.00000	0.00000	0.00000
2005	10	12	24	0.00000	0.00000	0.00000
2005	10	13	24	0.00000	0.00000	0.00000
2005	10	14	24	0.00000	0.00000	0.00000
2005	10	15	24	0.00000	0.00000	0.00000
2005	10	16	24	0.00000	0.00000	0.00000
2005	10	17	24	0.00000	0.00000	0.00000
2005	10	18	24	0.00000	0.00000	0.00000
2005	10	19	24	0.00000	0.00000	0.00000
2005	10	20	24	0.00000	0.00000	0.00000
2005	10	21	24	0.00000	0.00000	0.00000
2005	10	22	24	0.00507	0.00087	0.00359
2005	10	23	24	0.04013	0.04296	0.04113
2005	10	24	24	0.00162	0.00241	0.00190
2005	10	25	24	0.00588	0.01273	0.00830
2005	10	26	24	0.00000	0.00000	0.00000
2005	10	27	24	0.00000	0.00000	0.00000
2005	10	28	24	0.00000	0.00000	0.00000
2005	10	29	24	0.00000	0.00000	0.00000
2005	10	30	24	0.00000	0.00000	0.00000
2005	10	31	24	0.00000	0.00000	0.00000
2005	11	 1	24	0.00228	0.00343	0.00269
2005	11	 2	24	0.00000	0.00000	0.00000
2005	11	 3	24	0.00326	0.00507	0.00390
2005	11	 4	24	0.00211	0.00314	0.00247
2005	11	 5	24	0.02674	0.03193	0.02857
2005	11	 6	24	0.00000	0.00000	0.00000
2005	11	 7	24	0.00000	0.00000	0.00000
2005	11	 8	24	0.00000	0.00000	0.00000
2005	11	 9	24	0.00000	0.00000	0.00000
2005	11	10	24	0.00000	0.00000	0.00000
2005	11	11	24	0.00000	0.00000	0.00000
2005	11	12	24	0.00000	0.00000	0.00000
2005	11	13	24	0.00012	0.00112	0.00047
2005	11	14	24	0.00000	0.00000	0.00000
2005	11	15	24	0.03429	0.02617	0.03142
2005	11	16	24	0.05638	0.05257	0.05504
2005	11	17	24	0.05253	0.00165	0.03457
2005	11	18	24	0.02319	0.00081	0.01529
2005	11	19	24	0.01928	0.00000	0.01247
2005	11	20	24	0.10459	0.02367	0.07602
2005	11	21	24	0.04785	0.00575	0.03298
2005	11	22	24	0.02380	0.00000	0.01539
2005	11	23	24	0.01144	0.00000	0.00740
2005	11	24	24	0.01368	0.00000	0.00885
2005	11	25	24	0.01807	0.00000	0.01169
2005	11	26	24	0.04608	0.00554	0.03176
2005	11	27	24	0.01575	0.00000	0.01019
2005	11	28	24	0.01971	0.00001	0.01275
2005	11	29	24	0.02436	0.00958	0.01914
2005	11	30	24	0.01860	0.00733	0.01462
2005	12	 1	24	0.02269	0.01727	0.02077
2005	12	 2	24	0.01114	0.00000	0.00720
2005	12	 3	24	0.04821	0.00000	0.03119
2005	12	 4	24	0.05883	0.02318	0.04624
2005	12	 5	24	0.01692	0.02040	0.01815
2005	12	 6	24	0.02722	0.03434	0.02973
2005	12	 7	24	0.01435	0.01774	0.01555
2005	12	 8	24	0.03203	0.02615	0.02995
2005	12	 9	24	0.00908	0.00705	0.00836
2005	12	10	24	0.00544	0.01626	0.00926
2005	12	11	24	0.00452	0.00825	0.00584
2005	12	12	24	0.01844	0.04314	0.02716
2005	12	13	24	0.01869	0.01379	0.01696
2005	12	14	24	0.03303	0.02156	0.02898
2005	12	15	24	0.14252	0.09074	0.12424
2005	12	16	24	0.14706	0.00102	0.09549
2005	12	17	24	0.00000	0.00000	0.00000
2005	12	18	24	0.00303	0.00000	0.00196
2005	12	19	24	0.04386	0.00000	0.02837
2005	12	20	24	0.11545	0.00178	0.07531
2005	12	21	24	0.03404	0.00710	0.02453
2005	12	22	24	0.07357	0.01922	0.05438
2005	12	23	24	0.08190	0.03435	0.06511
2005	12	24	24	0.09914	0.05619	0.08397
2005	12	25	24	0.03247	0.01594	0.02664
2005	12	26	24	0.03007	0.00356	0.02071
2005	12	27	24	0.00755	0.00000	0.00489
2005	12	28	24	0.00000	0.00000	0.00000
2005	12	29	24	0.00000	0.00000	0.00000
2005	12	30	24	0.02443	0.00000	0.01580
2005	12	31	24	0.02452	0.00000	0.01586
2006	 1	 1	24	0.04508	0.00294	0.03020
2006	 1	 2	24	0.03250	0.00938	0.02434
2006	 1	 3	24	0.02730	0.00007	0.01768
2006	 1	 4	24	0.00098	0.00000	0.00063
2006	 1	 5	24	0.00398	0.00000	0.00258
2006	 1	 6	24	0.01662	0.00989	0.01424
2006	 1	 7	24	0.01280	0.00048	0.00845
2006	 1	 8	24	0.00512	0.00000	0.00331
2006	 1	 9	24	0.03829	0.00851	0.02778
2006	 1	10	24	0.03626	0.02712	0.03303
2006	 1	11	24	0.04796	0.04678	0.04754
2006	 1	12	24	0.02041	0.01368	0.01803
2006	 1	13	24	0.01506	0.00093	0.01007
2006	 1	14	24	0.02100	0.02081	0.02093
2006	 1	15	24	0.00638	0.00000	0.00413
2006	 1	16	24	0.00662	0.00000	0.00428
2006	 1	17	24	0.04204	0.00000	0.02719
2006	 1	18	24	0.01791	0.00000	0.01159
2006	 1	19	24	0.00000	0.00000	0.00000
2006	 1	20	24	0.11171	0.04060	0.08660
2006	 1	21	24	0.13948	0.04168	0.10494
2006	 1	22	24	0.00001	0.00001	0.00001
2006	 1	23	24	0.00216	0.00001	0.00140
2006	 1	24	24	0.02459	0.00006	0.01593
2006	 1	25	24	0.00252	0.00018	0.00169
2006	 1	26	24	0.00046	0.00012	0.00034
2006	 1	27	24	0.01369	0.00006	0.00888
2006	 1	28	24	0.02638	0.03552	0.02961
2006	 1	29	24	0.01372	0.02539	0.01784
2006	 1	30	24	0.01237	0.02579	0.01711
2006	 1	31	24	0.01138	0.02805	0.01726
2006	 2	 1	24	0.02198	0.07447	0.04052
2006	 2	 2	24	0.01272	0.04068	0.02259
2006	 2	 3	24	0.00158	0.00089	0.00134
2006	 2	 4	24	0.00002	0.00000	0.00001
2006	 2	 5	24	0.00043	0.00000	0.00028
2006	 2	 6	24	0.05059	0.00001	0.03273
2006	 2	 7	24	0.22563	0.12746	0.19096
2006	 2	 8	24	0.08810	0.02915	0.06728
2006	 2	 9	24	0.07631	0.01937	0.05621
2006	 2	10	24	0.07247	0.00000	0.04688
2006	 2	11	24	0.02018	0.00000	0.01306
2006	 2	12	24	0.02507	0.00000	0.01622
2006	 2	13	24	0.03707	0.00687	0.02640
2006	 2	14	24	0.04791	0.02499	0.03982
2006	 2	15	24	0.04623	0.00000	0.02991
2006	 2	16	24	0.06046	0.02956	0.04955
2006	 2	17	24	0.04711	0.03871	0.04414
2006	 2	18	24	0.02072	0.02849	0.02346
2006	 2	19	24	0.01821	0.04335	0.02709
2006	 2	20	24	0.01055	0.02484	0.01560
2006	 2	21	24	0.00630	0.01639	0.00987
2006	 2	22	24	0.00058	0.00000	0.00038
2006	 2	23	24	0.00323	0.00000	0.00209
2006	 2	24	24	0.00963	0.01500	0.01153
2006	 2	25	24	0.00301	0.00001	0.00195
2006	 2	26	24	0.00000	0.00000	0.00000
2006	 2	27	24	0.01507	0.00001	0.00976
2006	 2	28	24	0.04370	0.00000	0.02827
2006	 3	 1	24	0.04113	0.00000	0.02661
2006	 3	 2	24	0.03445	0.00328	0.02344
2006	 3	 3	24	0.03601	0.00000	0.02329
2006	 3	 4	24	0.00587	0.00000	0.00380
2006	 3	 5	24	0.02832	0.01035	0.02198
2006	 3	 6	24	0.03168	0.00441	0.02205
2006	 3	 7	24	0.03469	0.00193	0.02312
2006	 3	 8	24	0.03479	0.00000	0.02250
2006	 3	 9	24	0.09728	0.01524	0.06831
2006	 3	10	24	0.06945	0.04754	0.06171
2006	 3	11	24	0.07004	0.00701	0.04778
2006	 3	12	24	0.00000	0.00000	0.00000
2006	 3	13	24	0.00214	0.00000	0.00139
2006	 3	14	24	0.01008	0.00000	0.00652
2006	 3	15	24	0.00549	0.00000	0.00355
2006	 3	16	24	0.01820	0.00000	0.01177
2006	 3	17	24	0.01193	0.00000	0.00772
2006	 3	18	24	0.01655	0.01141	0.01473
2006	 3	19	24	0.06309	0.03834	0.05435
2006	 3	20	24	0.05773	0.04929	0.05475
2006	 3	21	24	0.04317	0.04035	0.04218
2006	 3	22	24	0.01061	0.03124	0.01790
2006	 3	23	24	0.00791	0.02988	0.01567
2006	 3	24	24	0.00908	0.03688	0.01890
2006	 3	25	24	0.03929	0.07635	0.05237
2006	 3	26	24	0.09628	0.21295	0.13748
2006	 3	27	24	0.02513	0.15452	0.07082
2006	 3	28	24	0.01738	0.11360	0.05135
2006	 3	29	24	0.02119	0.09945	0.04882
2006	 3	30	24	0.11285	0.18728	0.13913
2006	 3	31	24	0.02033	0.12946	0.05887
2006	 4	 1	24	0.02018	0.14001	0.06249
2006	 4	 2	24	0.01911	0.13621	0.06046
2006	 4	 3	24	0.02502	0.09675	0.05035
2006	 4	 4	24	0.00658	0.04975	0.02182
2006	 4	 5	24	0.00370	0.02987	0.01294
2006	 4	 6	24	0.00486	0.04780	0.02002
2006	 4	 7	24	0.00701	0.07546	0.03118
2006	 4	 8	24	0.00993	0.11847	0.04825
2006	 4	 9	24	0.00862	0.09702	0.03983
2006	 4	10	24	0.06808	0.06285	0.06623
2006	 4	11	24	0.00298	0.03416	0.01399
2006	 4	12	24	0.00314	0.03160	0.01319
2006	 4	13	24	0.03287	0.10067	0.05681
2006	 4	14	24	0.03746	0.13442	0.07169
2006	 4	15	24	0.00768	0.12046	0.04750
2006	 4	16	24	0.04929	0.17598	0.09402
2006	 4	17	24	0.00621	0.13034	0.05004
2006	 4	18	24	0.00001	0.09179	0.03241
2006	 4	19	24	0.00003	0.07722	0.02729
2006	 4	20	24	0.00000	0.07267	0.02566
2006	 4	21	24	0.00000	0.05206	0.01838
2006	 4	22	24	0.01027	0.04287	0.02178
2006	 4	23	24	0.01062	0.01807	0.01325
2006	 4	24	24	0.00000	0.00403	0.00142
2006	 4	25	24	0.00000	0.00006	0.00002
2006	 4	26	24	0.00506	0.03648	0.01615
2006	 4	27	24	0.00267	0.00180	0.00237
2006	 4	28	24	0.03876	0.02361	0.03341
2006	 4	29	24	0.07968	0.09725	0.08588
