YY	MM	DD	HH	"1"	"2"	tot_average

--	--	--	--	0.6468891	0.3531109	1.0000
2000	 8	 1	24	0.000	0.000	0.000
2000	 8	 2	24	0.405	0.392	0.400
2000	 8	 3	24	0.107	0.862	0.373
2000	 8	 4	24	0.000	0.000	0.000
2000	 8	 5	24	0.000	0.000	0.000
2000	 8	 6	24	2.454	3.933	2.976
2000	 8	 7	24	3.304	3.161	3.253
2000	 8	 8	24	0.000	0.000	0.000
2000	 8	 9	24	0.000	0.000	0.000
2000	 8	10	24	0.747	0.041	0.497
2000	 8	11	24	0.000	0.000	0.000
2000	 8	12	24	0.000	0.000	0.000
2000	 8	13	24	0.000	0.000	0.000
2000	 8	14	24	0.000	0.000	0.000
2000	 8	15	24	4.972	9.803	6.678
2000	 8	16	24	0.000	0.000	0.000
2000	 8	17	24	0.123	0.011	0.084
2000	 8	18	24	0.212	0.049	0.154
2000	 8	19	24	0.059	0.000	0.038
2000	 8	20	24	13.651	7.957	11.640
2000	 8	21	24	20.368	21.540	20.782
2000	 8	22	24	0.349	0.112	0.265
2000	 8	23	24	0.000	0.000	0.000
2000	 8	24	24	0.000	0.000	0.000
2000	 8	25	24	0.000	0.000	0.000
2000	 8	26	24	0.000	0.000	0.000
2000	 8	27	24	0.000	0.000	0.000
2000	 8	28	24	4.656	1.315	3.476
2000	 8	29	24	0.000	0.000	0.000
2000	 8	30	24	0.000	0.000	0.000
2000	 8	31	24	0.167	0.370	0.239
2000	 9	 1	24	4.286	5.928	4.866
2000	 9	 2	24	3.932	3.579	3.807
2000	 9	 3	24	22.245	31.677	25.576
2000	 9	 4	24	2.595	2.048	2.402
2000	 9	 5	24	0.865	0.473	0.727
2000	 9	 6	24	6.932	11.444	8.525
2000	 9	 7	24	1.723	1.023	1.476
2000	 9	 8	24	0.000	0.000	0.000
2000	 9	 9	24	0.000	0.000	0.000
2000	 9	10	24	0.000	0.000	0.000
2000	 9	11	24	0.000	0.000	0.000
2000	 9	12	24	0.000	0.000	0.000
2000	 9	13	24	3.093	1.392	2.492
2000	 9	14	24	0.000	0.000	0.000
2000	 9	15	24	0.000	0.000	0.000
2000	 9	16	24	2.491	1.510	2.145
2000	 9	17	24	1.061	0.391	0.824
2000	 9	18	24	0.000	0.000	0.000
2000	 9	19	24	0.000	0.000	0.000
2000	 9	20	24	0.007	0.000	0.005
2000	 9	21	24	2.914	2.271	2.687
2000	 9	22	24	0.000	0.000	0.000
2000	 9	23	24	0.000	0.000	0.000
2000	 9	24	24	0.000	0.000	0.000
2000	 9	25	24	0.000	0.000	0.000
2000	 9	26	24	0.000	0.000	0.000
2000	 9	27	24	0.873	0.125	0.609
2000	 9	28	24	0.300	0.009	0.197
2000	 9	29	24	0.000	0.000	0.000
2000	 9	30	24	0.000	0.000	0.000
2000	10	 1	24	16.555	30.643	21.530
2000	10	 2	24	1.000	0.168	0.706
2000	10	 3	24	0.965	0.861	0.928
2000	10	 4	24	0.353	0.058	0.249
2000	10	 5	24	4.286	4.341	4.305
2000	10	 6	24	8.654	7.103	8.106
2000	10	 7	24	20.063	16.930	18.957
2000	10	 8	24	3.088	2.041	2.718
2000	10	 9	24	0.805	0.624	0.741
2000	10	10	24	0.401	0.132	0.306
2000	10	11	24	1.166	0.991	1.104
2000	10	12	24	0.317	0.128	0.250
2000	10	13	24	0.172	0.000	0.111
2000	10	14	24	0.001	0.000	0.000
2000	10	15	24	0.000	0.000	0.000
2000	10	16	24	0.000	0.000	0.000
2000	10	17	24	0.627	0.444	0.563
2000	10	18	24	6.668	10.330	7.961
2000	10	19	24	0.105	0.000	0.068
2000	10	20	24	0.000	0.045	0.016
2000	10	21	24	0.000	0.000	0.000
2000	10	22	24	0.000	0.000	0.000
2000	10	23	24	0.288	0.317	0.298
2000	10	24	24	0.516	0.364	0.462
2000	10	25	24	2.240	2.093	2.188
2000	10	26	24	6.585	6.196	6.447
2000	10	27	24	1.674	1.565	1.635
2000	10	28	24	0.417	0.528	0.456
2000	10	29	24	0.001	0.000	0.001
2000	10	30	24	0.000	0.000	0.000
2000	10	31	24	0.394	0.326	0.370
2000	11	 1	24	0.338	0.114	0.259
2000	11	 2	24	0.000	0.000	0.000
2000	11	 3	24	6.681	7.519	6.977
2000	11	 4	24	0.048	0.000	0.031
2000	11	 5	24	0.000	0.000	0.000
2000	11	 6	24	0.553	1.292	0.814
2000	11	 7	24	3.515	3.609	3.548
2000	11	 8	24	0.000	0.000	0.000
2000	11	 9	24	0.000	0.000	0.000
2000	11	10	24	0.000	0.000	0.000
2000	11	11	24	0.000	0.000	0.000
2000	11	12	24	0.000	0.000	0.000
2000	11	13	24	0.000	0.000	0.000
2000	11	14	24	5.167	4.526	4.941
2000	11	15	24	0.663	0.451	0.588
2000	11	16	24	1.112	1.899	1.390
2000	11	17	24	5.674	4.389	5.220
2000	11	18	24	0.000	0.000	0.000
2000	11	19	24	0.000	0.000	0.000
2000	11	20	24	1.338	1.281	1.318
2000	11	21	24	1.424	2.134	1.675
2000	11	22	24	0.000	0.000	0.000
2000	11	23	24	0.000	0.000	0.000
2000	11	24	24	7.464	9.066	8.030
2000	11	25	24	6.293	5.648	6.066
2000	11	26	24	4.173	5.333	4.582
2000	11	27	24	1.748	1.227	1.564
2000	11	28	24	1.741	1.679	1.719
2000	11	29	24	0.049	0.000	0.031
2000	11	30	24	0.000	0.000	0.000
2000	12	 1	24	0.000	0.000	0.000
2000	12	 2	24	0.000	0.000	0.000
2000	12	 3	24	0.000	0.000	0.000
2000	12	 4	24	0.090	0.007	0.061
2000	12	 5	24	0.117	0.655	0.307
2000	12	 6	24	0.000	0.000	0.000
2000	12	 7	24	0.012	0.000	0.007
2000	12	 8	24	1.134	1.397	1.227
2000	12	 9	24	0.000	0.000	0.000
2000	12	10	24	4.042	4.051	4.045
2000	12	11	24	4.165	7.300	5.272
2000	12	12	24	3.571	2.071	3.041
2000	12	13	24	0.154	0.036	0.112
2000	12	14	24	2.734	4.707	3.431
2000	12	15	24	9.278	7.986	8.821
2000	12	16	24	6.010	4.120	5.342
2000	12	17	24	0.001	0.000	0.001
2000	12	18	24	0.000	0.000	0.000
2000	12	19	24	0.000	0.000	0.000
2000	12	20	24	0.000	0.000	0.000
2000	12	21	24	0.000	0.000	0.000
2000	12	22	24	0.000	0.000	0.000
2000	12	23	24	0.000	0.000	0.000
2000	12	24	24	0.000	0.000	0.000
2000	12	25	24	2.036	1.114	1.710
2000	12	26	24	0.000	0.000	0.000
2000	12	27	24	0.000	0.000	0.000
2000	12	28	24	1.103	1.344	1.188
2000	12	29	24	1.303	0.363	0.971
2000	12	30	24	6.570	4.910	5.984
2000	12	31	24	1.251	1.602	1.375
2001	 1	 1	24	1.940	2.305	2.069
2001	 1	 2	24	2.362	2.077	2.261
2001	 1	 3	24	0.000	0.000	0.000
2001	 1	 4	24	1.027	0.634	0.889
2001	 1	 5	24	10.623	23.155	15.048
2001	 1	 6	24	1.380	1.263	1.339
2001	 1	 7	24	0.000	0.000	0.000
2001	 1	 8	24	0.000	0.000	0.000
2001	 1	 9	24	0.407	0.000	0.263
2001	 1	10	24	2.641	3.007	2.770
2001	 1	11	24	0.350	0.419	0.374
2001	 1	12	24	0.011	0.000	0.007
2001	 1	13	24	0.000	0.000	0.000
2001	 1	14	24	0.009	0.000	0.006
2001	 1	15	24	0.000	0.000	0.000
2001	 1	16	24	0.000	0.000	0.000
2001	 1	17	24	0.000	0.000	0.000
2001	 1	18	24	0.458	2.425	1.153
2001	 1	19	24	0.262	0.038	0.183
2001	 1	20	24	0.270	0.000	0.174
2001	 1	21	24	0.694	1.252	0.891
2001	 1	22	24	4.077	9.958	6.153
2001	 1	23	24	2.287	2.465	2.350
2001	 1	24	24	12.063	12.391	12.179
2001	 1	25	24	4.611	5.182	4.812
2001	 1	26	24	0.259	0.039	0.182
2001	 1	27	24	1.192	1.673	1.362
2001	 1	28	24	0.001	0.000	0.001
2001	 1	29	24	0.490	0.023	0.325
2001	 1	30	24	4.326	4.240	4.296
2001	 1	31	24	10.734	7.266	9.510
2001	 2	 1	24	12.864	10.420	12.001
2001	 2	 2	24	9.710	6.265	8.493
2001	 2	 3	24	9.907	8.440	9.389
2001	 2	 4	24	9.253	9.593	9.373
2001	 2	 5	24	0.994	0.817	0.932
2001	 2	 6	24	0.006	0.000	0.004
2001	 2	 7	24	0.000	0.000	0.000
2001	 2	 8	24	0.000	0.000	0.000
2001	 2	 9	24	1.372	1.153	1.295
2001	 2	10	24	0.000	0.000	0.000
2001	 2	11	24	0.000	0.000	0.000
2001	 2	12	24	2.688	2.325	2.560
2001	 2	13	24	0.201	0.439	0.285
2001	 2	14	24	0.000	0.000	0.000
2001	 2	15	24	0.000	0.000	0.000
2001	 2	16	24	0.000	0.000	0.000
2001	 2	17	24	1.377	0.483	1.061
2001	 2	18	24	1.358	1.861	1.536
2001	 2	19	24	2.700	2.781	2.729
2001	 2	20	24	1.518	1.884	1.647
2001	 2	21	24	5.898	7.788	6.566
2001	 2	22	24	48.627	50.792	49.391
2001	 2	23	24	23.272	15.573	20.553
2001	 2	24	24	2.683	0.441	1.891
2001	 2	25	24	0.279	0.009	0.183
2001	 2	26	24	2.087	0.726	1.607
2001	 2	27	24	0.000	0.000	0.000
2001	 2	28	24	0.000	0.000	0.000
2001	 3	 1	24	0.284	0.000	0.183
2001	 3	 2	24	0.049	0.135	0.079
2001	 3	 3	24	9.093	7.874	8.663
2001	 3	 4	24	6.377	6.241	6.329
2001	 3	 5	24	2.486	1.033	1.973
2001	 3	 6	24	0.000	0.000	0.000
2001	 3	 7	24	0.476	0.222	0.387
2001	 3	 8	24	9.815	13.954	11.276
2001	 3	 9	24	3.344	1.841	2.813
2001	 3	10	24	1.305	1.098	1.232
2001	 3	11	24	2.215	1.736	2.046
2001	 3	12	24	12.072	14.303	12.860
2001	 3	13	24	3.237	2.819	3.090
2001	 3	14	24	2.165	0.960	1.740
2001	 3	15	24	2.246	2.259	2.250
2001	 3	16	24	0.217	0.026	0.150
2001	 3	17	24	8.634	7.399	8.198
2001	 3	18	24	3.092	3.544	3.252
2001	 3	19	24	4.424	5.693	4.872
2001	 3	20	24	0.414	0.003	0.269
2001	 3	21	24	6.253	7.564	6.716
2001	 3	22	24	4.783	4.897	4.823
2001	 3	23	24	6.462	8.708	7.255
2001	 3	24	24	11.534	13.106	12.089
2001	 3	25	24	6.140	4.939	5.716
2001	 3	26	24	1.131	0.208	0.805
2001	 3	27	24	0.242	0.610	0.372
2001	 3	28	24	0.001	0.120	0.043
2001	 3	29	24	0.000	0.000	0.000
2001	 3	30	24	0.840	1.034	0.908
2001	 3	31	24	0.000	0.000	0.000
2001	 4	 1	24	0.000	0.000	0.000
2001	 4	 2	24	0.000	0.000	0.000
2001	 4	 3	24	2.247	2.296	2.264
2001	 4	 4	24	7.005	8.350	7.480
2001	 4	 5	24	0.331	0.000	0.214
2001	 4	 6	24	2.602	3.559	2.940
2001	 4	 7	24	4.609	4.294	4.497
2001	 4	 8	24	2.760	2.802	2.775
2001	 4	 9	24	0.000	0.000	0.000
2001	 4	10	24	0.155	0.000	0.101
2001	 4	11	24	0.506	0.816	0.615
2001	 4	12	24	4.439	5.373	4.769
2001	 4	13	24	12.011	10.713	11.553
2001	 4	14	24	4.821	3.793	4.458
2001	 4	15	24	5.169	5.042	5.124
2001	 4	16	24	2.464	1.104	1.984
2001	 4	17	24	0.661	0.339	0.548
2001	 4	18	24	1.750	1.628	1.707
2001	 4	19	24	0.000	0.000	0.000
2001	 4	20	24	5.182	3.591	4.621
2001	 4	21	24	6.291	3.771	5.401
2001	 4	22	24	0.876	0.269	0.662
2001	 4	23	24	0.000	0.000	0.000
2001	 4	24	24	0.000	0.000	0.000
2001	 4	25	24	7.134	8.829	7.732
2001	 4	26	24	0.017	0.005	0.013
2001	 4	27	24	2.818	1.387	2.313
2001	 4	28	24	2.205	1.883	2.091
2001	 4	29	24	0.513	0.742	0.594
2001	 4	30	24	0.000	0.000	0.000
2001	 5	 1	24	0.000	0.000	0.000
2001	 5	 2	24	0.000	0.000	0.000
2001	 5	 3	24	8.052	4.679	6.861
2001	 5	 4	24	29.619	34.213	31.241
2001	 5	 5	24	9.755	9.005	9.490
2001	 5	 6	24	2.869	1.843	2.507
2001	 5	 7	24	1.023	0.552	0.857
2001	 5	 8	24	0.469	0.072	0.329
2001	 5	 9	24	0.000	0.000	0.000
2001	 5	10	24	0.000	0.000	0.000
2001	 5	11	24	0.000	0.000	0.000
2001	 5	12	24	0.000	0.000	0.000
2001	 5	13	24	0.000	0.000	0.000
2001	 5	14	24	0.049	0.181	0.095
2001	 5	15	24	13.559	8.860	11.900
2001	 5	16	24	0.826	0.342	0.655
2001	 5	17	24	4.938	4.534	4.795
2001	 5	18	24	2.074	3.164	2.459
2001	 5	19	24	0.143	0.000	0.093
2001	 5	20	24	0.000	0.000	0.000
2001	 5	21	24	0.000	0.000	0.000
2001	 5	22	24	0.000	0.000	0.000
2001	 5	23	24	0.000	0.000	0.000
2001	 5	24	24	0.000	0.000	0.000
2001	 5	25	24	0.000	0.000	0.000
2001	 5	26	24	0.000	0.000	0.000
2001	 5	27	24	1.376	1.758	1.511
2001	 5	28	24	11.169	14.215	12.245
2001	 5	29	24	0.029	0.000	0.019
2001	 5	30	24	0.000	0.000	0.000
2001	 5	31	24	5.932	9.232	7.097
2001	 6	 1	24	0.798	0.953	0.853
2001	 6	 2	24	2.745	4.903	3.507
2001	 6	 3	24	5.717	7.486	6.342
2001	 6	 4	24	9.898	16.083	12.082
2001	 6	 5	24	1.789	0.387	1.294
2001	 6	 6	24	0.086	0.000	0.055
2001	 6	 7	24	1.171	1.103	1.147
2001	 6	 8	24	1.219	1.330	1.258
2001	 6	 9	24	0.000	0.000	0.000
2001	 6	10	24	6.695	6.625	6.670
2001	 6	11	24	2.609	2.333	2.511
2001	 6	12	24	0.000	0.000	0.000
2001	 6	13	24	0.000	0.000	0.000
2001	 6	14	24	0.000	0.000	0.000
2001	 6	15	24	1.354	0.220	0.954
2001	 6	16	24	3.408	3.309	3.373
2001	 6	17	24	1.710	0.640	1.332
2001	 6	18	24	6.229	5.676	6.033
2001	 6	19	24	0.000	0.000	0.000
2001	 6	20	24	0.000	0.000	0.000
2001	 6	21	24	9.899	9.530	9.769
2001	 6	22	24	4.928	8.665	6.248
2001	 6	23	24	0.508	0.658	0.561
2001	 6	24	24	0.000	0.000	0.000
2001	 6	25	24	0.000	0.000	0.000
2001	 6	26	24	0.000	0.000	0.000
2001	 6	27	24	0.000	0.000	0.000
2001	 6	28	24	2.667	1.810	2.365
2001	 6	29	24	0.000	0.000	0.000
2001	 6	30	24	4.600	7.514	5.629
2001	 7	 1	24	0.535	2.203	1.124
2001	 7	 2	24	0.000	0.000	0.000
2001	 7	 3	24	0.000	0.000	0.000
2001	 7	 4	24	0.465	0.075	0.327
2001	 7	 5	24	0.000	0.000	0.000
2001	 7	 6	24	0.422	0.255	0.363
2001	 7	 7	24	21.894	19.306	20.980
2001	 7	 8	24	5.834	6.208	5.966
2001	 7	 9	24	2.878	2.611	2.783
2001	 7	10	24	0.608	0.356	0.519
2001	 7	11	24	0.264	0.435	0.324
2001	 7	12	24	0.092	0.514	0.241
2001	 7	13	24	0.427	0.730	0.534
2001	 7	14	24	0.000	0.000	0.000
2001	 7	15	24	12.088	11.466	11.868
2001	 7	16	24	8.240	5.656	7.327
2001	 7	17	24	4.244	4.292	4.261
2001	 7	18	24	0.853	1.762	1.174
2001	 7	19	24	0.030	0.278	0.117
2001	 7	20	24	12.573	17.903	14.455
2001	 7	21	24	0.011	0.000	0.007
2001	 7	22	24	0.000	0.000	0.000
2001	 7	23	24	0.000	0.000	0.000
2001	 7	24	24	0.000	0.000	0.000
2001	 7	25	24	0.000	0.000	0.000
2001	 7	26	24	0.000	0.000	0.000
2001	 7	27	24	0.000	0.000	0.000
2001	 7	28	24	0.000	0.000	0.000
2001	 7	29	24	1.677	0.465	1.249
2001	 7	30	24	0.000	0.000	0.000
2001	 7	31	24	3.024	2.348	2.786
2001	 8	 1	24	0.289	0.043	0.202
2001	 8	 2	24	0.000	0.000	0.000
2001	 8	 3	24	0.842	0.546	0.737
2001	 8	 4	24	3.470	1.218	2.675
2001	 8	 5	24	0.475	0.088	0.338
2001	 8	 6	24	0.547	0.426	0.504
2001	 8	 7	24	0.000	0.000	0.000
2001	 8	 8	24	0.537	0.162	0.404
2001	 8	 9	24	1.921	1.109	1.634
2001	 8	10	24	0.090	0.000	0.058
2001	 8	11	24	0.112	0.294	0.176
2001	 8	12	24	0.000	0.000	0.000
2001	 8	13	24	1.142	0.965	1.079
2001	 8	14	24	0.000	0.000	0.000
2001	 8	15	24	0.000	0.000	0.000
2001	 8	16	24	1.535	1.520	1.530
2001	 8	17	24	10.028	10.972	10.361
2001	 8	18	24	0.000	0.000	0.000
2001	 8	19	24	17.966	8.215	14.523
2001	 8	20	24	15.339	18.252	16.368
2001	 8	21	24	3.901	3.521	3.766
2001	 8	22	24	0.346	0.000	0.224
2001	 8	23	24	0.000	0.000	0.000
2001	 8	24	24	0.000	0.000	0.000
2001	 8	25	24	0.005	0.153	0.057
2001	 8	26	24	6.861	14.698	9.628
2001	 8	27	24	4.373	3.252	3.977
2001	 8	28	24	0.267	0.039	0.187
2001	 8	29	24	0.033	0.000	0.021
2001	 8	30	24	0.304	0.047	0.213
2001	 8	31	24	6.373	6.600	6.453
2001	 9	 1	24	19.876	22.532	20.814
2001	 9	 2	24	0.184	0.000	0.119
2001	 9	 3	24	3.753	4.142	3.890
2001	 9	 4	24	1.846	0.622	1.414
2001	 9	 5	24	1.046	0.284	0.777
2001	 9	 6	24	1.007	0.992	1.002
2001	 9	 7	24	11.308	14.659	12.491
2001	 9	 8	24	5.658	8.690	6.728
2001	 9	 9	24	12.563	15.473	13.591
2001	 9	10	24	14.904	24.057	18.136
2001	 9	11	24	2.707	3.240	2.895
2001	 9	12	24	6.498	7.616	6.893
2001	 9	13	24	6.975	7.818	7.273
2001	 9	14	24	1.603	3.455	2.257
2001	 9	15	24	1.942	1.707	1.859
2001	 9	16	24	1.712	1.710	1.711
2001	 9	17	24	1.243	0.906	1.124
2001	 9	18	24	5.180	6.902	5.788
2001	 9	19	24	3.467	6.858	4.665
2001	 9	20	24	4.356	5.041	4.598
2001	 9	21	24	3.241	2.094	2.836
2001	 9	22	24	0.601	0.142	0.439
2001	 9	23	24	3.736	5.417	4.329
2001	 9	24	24	3.634	5.208	4.190
2001	 9	25	24	3.392	2.309	3.010
2001	 9	26	24	0.819	0.594	0.740
2001	 9	27	24	1.948	2.141	2.016
2001	 9	28	24	1.017	0.942	0.990
2001	 9	29	24	0.158	0.105	0.139
2001	 9	30	24	4.132	2.914	3.702
2001	10	 1	24	8.733	8.695	8.720
2001	10	 2	24	0.040	0.000	0.026
2001	10	 3	24	10.599	12.115	11.134
2001	10	 4	24	4.619	3.517	4.230
2001	10	 5	24	0.008	0.000	0.005
2001	10	 6	24	0.011	0.012	0.011
2001	10	 7	24	0.043	0.080	0.056
2001	10	 8	24	1.012	0.328	0.770
2001	10	 9	24	0.000	0.000	0.000
2001	10	10	24	0.000	0.000	0.000
2001	10	11	24	0.000	0.000	0.000
2001	10	12	24	0.000	0.000	0.000
2001	10	13	24	0.000	0.000	0.000
2001	10	14	24	0.000	0.000	0.000
2001	10	15	24	0.000	0.000	0.000
2001	10	16	24	0.010	0.000	0.006
2001	10	17	24	0.000	0.000	0.000
2001	10	18	24	0.000	0.000	0.000
2001	10	19	24	0.011	0.188	0.073
2001	10	20	24	0.000	0.000	0.000
2001	10	21	24	5.478	6.840	5.959
2001	10	22	24	4.670	5.827	5.079
2001	10	23	24	0.079	0.000	0.051
2001	10	24	24	3.156	3.226	3.181
2001	10	25	24	0.469	0.279	0.402
2001	10	26	24	0.011	0.188	0.073
2001	10	27	24	2.566	2.333	2.483
2001	10	28	24	4.760	3.547	4.332
2001	10	29	24	0.362	0.249	0.322
2001	10	30	24	0.000	0.000	0.000
2001	10	31	24	1.948	1.868	1.920
2001	11	 1	24	5.407	7.279	6.068
2001	11	 2	24	2.318	2.000	2.206
2001	11	 3	24	0.000	0.000	0.000
2001	11	 4	24	0.001	0.000	0.001
2001	11	 5	24	0.820	1.153	0.937
2001	11	 6	24	2.523	3.548	2.885
2001	11	 7	24	10.759	8.361	9.912
2001	11	 8	24	22.437	21.070	21.954
2001	11	 9	24	1.483	0.544	1.152
2001	11	10	24	0.000	0.000	0.000
2001	11	11	24	0.024	0.000	0.015
2001	11	12	24	5.731	4.349	5.243
2001	11	13	24	0.569	0.204	0.440
2001	11	14	24	0.023	0.255	0.105
2001	11	15	24	1.420	1.167	1.331
2001	11	16	24	0.033	0.000	0.021
2001	11	17	24	0.148	0.000	0.096
2001	11	18	24	1.290	0.332	0.952
2001	11	19	24	6.075	5.932	6.024
2001	11	20	24	0.250	0.005	0.164
2001	11	21	24	1.304	2.142	1.600
2001	11	22	24	18.585	29.256	22.353
2001	11	23	24	1.486	1.633	1.538
2001	11	24	24	0.010	0.000	0.006
2001	11	25	24	2.804	1.543	2.359
2001	11	26	24	7.359	6.659	7.112
2001	11	27	24	3.922	2.982	3.590
2001	11	28	24	5.836	6.643	6.121
2001	11	29	24	9.311	10.134	9.602
2001	11	30	24	0.071	0.645	0.274
2001	12	 1	24	0.059	0.556	0.235
2001	12	 2	24	0.000	0.000	0.000
2001	12	 3	24	0.000	0.000	0.000
2001	12	 4	24	7.995	7.837	7.939
2001	12	 5	24	23.837	31.462	26.529
2001	12	 6	24	19.232	22.445	20.366
2001	12	 7	24	1.093	0.205	0.780
2001	12	 8	24	0.000	0.000	0.000
2001	12	 9	24	0.000	0.000	0.000
2001	12	10	24	4.202	2.337	3.543
2001	12	11	24	8.728	4.422	7.207
2001	12	12	24	13.625	9.422	12.141
2001	12	13	24	0.813	0.071	0.551
2001	12	14	24	0.535	0.047	0.363
2001	12	15	24	4.567	0.881	3.265
2001	12	16	24	4.899	1.919	3.847
2001	12	17	24	2.457	1.574	2.145
2001	12	18	24	3.170	0.990	2.400
2001	12	19	24	15.085	10.180	13.353
2001	12	20	24	6.725	7.812	7.109
2001	12	21	24	33.273	28.697	31.657
2001	12	22	24	12.288	11.775	12.107
2001	12	23	24	1.497	0.981	1.315
2001	12	24	24	6.189	4.644	5.643
2001	12	25	24	4.619	7.682	5.700
2001	12	26	24	3.624	1.727	2.954
2001	12	27	24	15.161	12.434	14.198
2001	12	28	24	8.990	12.778	10.328
2001	12	29	24	17.132	10.378	14.747
2001	12	30	24	9.763	8.621	9.360
2001	12	31	24	5.637	2.755	4.619
2002	 1	 1	24	6.248	3.966	5.442
2002	 1	 2	24	6.040	9.908	7.406
2002	 1	 3	24	0.014	0.000	0.009
2002	 1	 4	24	0.000	0.000	0.000
2002	 1	 5	24	0.000	0.000	0.000
2002	 1	 6	24	8.333	4.868	7.109
2002	 1	 7	24	0.877	0.082	0.596
2002	 1	 8	24	0.068	0.000	0.044
2002	 1	 9	24	0.000	0.000	0.000
2002	 1	10	24	0.000	0.000	0.000
2002	 1	11	24	0.546	0.059	0.374
2002	 1	12	24	9.975	7.527	9.111
2002	 1	13	24	0.000	0.000	0.000
2002	 1	14	24	0.000	0.000	0.000
2002	 1	15	24	0.263	2.019	0.883
2002	 1	16	24	0.861	0.842	0.854
2002	 1	17	24	0.460	0.682	0.539
2002	 1	18	24	0.745	0.451	0.641
2002	 1	19	24	4.039	2.778	3.594
2002	 1	20	24	7.388	12.316	9.128
2002	 1	21	24	2.339	2.679	2.459
2002	 1	22	24	0.000	0.000	0.000
2002	 1	23	24	0.075	0.337	0.168
2002	 1	24	24	1.342	2.901	1.893
2002	 1	25	24	4.535	4.270	4.442
2002	 1	26	24	1.208	0.665	1.016
2002	 1	27	24	8.738	11.893	9.852
2002	 1	28	24	3.096	2.903	3.028
2002	 1	29	24	0.000	0.000	0.000
2002	 1	30	24	0.000	0.000	0.000
2002	 1	31	24	0.000	0.000	0.000
2002	 2	 1	24	0.000	0.000	0.000
2002	 2	 2	24	0.000	0.000	0.000
2002	 2	 3	24	0.000	0.000	0.000
2002	 2	 4	24	0.000	0.000	0.000
2002	 2	 5	24	2.009	1.931	1.982
2002	 2	 6	24	0.815	1.481	1.050
2002	 2	 7	24	1.358	1.206	1.304
2002	 2	 8	24	0.610	0.701	0.642
2002	 2	 9	24	8.307	7.754	8.112
2002	 2	10	24	4.595	4.072	4.411
2002	 2	11	24	2.482	3.379	2.799
2002	 2	12	24	20.261	22.740	21.136
2002	 2	13	24	2.395	3.182	2.673
2002	 2	14	24	0.000	0.000	0.000
2002	 2	15	24	0.000	0.000	0.000
2002	 2	16	24	0.000	0.000	0.000
2002	 2	17	24	0.000	0.000	0.000
2002	 2	18	24	0.001	0.000	0.001
2002	 2	19	24	9.636	11.651	10.348
2002	 2	20	24	11.980	17.094	13.785
2002	 2	21	24	5.690	6.551	5.994
2002	 2	22	24	24.842	16.688	21.963
2002	 2	23	24	13.074	15.885	14.067
2002	 2	24	24	5.496	4.417	5.115
2002	 2	25	24	15.749	15.158	15.540
2002	 2	26	24	2.147	1.515	1.924
2002	 2	27	24	4.127	4.199	4.153
2002	 2	28	24	1.098	0.837	1.006
2002	 3	 1	24	0.383	0.185	0.313
2002	 3	 2	24	0.184	0.000	0.119
2002	 3	 3	24	1.288	0.854	1.135
2002	 3	 4	24	0.000	0.000	0.000
2002	 3	 5	24	0.000	0.000	0.000
2002	 3	 6	24	0.350	0.327	0.342
2002	 3	 7	24	4.474	4.355	4.432
2002	 3	 8	24	0.000	0.000	0.000
2002	 3	 9	24	0.472	0.276	0.403
2002	 3	10	24	0.148	0.000	0.096
2002	 3	11	24	0.000	0.000	0.000
2002	 3	12	24	0.000	0.000	0.000
2002	 3	13	24	0.229	0.000	0.148
2002	 3	14	24	2.035	1.456	1.831
2002	 3	15	24	0.145	0.463	0.257
2002	 3	16	24	0.000	0.000	0.000
2002	 3	17	24	0.000	0.000	0.000
2002	 3	18	24	2.282	0.321	1.589
2002	 3	19	24	2.286	4.530	3.078
2002	 3	20	24	8.715	9.220	8.894
2002	 3	21	24	1.943	2.544	2.155
2002	 3	22	24	7.524	7.947	7.673
2002	 3	23	24	15.566	17.757	16.340
2002	 3	24	24	9.256	11.584	10.078
2002	 3	25	24	0.735	0.462	0.638
2002	 3	26	24	0.000	0.000	0.000
2002	 3	27	24	0.000	0.000	0.000
2002	 3	28	24	0.000	0.000	0.000
2002	 3	29	24	0.000	0.000	0.000
2002	 3	30	24	0.000	0.000	0.000
2002	 3	31	24	0.052	0.500	0.210
2002	 4	 1	24	0.000	0.000	0.000
2002	 4	 2	24	0.000	0.000	0.000
2002	 4	 3	24	0.000	0.000	0.000
2002	 4	 4	24	0.000	0.000	0.000
2002	 4	 5	24	0.000	0.000	0.000
2002	 4	 6	24	0.205	0.129	0.178
2002	 4	 7	24	0.000	0.000	0.000
2002	 4	 8	24	0.000	0.000	0.000
2002	 4	 9	24	0.000	0.000	0.000
2002	 4	10	24	0.000	0.000	0.000
2002	 4	11	24	0.444	0.532	0.475
2002	 4	12	24	0.604	0.973	0.734
2002	 4	13	24	1.780	1.364	1.633
2002	 4	14	24	16.711	16.832	16.754
2002	 4	15	24	6.576	6.145	6.424
2002	 4	16	24	0.428	0.024	0.285
2002	 4	17	24	0.000	0.000	0.000
2002	 4	18	24	0.000	0.000	0.000
2002	 4	19	24	2.240	1.685	2.044
2002	 4	20	24	0.000	0.000	0.000
2002	 4	21	24	0.000	0.000	0.000
2002	 4	22	24	0.000	0.000	0.000
2002	 4	23	24	0.014	0.000	0.009
2002	 4	24	24	0.000	0.000	0.000
2002	 4	25	24	0.000	0.000	0.000
2002	 4	26	24	6.221	6.180	6.206
2002	 4	27	24	1.188	1.231	1.203
2002	 4	28	24	0.176	0.479	0.283
2002	 4	29	24	0.655	1.193	0.845
2002	 4	30	24	0.000	0.000	0.000
2002	 5	 1	24	0.097	0.360	0.190
2002	 5	 2	24	1.080	1.031	1.063
2002	 5	 3	24	0.222	0.013	0.149
2002	 5	 4	24	0.753	0.294	0.591
2002	 5	 5	24	12.970	12.436	12.782
2002	 5	 6	24	4.976	6.664	5.572
2002	 5	 7	24	0.000	0.000	0.000
2002	 5	 8	24	0.000	0.000	0.000
2002	 5	 9	24	0.000	0.000	0.000
2002	 5	10	24	0.405	0.067	0.285
2002	 5	11	24	2.976	2.937	2.963
2002	 5	12	24	2.914	2.932	2.920
2002	 5	13	24	0.729	2.217	1.254
2002	 5	14	24	0.000	0.000	0.000
2002	 5	15	24	0.678	0.000	0.438
2002	 5	16	24	0.000	0.000	0.000
2002	 5	17	24	0.000	0.000	0.000
2002	 5	18	24	0.000	0.000	0.000
2002	 5	19	24	3.363	2.347	3.004
2002	 5	20	24	0.000	0.000	0.000
2002	 5	21	24	0.000	0.000	0.000
2002	 5	22	24	0.000	0.000	0.000
2002	 5	23	24	6.262	5.504	5.995
2002	 5	24	24	0.001	0.000	0.000
2002	 5	25	24	9.019	9.430	9.164
2002	 5	26	24	1.773	1.247	1.587
2002	 5	27	24	2.519	1.908	2.303
2002	 5	28	24	2.089	1.836	2.000
2002	 5	29	24	0.421	0.583	0.478
2002	 5	30	24	0.217	0.000	0.140
2002	 5	31	24	0.000	0.000	0.000
2002	 6	 1	24	0.000	0.000	0.000
2002	 6	 2	24	0.000	0.000	0.000
2002	 6	 3	24	0.000	0.000	0.000
2002	 6	 4	24	0.000	0.000	0.000
2002	 6	 5	24	3.568	3.393	3.506
2002	 6	 6	24	4.078	2.649	3.573
2002	 6	 7	24	31.554	27.367	30.075
2002	 6	 8	24	16.718	16.457	16.626
2002	 6	 9	24	0.895	0.296	0.683
2002	 6	10	24	0.442	0.079	0.314
2002	 6	11	24	0.000	0.000	0.000
2002	 6	12	24	0.074	0.000	0.048
2002	 6	13	24	7.011	7.472	7.174
2002	 6	14	24	1.231	0.533	0.984
2002	 6	15	24	4.840	4.683	4.785
2002	 6	16	24	0.167	0.000	0.108
2002	 6	17	24	0.000	0.000	0.000
2002	 6	18	24	0.000	0.000	0.000
2002	 6	19	24	0.077	0.000	0.050
2002	 6	20	24	7.546	4.785	6.571
2002	 6	21	24	5.379	3.861	4.843
2002	 6	22	24	0.000	0.000	0.000
2002	 6	23	24	1.784	2.018	1.867
2002	 6	24	24	0.000	0.000	0.000
2002	 6	25	24	0.000	0.000	0.000
2002	 6	26	24	0.000	0.000	0.000
2002	 6	27	24	0.003	0.000	0.002
2002	 6	28	24	0.538	0.758	0.615
2002	 6	29	24	0.119	0.000	0.077
2002	 6	30	24	0.000	0.000	0.000
2002	 7	 1	24	1.213	1.798	1.420
2002	 7	 2	24	6.564	8.595	7.281
2002	 7	 3	24	3.420	3.661	3.505
2002	 7	 4	24	0.910	0.477	0.757
2002	 7	 5	24	0.000	0.000	0.000
2002	 7	 6	24	6.229	5.346	5.917
2002	 7	 7	24	0.000	0.000	0.000
2002	 7	 8	24	0.000	0.000	0.000
2002	 7	 9	24	0.000	0.000	0.000
2002	 7	10	24	5.590	3.261	4.768
2002	 7	11	24	0.053	0.000	0.034
2002	 7	12	24	0.000	0.000	0.000
2002	 7	13	24	12.104	13.105	12.457
2002	 7	14	24	0.000	0.000	0.000
2002	 7	15	24	0.087	0.000	0.057
2002	 7	16	24	15.439	14.003	14.932
2002	 7	17	24	2.054	2.851	2.335
2002	 7	18	24	0.417	0.610	0.485
2002	 7	19	24	0.217	0.000	0.141
2002	 7	20	24	0.000	0.000	0.000
2002	 7	21	24	0.798	2.114	1.263
2002	 7	22	24	0.003	0.000	0.002
2002	 7	23	24	0.000	0.000	0.000
2002	 7	24	24	0.411	0.625	0.487
2002	 7	25	24	0.374	0.116	0.283
2002	 7	26	24	1.247	1.298	1.265
2002	 7	27	24	0.000	0.000	0.000
2002	 7	28	24	0.000	0.000	0.000
2002	 7	29	24	0.000	0.000	0.000
2002	 7	30	24	0.000	0.000	0.000
2002	 7	31	24	2.286	2.416	2.332
2002	 8	 1	24	29.674	5.894	21.277
2002	 8	 2	24	0.000	0.000	0.000
2002	 8	 3	24	0.000	0.000	0.000
2002	 8	 4	24	9.635	13.986	11.171
2002	 8	 5	24	1.761	1.157	1.548
2002	 8	 6	24	3.093	3.732	3.318
2002	 8	 7	24	11.542	11.240	11.435
2002	 8	 8	24	7.656	5.027	6.728
2002	 8	 9	24	0.000	0.000	0.000
2002	 8	10	24	0.000	0.000	0.000
2002	 8	11	24	26.086	51.815	35.172
2002	 8	12	24	197.454	246.808	214.882
2002	 8	13	24	13.597	21.036	16.224
2002	 8	14	24	1.331	0.800	1.143
2002	 8	15	24	2.193	1.091	1.804
2002	 8	16	24	0.321	0.051	0.226
2002	 8	17	24	9.756	1.225	6.744
2002	 8	18	24	1.994	0.099	1.325
2002	 8	19	24	0.000	0.000	0.000
2002	 8	20	24	0.000	0.000	0.000
2002	 8	21	24	0.419	1.906	0.944
2002	 8	22	24	0.148	0.004	0.097
2002	 8	23	24	0.000	0.000	0.000
2002	 8	24	24	0.000	0.000	0.000
2002	 8	25	24	0.000	0.000	0.000
2002	 8	26	24	0.000	0.000	0.000
2002	 8	27	24	0.000	0.000	0.000
2002	 8	28	24	0.000	0.000	0.000
2002	 8	29	24	0.030	0.000	0.019
2002	 8	30	24	0.000	0.000	0.000
2002	 8	31	24	4.996	7.186	5.769
2002	 9	 1	24	0.534	1.191	0.766
2002	 9	 2	24	0.000	0.000	0.000
2002	 9	 3	24	0.000	0.000	0.000
2002	 9	 4	24	0.000	0.000	0.000
2002	 9	 5	24	12.273	16.696	13.835
2002	 9	 6	24	0.000	0.000	0.000
2002	 9	 7	24	0.080	0.000	0.052
2002	 9	 8	24	0.000	0.000	0.000
2002	 9	 9	24	0.000	0.000	0.000
2002	 9	10	24	7.296	5.250	6.573
2002	 9	11	24	0.000	0.000	0.000
2002	 9	12	24	0.000	0.000	0.000
2002	 9	13	24	0.000	0.000	0.000
2002	 9	14	24	6.615	9.357	7.583
2002	 9	15	24	7.042	4.330	6.084
2002	 9	16	24	1.391	1.336	1.372
2002	 9	17	24	1.061	1.059	1.060
2002	 9	18	24	0.130	0.000	0.084
2002	 9	19	24	0.000	0.000	0.000
2002	 9	20	24	0.000	0.000	0.000
2002	 9	21	24	0.335	0.607	0.431
2002	 9	22	24	8.660	13.818	10.481
2002	 9	23	24	4.039	2.230	3.400
2002	 9	24	24	0.549	1.206	0.781
2002	 9	25	24	0.739	0.945	0.812
2002	 9	26	24	21.592	21.975	21.728
2002	 9	27	24	2.551	1.865	2.309
2002	 9	28	24	0.000	0.000	0.000
2002	 9	29	24	0.000	0.007	0.003
2002	 9	30	24	0.000	0.000	0.000
2002	10	 1	24	0.000	0.000	0.000
2002	10	 2	24	0.000	0.000	0.000
2002	10	 3	24	3.277	4.212	3.608
2002	10	 4	24	1.804	1.575	1.723
2002	10	 5	24	6.776	7.905	7.174
2002	10	 6	24	13.731	15.675	14.417
2002	10	 7	24	4.210	4.519	4.319
2002	10	 8	24	2.667	2.324	2.546
2002	10	 9	24	0.137	0.000	0.088
2002	10	10	24	0.000	0.000	0.000
2002	10	11	24	0.000	0.000	0.000
2002	10	12	24	0.311	0.530	0.388
2002	10	13	24	0.556	0.180	0.423
2002	10	14	24	0.000	0.000	0.000
2002	10	15	24	5.686	7.503	6.328
2002	10	16	24	8.266	7.417	7.966
2002	10	17	24	0.502	1.243	0.764
2002	10	18	24	0.812	1.003	0.879
2002	10	19	24	5.798	6.487	6.041
2002	10	20	24	0.047	0.000	0.031
2002	10	21	24	5.800	6.111	5.910
2002	10	22	24	6.223	7.542	6.688
2002	10	23	24	1.128	1.455	1.243
2002	10	24	24	0.382	0.221	0.325
2002	10	25	24	12.670	21.437	15.766
2002	10	26	24	0.098	0.116	0.104
2002	10	27	24	7.680	11.804	9.136
2002	10	28	24	6.570	9.398	7.568
2002	10	29	24	0.585	0.454	0.538
2002	10	30	24	0.108	0.610	0.285
2002	10	31	24	0.982	0.757	0.902
2002	11	 1	24	2.751	1.936	2.463
2002	11	 2	24	7.111	8.600	7.637
2002	11	 3	24	11.487	18.806	14.071
2002	11	 4	24	2.567	1.305	2.121
2002	11	 5	24	0.000	0.000	0.000
2002	11	 6	24	0.021	0.260	0.105
2002	11	 7	24	3.459	3.322	3.411
2002	11	 8	24	21.822	28.775	24.277
2002	11	 9	24	10.521	26.650	16.216
2002	11	10	24	5.179	7.803	6.106
2002	11	11	24	6.563	11.552	8.325
2002	11	12	24	0.000	0.000	0.000
2002	11	13	24	0.000	0.000	0.000
2002	11	14	24	0.714	0.790	0.741
2002	11	15	24	0.051	0.086	0.063
2002	11	16	24	0.000	0.000	0.000
2002	11	17	24	0.000	0.000	0.000
2002	11	18	24	5.170	5.267	5.204
2002	11	19	24	27.430	25.210	26.646
2002	11	20	24	0.000	0.000	0.000
2002	11	21	24	0.000	0.000	0.000
2002	11	22	24	16.086	18.088	16.793
2002	11	23	24	3.659	6.078	4.513
2002	11	24	24	0.001	0.000	0.001
2002	11	25	24	0.185	0.232	0.202
2002	11	26	24	0.000	0.000	0.000
2002	11	27	24	1.962	5.000	3.034
2002	11	28	24	0.685	0.591	0.652
2002	11	29	24	13.035	15.526	13.915
2002	11	30	24	14.712	13.045	14.124
2002	12	 1	24	0.013	0.000	0.008
2002	12	 2	24	0.284	0.488	0.356
2002	12	 3	24	0.632	0.382	0.544
2002	12	 4	24	0.161	0.449	0.263
2002	12	 5	24	0.522	0.944	0.671
2002	12	 6	24	0.111	0.762	0.341
2002	12	 7	24	0.000	0.000	0.000
2002	12	 8	24	0.000	0.000	0.000
2002	12	 9	24	0.000	0.000	0.000
2002	12	10	24	0.000	0.000	0.000
2002	12	11	24	0.000	0.000	0.000
2002	12	12	24	0.294	1.535	0.732
2002	12	13	24	0.157	0.771	0.374
2002	12	14	24	0.218	0.702	0.389
2002	12	15	24	1.116	2.067	1.452
2002	12	16	24	5.215	2.516	4.262
2002	12	17	24	4.053	1.875	3.284
2002	12	18	24	2.579	1.626	2.243
2002	12	19	24	0.003	0.000	0.002
2002	12	20	24	0.000	0.000	0.000
2002	12	21	24	0.249	0.000	0.161
2002	12	22	24	30.336	27.590	29.366
2002	12	23	24	0.005	0.000	0.003
2002	12	24	24	1.835	0.723	1.442
2002	12	25	24	0.049	0.462	0.195
2002	12	26	24	2.213	2.905	2.457
2002	12	27	24	0.423	0.895	0.590
2002	12	28	24	1.142	0.646	0.967
2002	12	29	24	13.878	12.016	13.220
2002	12	30	24	31.205	30.600	30.992
2002	12	31	24	1.672	2.066	1.812
2003	 1	 1	24	7.186	6.105	6.804
2003	 1	 2	24	19.694	23.083	20.891
2003	 1	 3	24	8.605	9.931	9.073
2003	 1	 4	24	2.673	1.048	2.099
2003	 1	 5	24	1.077	0.799	0.979
2003	 1	 6	24	3.701	3.509	3.633
2003	 1	 7	24	0.522	0.171	0.398
2003	 1	 8	24	0.000	0.000	0.000
2003	 1	 9	24	0.189	0.000	0.122
2003	 1	10	24	2.330	0.724	1.763
2003	 1	11	24	1.146	0.835	1.036
2003	 1	12	24	1.811	0.279	1.270
2003	 1	13	24	13.960	15.162	14.384
2003	 1	14	24	1.106	1.516	1.251
2003	 1	15	24	0.159	0.000	0.103
2003	 1	16	24	0.000	0.000	0.000
2003	 1	17	24	0.049	0.475	0.199
2003	 1	18	24	0.263	0.301	0.276
2003	 1	19	24	0.453	1.255	0.736
2003	 1	20	24	0.117	1.000	0.429
2003	 1	21	24	0.214	1.746	0.755
2003	 1	22	24	0.000	0.000	0.000
2003	 1	23	24	12.705	12.291	12.559
2003	 1	24	24	2.717	2.432	2.616
2003	 1	25	24	1.657	0.835	1.367
2003	 1	26	24	0.912	0.549	0.784
2003	 1	27	24	9.451	14.254	11.147
2003	 1	28	24	9.019	17.769	12.109
2003	 1	29	24	5.749	6.098	5.873
2003	 1	30	24	2.591	1.578	2.234
2003	 1	31	24	2.762	0.610	2.002
2003	 2	 1	24	0.041	0.242	0.112
2003	 2	 2	24	7.765	4.943	6.768
2003	 2	 3	24	4.287	5.431	4.691
2003	 2	 4	24	0.160	0.000	0.104
2003	 2	 5	24	1.073	0.961	1.034
2003	 2	 6	24	3.367	3.615	3.455
2003	 2	 7	24	4.647	2.040	3.726
2003	 2	 8	24	2.816	2.939	2.859
2003	 2	 9	24	0.076	0.000	0.049
2003	 2	10	24	0.000	0.000	0.000
2003	 2	11	24	0.000	0.000	0.000
2003	 2	12	24	0.000	0.000	0.000
2003	 2	13	24	0.000	0.000	0.000
2003	 2	14	24	0.192	0.000	0.124
2003	 2	15	24	5.601	3.066	4.706
2003	 2	16	24	0.258	0.000	0.167
2003	 2	17	24	0.000	0.000	0.000
2003	 2	18	24	0.020	0.243	0.099
2003	 2	19	24	0.000	0.000	0.000
2003	 2	20	24	0.000	0.000	0.000
2003	 2	21	24	0.021	0.265	0.107
2003	 2	22	24	0.000	0.000	0.000
2003	 2	23	24	0.000	0.000	0.000
2003	 2	24	24	0.000	0.000	0.000
2003	 2	25	24	0.000	0.000	0.000
2003	 2	26	24	0.000	0.000	0.000
2003	 2	27	24	0.000	0.000	0.000
2003	 2	28	24	0.000	0.000	0.000
2003	 3	 1	24	0.000	0.000	0.000
2003	 3	 2	24	0.182	0.000	0.118
2003	 3	 3	24	0.521	0.000	0.337
2003	 3	 4	24	0.000	0.000	0.000
2003	 3	 5	24	0.000	0.000	0.000
2003	 3	 6	24	4.741	4.285	4.580
2003	 3	 7	24	3.901	3.323	3.697
2003	 3	 8	24	1.474	0.683	1.195
2003	 3	 9	24	0.894	1.598	1.143
2003	 3	10	24	0.000	0.000	0.000
2003	 3	11	24	7.065	6.073	6.714
2003	 3	12	24	8.108	11.983	9.476
2003	 3	13	24	0.963	0.493	0.797
2003	 3	14	24	0.302	0.000	0.195
2003	 3	15	24	0.000	0.000	0.000
2003	 3	16	24	0.000	0.000	0.000
2003	 3	17	24	0.000	0.000	0.000
2003	 3	18	24	0.000	0.000	0.000
2003	 3	19	24	0.000	0.000	0.000
2003	 3	20	24	0.000	0.000	0.000
2003	 3	21	24	0.000	0.000	0.000
2003	 3	22	24	0.000	0.000	0.000
2003	 3	23	24	0.000	0.000	0.000
2003	 3	24	24	0.000	0.000	0.000
2003	 3	25	24	0.034	0.174	0.083
2003	 3	26	24	0.000	0.000	0.000
2003	 3	27	24	0.712	0.572	0.663
2003	 3	28	24	0.000	0.000	0.000
2003	 3	29	24	0.000	0.000	0.000
2003	 3	30	24	0.000	0.000	0.000
2003	 3	31	24	0.000	0.000	0.000
2003	 4	 1	24	1.974	1.029	1.640
2003	 4	 2	24	3.659	2.207	3.146
2003	 4	 3	24	2.548	2.485	2.526
2003	 4	 4	24	0.000	0.000	0.000
2003	 4	 5	24	0.976	3.073	1.716
2003	 4	 6	24	4.275	3.955	4.162
2003	 4	 7	24	2.869	4.767	3.540
2003	 4	 8	24	0.421	0.255	0.362
2003	 4	 9	24	0.000	0.000	0.000
2003	 4	10	24	1.095	0.797	0.990
2003	 4	11	24	0.583	0.533	0.565
2003	 4	12	24	0.000	0.000	0.000
2003	 4	13	24	0.000	0.000	0.000
2003	 4	14	24	0.000	0.000	0.000
2003	 4	15	24	0.000	0.000	0.000
2003	 4	16	24	0.000	0.000	0.000
2003	 4	17	24	0.000	0.000	0.000
2003	 4	18	24	15.220	15.023	15.150
2003	 4	19	24	17.192	15.113	16.458
2003	 4	20	24	0.000	0.000	0.000
2003	 4	21	24	0.000	0.000	0.000
2003	 4	22	24	0.000	0.000	0.000
2003	 4	23	24	0.000	0.000	0.000
2003	 4	24	24	0.000	0.000	0.000
2003	 4	25	24	0.000	0.000	0.000
2003	 4	26	24	3.314	3.350	3.327
2003	 4	27	24	1.851	1.012	1.555
2003	 4	28	24	0.115	0.000	0.075
2003	 4	29	24	0.000	0.000	0.000
2003	 4	30	24	0.000	0.000	0.000
2003	 5	 1	24	0.000	0.000	0.000
2003	 5	 2	24	0.000	0.000	0.000
2003	 5	 3	24	0.000	0.000	0.000
2003	 5	 4	24	0.000	0.000	0.000
2003	 5	 5	24	0.000	0.000	0.000
2003	 5	 6	24	0.000	0.000	0.000
2003	 5	 7	24	0.000	0.000	0.000
2003	 5	 8	24	10.510	8.975	9.968
2003	 5	 9	24	2.192	3.855	2.779
2003	 5	10	24	0.211	0.314	0.247
2003	 5	11	24	0.000	0.000	0.000
2003	 5	12	24	1.385	2.847	1.901
2003	 5	13	24	3.000	0.458	2.102
2003	 5	14	24	0.041	0.149	0.079
2003	 5	15	24	1.406	2.819	1.905
2003	 5	16	24	0.026	0.000	0.017
2003	 5	17	24	1.750	1.042	1.500
2003	 5	18	24	5.970	7.403	6.476
2003	 5	19	24	6.695	7.794	7.083
2003	 5	20	24	0.107	0.648	0.298
2003	 5	21	24	0.000	0.000	0.000
2003	 5	22	24	0.000	0.000	0.000
2003	 5	23	24	0.000	0.000	0.000
2003	 5	24	24	0.000	0.000	0.000
2003	 5	25	24	0.054	0.000	0.035
2003	 5	26	24	7.009	6.611	6.868
2003	 5	27	24	0.000	0.000	0.000
2003	 5	28	24	0.000	0.000	0.000
2003	 5	29	24	0.000	0.000	0.000
2003	 5	30	24	0.390	0.000	0.252
2003	 5	31	24	1.161	1.300	1.210
2003	 6	 1	24	0.000	0.000	0.000
2003	 6	 2	24	0.000	0.000	0.000
2003	 6	 3	24	0.000	0.000	0.000
2003	 6	 4	24	0.000	0.000	0.000
2003	 6	 5	24	6.249	1.085	4.426
2003	 6	 6	24	0.215	0.000	0.139
2003	 6	 7	24	0.000	0.000	0.000
2003	 6	 8	24	1.069	3.233	1.833
2003	 6	 9	24	0.000	0.000	0.000
2003	 6	10	24	0.004	0.140	0.052
2003	 6	11	24	0.112	0.000	0.072
2003	 6	12	24	7.532	10.612	8.620
2003	 6	13	24	0.000	0.000	0.000
2003	 6	14	24	0.000	0.000	0.000
2003	 6	15	24	0.000	0.000	0.000
2003	 6	16	24	0.000	0.000	0.000
2003	 6	17	24	0.000	0.000	0.000
2003	 6	18	24	4.152	4.390	4.236
2003	 6	19	24	2.592	2.001	2.383
2003	 6	20	24	0.000	0.000	0.000
2003	 6	21	24	0.000	0.000	0.000
2003	 6	22	24	0.000	0.000	0.000
2003	 6	23	24	4.124	7.655	5.371
2003	 6	24	24	0.000	0.000	0.000
2003	 6	25	24	0.000	0.000	0.000
2003	 6	26	24	0.000	0.000	0.000
2003	 6	27	24	0.000	0.000	0.000
2003	 6	28	24	0.000	0.000	0.000
2003	 6	29	24	0.974	0.908	0.951
2003	 6	30	24	10.368	14.233	11.732
2003	 7	 1	24	10.717	13.005	11.525
2003	 7	 2	24	0.447	0.000	0.289
2003	 7	 3	24	2.669	3.354	2.911
2003	 7	 4	24	4.329	5.819	4.855
2003	 7	 5	24	2.553	3.904	3.030
2003	 7	 6	24	0.348	0.596	0.436
2003	 7	 7	24	0.000	0.000	0.000
2003	 7	 8	24	0.000	0.000	0.000
2003	 7	 9	24	3.050	1.455	2.487
2003	 7	10	24	0.000	0.000	0.000
2003	 7	11	24	0.162	0.299	0.210
2003	 7	12	24	0.056	0.000	0.036
2003	 7	13	24	0.000	0.000	0.000
2003	 7	14	24	0.000	0.000	0.000
2003	 7	15	24	0.000	0.000	0.000
2003	 7	16	24	0.114	0.000	0.074
2003	 7	17	24	6.581	6.681	6.616
2003	 7	18	24	0.000	0.000	0.000
2003	 7	19	24	0.000	0.000	0.000
2003	 7	20	24	0.000	0.000	0.000
2003	 7	21	24	1.142	1.678	1.331
2003	 7	22	24	0.262	0.161	0.226
2003	 7	23	24	3.067	2.593	2.899
2003	 7	24	24	13.978	15.983	14.686
2003	 7	25	24	0.074	0.000	0.048
2003	 7	26	24	0.491	1.747	0.934
2003	 7	27	24	11.303	28.186	17.265
2003	 7	28	24	6.107	4.086	5.393
2003	 7	29	24	0.123	0.000	0.079
2003	 7	30	24	0.000	0.000	0.000
2003	 7	31	24	0.172	0.018	0.117
2003	 8	 1	24	0.843	0.008	0.548
2003	 8	 2	24	0.000	0.000	0.000
2003	 8	 3	24	0.000	0.000	0.000
2003	 8	 4	24	0.000	0.000	0.000
2003	 8	 5	24	0.000	0.000	0.000
2003	 8	 6	24	0.000	0.000	0.000
2003	 8	 7	24	0.000	0.000	0.000
2003	 8	 8	24	0.000	0.000	0.000
2003	 8	 9	24	0.000	0.000	0.000
2003	 8	10	24	0.000	0.000	0.000
2003	 8	11	24	0.000	0.000	0.000
2003	 8	12	24	0.000	0.000	0.000
2003	 8	13	24	4.423	5.390	4.764
2003	 8	14	24	1.457	0.675	1.181
2003	 8	15	24	0.000	0.000	0.000
2003	 8	16	24	0.000	0.000	0.000
2003	 8	17	24	0.000	0.000	0.000
2003	 8	18	24	0.683	0.655	0.673
2003	 8	19	24	2.284	3.123	2.580
2003	 8	20	24	0.000	0.000	0.000
2003	 8	21	24	0.000	0.000	0.000
2003	 8	22	24	0.000	0.000	0.000
2003	 8	23	24	0.561	0.506	0.542
2003	 8	24	24	0.000	0.000	0.000
2003	 8	25	24	0.000	0.000	0.000
2003	 8	26	24	0.000	0.000	0.000
2003	 8	27	24	0.000	0.000	0.000
2003	 8	28	24	1.238	1.178	1.217
2003	 8	29	24	3.182	2.506	2.943
2003	 8	30	24	0.860	0.229	0.637
2003	 8	31	24	1.458	0.919	1.267
2003	 9	 1	24	3.585	3.586	3.585
2003	 9	 2	24	2.116	1.446	1.879
2003	 9	 3	24	0.000	0.000	0.000
2003	 9	 4	24	0.000	0.000	0.000
2003	 9	 5	24	0.000	0.000	0.000
2003	 9	 6	24	0.000	0.000	0.000
2003	 9	 7	24	0.000	0.000	0.000
2003	 9	 8	24	0.000	0.000	0.000
2003	 9	 9	24	3.369	3.945	3.572
2003	 9	10	24	5.086	5.906	5.375
2003	 9	11	24	5.213	4.029	4.795
2003	 9	12	24	5.490	3.705	4.860
2003	 9	13	24	4.265	3.259	3.910
2003	 9	14	24	0.103	0.009	0.070
2003	 9	15	24	0.000	0.000	0.000
2003	 9	16	24	0.000	0.000	0.000
2003	 9	17	24	0.000	0.000	0.000
2003	 9	18	24	0.000	0.000	0.000
2003	 9	19	24	0.000	0.000	0.000
2003	 9	20	24	0.000	0.000	0.000
2003	 9	21	24	0.000	0.000	0.000
2003	 9	22	24	0.000	0.000	0.000
2003	 9	23	24	0.850	0.300	0.655
2003	 9	24	24	0.000	0.000	0.000
2003	 9	25	24	0.000	0.000	0.000
2003	 9	26	24	0.000	0.000	0.000
2003	 9	27	24	0.000	0.000	0.000
2003	 9	28	24	2.119	2.015	2.082
2003	 9	29	24	0.867	0.934	0.891
2003	 9	30	24	0.013	0.173	0.070
2003	10	 1	24	0.000	0.000	0.000
2003	10	 2	24	1.620	1.655	1.633
2003	10	 3	24	1.006	1.497	1.180
2003	10	 4	24	1.709	2.208	1.885
2003	10	 5	24	4.072	4.138	4.095
2003	10	 6	24	4.043	2.801	3.604
2003	10	 7	24	8.720	9.071	8.844
2003	10	 8	24	22.938	31.081	25.813
2003	10	 9	24	3.969	6.012	4.691
2003	10	10	24	1.038	2.222	1.456
2003	10	11	24	2.046	1.791	1.956
2003	10	12	24	0.000	0.041	0.014
2003	10	13	24	0.028	0.000	0.018
2003	10	14	24	0.314	0.199	0.273
2003	10	15	24	0.477	0.249	0.397
2003	10	16	24	0.000	0.000	0.000
2003	10	17	24	0.000	0.000	0.000
2003	10	18	24	0.000	0.000	0.000
2003	10	19	24	0.000	0.000	0.000
2003	10	20	24	0.000	0.000	0.000
2003	10	21	24	5.863	4.487	5.377
2003	10	22	24	1.269	0.622	1.040
2003	10	23	24	0.197	0.000	0.128
2003	10	24	24	0.229	0.235	0.231
2003	10	25	24	1.833	1.301	1.645
2003	10	26	24	1.138	0.763	1.006
2003	10	27	24	0.014	0.214	0.085
2003	10	28	24	0.000	0.000	0.000
2003	10	29	24	9.052	11.071	9.765
2003	10	30	24	1.527	0.899	1.305
2003	10	31	24	0.000	0.000	0.000
2003	11	 1	24	0.052	0.000	0.033
2003	11	 2	24	0.010	0.000	0.006
2003	11	 3	24	1.793	2.074	1.892
2003	11	 4	24	0.000	0.000	0.000
2003	11	 5	24	0.000	0.000	0.000
2003	11	 6	24	0.000	0.000	0.000
2003	11	 7	24	0.000	0.000	0.000
2003	11	 8	24	0.000	0.000	0.000
2003	11	 9	24	0.000	0.000	0.000
2003	11	10	24	0.000	0.000	0.000
2003	11	11	24	0.000	0.000	0.000
2003	11	12	24	0.000	0.000	0.000
2003	11	13	24	0.000	0.000	0.000
2003	11	14	24	0.051	0.000	0.033
2003	11	15	24	0.000	0.000	0.000
2003	11	16	24	4.457	4.747	4.559
2003	11	17	24	3.598	6.349	4.570
2003	11	18	24	1.009	2.298	1.464
2003	11	19	24	0.001	0.000	0.001
2003	11	20	24	0.001	0.000	0.000
2003	11	21	24	0.000	0.000	0.000
2003	11	22	24	0.000	0.000	0.000
2003	11	23	24	0.000	0.000	0.000
2003	11	24	24	0.013	0.204	0.081
2003	11	25	24	0.349	0.000	0.226
2003	11	26	24	1.846	2.040	1.914
2003	11	27	24	0.014	0.000	0.009
2003	11	28	24	4.456	3.481	4.112
2003	11	29	24	3.980	4.425	4.137
2003	11	30	24	0.035	0.314	0.134
2003	12	 1	24	0.000	0.000	0.000
2003	12	 2	24	0.083	0.219	0.131
2003	12	 3	24	0.014	0.214	0.085
2003	12	 4	24	0.178	0.000	0.115
2003	12	 5	24	2.632	4.380	3.249
2003	12	 6	24	5.519	9.688	6.991
2003	12	 7	24	0.000	0.000	0.000
2003	12	 8	24	0.000	0.000	0.000
2003	12	 9	24	0.000	0.000	0.000
2003	12	10	24	0.000	0.000	0.000
2003	12	11	24	2.854	1.652	2.429
2003	12	12	24	4.197	3.417	3.921
2003	12	13	24	13.476	18.131	15.120
2003	12	14	24	14.186	20.011	16.243
2003	12	15	24	8.036	8.118	8.065
2003	12	16	24	3.561	2.368	3.140
2003	12	17	24	0.064	0.126	0.086
2003	12	18	24	0.000	0.000	0.000
2003	12	19	24	0.234	0.028	0.161
2003	12	20	24	1.046	0.871	0.984
2003	12	21	24	3.541	2.987	3.346
2003	12	22	24	12.310	10.213	11.569
2003	12	23	24	0.000	0.000	0.000
2003	12	24	24	0.000	0.000	0.000
2003	12	25	24	0.058	0.000	0.037
2003	12	26	24	0.000	0.000	0.000
2003	12	27	24	0.000	0.000	0.000
2003	12	28	24	0.001	0.000	0.001
2003	12	29	24	0.000	0.000	0.000
2003	12	30	24	0.595	0.728	0.642
2003	12	31	24	2.756	2.054	2.508
2004	 1	 1	24	0.064	0.163	0.099
2004	 1	 2	24	3.410	2.194	2.981
2004	 1	 3	24	1.584	1.656	1.609
2004	 1	 4	24	13.107	12.917	13.040
2004	 1	 5	24	0.654	0.012	0.427
2004	 1	 6	24	29.120	27.762	28.640
2004	 1	 7	24	0.693	1.262	0.894
2004	 1	 8	24	0.838	0.524	0.727
2004	 1	 9	24	8.611	6.489	7.861
2004	 1	10	24	13.052	19.930	15.480
2004	 1	11	24	12.373	22.124	15.816
2004	 1	12	24	6.491	16.806	10.134
2004	 1	13	24	8.680	13.615	10.423
2004	 1	14	24	5.843	5.637	5.770
2004	 1	15	24	6.185	7.963	6.813
2004	 1	16	24	1.213	0.531	0.972
2004	 1	17	24	0.396	0.000	0.256
2004	 1	18	24	6.421	3.368	5.343
2004	 1	19	24	23.826	21.828	23.120
2004	 1	20	24	8.571	9.379	8.856
2004	 1	21	24	5.889	6.849	6.228
2004	 1	22	24	0.269	0.000	0.174
2004	 1	23	24	0.000	0.000	0.000
2004	 1	24	24	2.365	1.077	1.910
2004	 1	25	24	11.089	7.918	9.969
2004	 1	26	24	0.034	0.291	0.125
2004	 1	27	24	0.877	0.573	0.770
2004	 1	28	24	0.410	0.213	0.341
2004	 1	29	24	10.400	5.122	8.536
2004	 1	30	24	3.251	2.136	2.857
2004	 1	31	24	0.668	0.059	0.453
2004	 2	 1	24	3.728	4.088	3.855
2004	 2	 2	24	22.548	28.765	24.744
2004	 2	 3	24	2.017	1.804	1.942
2004	 2	 4	24	0.020	0.000	0.013
2004	 2	 5	24	0.226	1.176	0.562
2004	 2	 6	24	0.582	0.809	0.662
2004	 2	 7	24	2.822	3.199	2.955
2004	 2	 8	24	11.701	16.090	13.251
2004	 2	 9	24	12.341	17.640	14.212
2004	 2	10	24	9.685	10.440	9.951
2004	 2	11	24	4.899	3.844	4.526
2004	 2	12	24	0.989	0.764	0.910
2004	 2	13	24	2.931	3.490	3.128
2004	 2	14	24	0.323	0.009	0.212
2004	 2	15	24	0.274	0.426	0.327
2004	 2	16	24	0.000	0.000	0.000
2004	 2	17	24	2.967	2.793	2.905
2004	 2	18	24	2.561	2.198	2.433
2004	 2	19	24	2.943	0.948	2.238
2004	 2	20	24	0.000	0.000	0.000
2004	 2	21	24	0.000	0.000	0.000
2004	 2	22	24	0.327	0.315	0.323
2004	 2	23	24	3.127	3.041	3.096
2004	 2	24	24	0.225	0.002	0.146
2004	 2	25	24	0.951	0.395	0.755
2004	 2	26	24	1.972	2.210	2.056
2004	 2	27	24	0.009	0.000	0.006
2004	 2	28	24	0.556	0.010	0.363
2004	 2	29	24	3.954	5.021	4.331
2004	 3	 1	24	5.980	2.781	4.850
2004	 3	 2	24	11.067	10.462	10.853
2004	 3	 3	24	6.855	10.867	8.272
2004	 3	 4	24	0.108	0.000	0.070
2004	 3	 5	24	0.000	0.000	0.000
2004	 3	 6	24	1.807	1.441	1.678
2004	 3	 7	24	0.384	0.402	0.390
2004	 3	 8	24	0.486	0.026	0.324
2004	 3	 9	24	14.829	6.948	12.046
2004	 3	10	24	1.534	0.730	1.250
2004	 3	11	24	0.021	0.265	0.107
2004	 3	12	24	0.000	0.000	0.000
2004	 3	13	24	0.734	0.752	0.740
2004	 3	14	24	0.000	0.000	0.000
2004	 3	15	24	0.000	0.000	0.000
2004	 3	16	24	0.000	0.000	0.000
2004	 3	17	24	0.000	0.000	0.000
2004	 3	18	24	0.000	0.000	0.000
2004	 3	19	24	3.441	3.726	3.542
2004	 3	20	24	5.859	7.148	6.314
2004	 3	21	24	0.260	1.003	0.523
2004	 3	22	24	0.573	0.320	0.484
2004	 3	23	24	8.946	6.388	8.043
2004	 3	24	24	22.002	21.663	21.882
2004	 3	25	24	0.360	0.160	0.289
2004	 3	26	24	3.446	1.948	2.917
2004	 3	27	24	0.000	0.000	0.000
2004	 3	28	24	0.000	0.000	0.000
2004	 3	29	24	0.000	0.000	0.000
2004	 3	30	24	0.000	0.000	0.000
2004	 3	31	24	0.000	0.000	0.000
2004	 4	 1	24	0.000	0.000	0.000
2004	 4	 2	24	0.000	0.000	0.000
2004	 4	 3	24	0.000	0.000	0.000
2004	 4	 4	24	1.116	0.747	0.985
2004	 4	 5	24	2.997	3.058	3.019
2004	 4	 6	24	1.291	1.562	1.387
2004	 4	 7	24	1.454	0.845	1.239
2004	 4	 8	24	1.363	1.366	1.364
2004	 4	 9	24	0.581	0.000	0.376
2004	 4	10	24	1.295	0.333	0.955
2004	 4	11	24	0.000	0.000	0.000
2004	 4	12	24	0.000	0.000	0.000
2004	 4	13	24	0.000	0.000	0.000
2004	 4	14	24	0.000	0.000	0.000
2004	 4	15	24	0.000	0.000	0.000
2004	 4	16	24	0.000	0.000	0.000
2004	 4	17	24	0.000	0.000	0.000
2004	 4	18	24	1.615	7.994	3.868
2004	 4	19	24	5.254	4.689	5.055
2004	 4	20	24	0.000	0.000	0.000
2004	 4	21	24	0.000	0.000	0.000
2004	 4	22	24	0.000	0.000	0.000
2004	 4	23	24	2.047	1.376	1.810
2004	 4	24	24	8.264	8.500	8.347
2004	 4	25	24	0.179	0.007	0.118
2004	 4	26	24	0.800	0.505	0.696
2004	 4	27	24	0.000	0.000	0.000
2004	 4	28	24	0.000	0.000	0.000
2004	 4	29	24	0.000	0.000	0.000
2004	 4	30	24	0.000	0.000	0.000
2004	 5	 1	24	1.271	1.718	1.429
2004	 5	 2	24	4.801	4.275	4.616
2004	 5	 3	24	9.184	7.447	8.571
2004	 5	 4	24	0.610	0.295	0.499
2004	 5	 5	24	12.305	4.798	9.654
2004	 5	 6	24	20.039	22.106	20.769
2004	 5	 7	24	3.110	2.679	2.958
2004	 5	 8	24	0.388	0.021	0.259
2004	 5	 9	24	2.591	2.105	2.419
2004	 5	10	24	25.460	22.331	24.355
2004	 5	11	24	0.090	0.000	0.058
2004	 5	12	24	0.975	0.557	0.828
2004	 5	13	24	2.823	1.695	2.425
2004	 5	14	24	0.000	0.000	0.000
2004	 5	15	24	17.275	19.020	17.891
2004	 5	16	24	0.000	0.000	0.000
2004	 5	17	24	0.000	0.000	0.000
2004	 5	18	24	0.000	0.000	0.000
2004	 5	19	24	0.000	0.000	0.000
2004	 5	20	24	0.000	0.000	0.000
2004	 5	21	24	5.515	5.507	5.512
2004	 5	22	24	7.731	6.631	7.342
2004	 5	23	24	12.739	17.823	14.534
2004	 5	24	24	0.314	0.377	0.336
2004	 5	25	24	0.005	0.000	0.003
2004	 5	26	24	0.286	0.000	0.185
2004	 5	27	24	0.000	0.000	0.000
2004	 5	28	24	0.029	0.000	0.019
2004	 5	29	24	0.000	0.000	0.000
2004	 5	30	24	0.000	0.000	0.000
2004	 5	31	24	1.549	0.774	1.275
2004	 6	 1	24	5.525	5.420	5.488
2004	 6	 2	24	3.107	4.694	3.668
2004	 6	 3	24	0.246	0.038	0.172
2004	 6	 4	24	2.704	3.964	3.149
2004	 6	 5	24	3.912	4.471	4.109
2004	 6	 6	24	0.000	0.000	0.000
2004	 6	 7	24	0.000	0.000	0.000
2004	 6	 8	24	0.000	0.000	0.000
2004	 6	 9	24	0.226	1.318	0.612
2004	 6	10	24	1.037	0.551	0.865
2004	 6	11	24	8.336	11.873	9.585
2004	 6	12	24	3.413	2.153	2.968
2004	 6	13	24	0.703	1.022	0.816
2004	 6	14	24	0.000	0.000	0.000
2004	 6	15	24	2.786	3.844	3.159
2004	 6	16	24	0.000	0.000	0.000
2004	 6	17	24	4.295	7.114	5.290
2004	 6	18	24	1.696	2.952	2.139
2004	 6	19	24	1.689	3.652	2.382
2004	 6	20	24	0.749	0.111	0.524
2004	 6	21	24	0.999	2.590	1.561
2004	 6	22	24	3.826	2.362	3.309
2004	 6	23	24	0.990	0.589	0.848
2004	 6	24	24	0.000	0.000	0.000
2004	 6	25	24	0.029	0.000	0.019
2004	 6	26	24	0.000	0.000	0.000
2004	 6	27	24	1.219	0.631	1.011
2004	 6	28	24	0.228	0.702	0.396
2004	 6	29	24	0.680	1.106	0.830
2004	 6	30	24	0.041	0.000	0.027
2004	 7	 1	24	7.389	4.298	6.297
2004	 7	 2	24	0.691	0.769	0.718
2004	 7	 3	24	3.378	3.818	3.533
2004	 7	 4	24	1.479	1.829	1.602
2004	 7	 5	24	2.007	2.252	2.094
2004	 7	 6	24	0.000	0.000	0.000
2004	 7	 7	24	0.000	0.000	0.000
2004	 7	 8	24	22.851	54.529	34.037
2004	 7	 9	24	0.097	0.000	0.063
2004	 7	10	24	0.906	1.829	1.232
2004	 7	11	24	0.529	0.543	0.534
2004	 7	12	24	5.788	6.606	6.077
2004	 7	13	24	2.141	3.479	2.613
2004	 7	14	24	0.975	1.986	1.332
2004	 7	15	24	0.006	0.140	0.054
2004	 7	16	24	0.120	0.000	0.078
2004	 7	17	24	0.000	0.000	0.000
2004	 7	18	24	1.292	1.244	1.275
2004	 7	19	24	0.000	0.000	0.000
2004	 7	20	24	4.085	3.192	3.770
2004	 7	21	24	0.000	0.000	0.000
2004	 7	22	24	16.325	22.325	18.444
2004	 7	23	24	2.894	4.569	3.485
2004	 7	24	24	0.194	0.000	0.125
2004	 7	25	24	0.772	0.424	0.649
2004	 7	26	24	5.738	5.493	5.651
2004	 7	27	24	0.425	0.268	0.369
2004	 7	28	24	0.000	0.000	0.000
2004	 7	29	24	0.000	0.000	0.000
2004	 7	30	24	0.000	0.000	0.000
2004	 7	31	24	0.000	0.000	0.000
2004	 8	 1	24	0.000	0.000	0.000
2004	 8	 2	24	0.000	0.000	0.000
2004	 8	 3	24	0.000	0.000	0.000
2004	 8	 4	24	0.000	0.000	0.000
2004	 8	 5	24	0.000	0.000	0.000
2004	 8	 6	24	0.000	0.000	0.000
2004	 8	 7	24	0.000	0.000	0.000
2004	 8	 8	24	0.000	0.000	0.000
2004	 8	 9	24	0.000	0.000	0.000
2004	 8	10	24	0.000	0.000	0.000
2004	 8	11	24	0.000	0.000	0.000
2004	 8	12	24	11.709	19.879	14.594
2004	 8	13	24	1.141	2.837	1.740
2004	 8	14	24	2.306	0.815	1.780
2004	 8	15	24	0.000	0.000	0.000
2004	 8	16	24	0.000	0.000	0.000
2004	 8	17	24	6.659	2.407	5.158
2004	 8	18	24	0.078	0.000	0.050
2004	 8	19	24	1.819	3.499	2.412
2004	 8	20	24	1.281	0.811	1.115
2004	 8	21	24	1.122	1.017	1.085
2004	 8	22	24	0.000	0.000	0.000
2004	 8	23	24	0.000	0.000	0.000
2004	 8	24	24	8.497	11.895	9.697
2004	 8	25	24	0.174	0.170	0.173
2004	 8	26	24	8.180	14.482	10.405
2004	 8	27	24	0.798	0.839	0.813
2004	 8	28	24	0.719	0.730	0.723
2004	 8	29	24	0.768	0.143	0.548
2004	 8	30	24	5.166	7.396	5.953
2004	 8	31	24	0.000	0.000	0.000
2004	 9	 1	24	0.000	0.000	0.000
2004	 9	 2	24	0.000	0.000	0.000
2004	 9	 3	24	0.000	0.000	0.000
2004	 9	 4	24	0.000	0.000	0.000
2004	 9	 5	24	0.000	0.000	0.000
2004	 9	 6	24	0.000	0.000	0.000
2004	 9	 7	24	0.000	0.000	0.000
2004	 9	 8	24	0.000	0.000	0.000
2004	 9	 9	24	0.000	0.000	0.000
2004	 9	10	24	0.000	0.000	0.000
2004	 9	11	24	1.406	1.507	1.442
2004	 9	12	24	6.272	6.390	6.313
2004	 9	13	24	0.000	0.000	0.000
2004	 9	14	24	0.802	0.570	0.720
2004	 9	15	24	0.000	0.000	0.000
2004	 9	16	24	0.000	0.000	0.000
2004	 9	17	24	0.000	0.000	0.000
2004	 9	18	24	0.000	0.000	0.000
2004	 9	19	24	0.263	0.436	0.324
2004	 9	20	24	0.048	0.000	0.031
2004	 9	21	24	8.731	15.090	10.976
2004	 9	22	24	10.094	12.940	11.099
2004	 9	23	24	7.790	11.744	9.187
2004	 9	24	24	6.841	8.689	7.494
2004	 9	25	24	6.202	6.694	6.376
2004	 9	26	24	1.454	1.398	1.434
2004	 9	27	24	1.246	2.882	1.824
2004	 9	28	24	1.051	0.981	1.026
2004	 9	29	24	7.563	8.392	7.855
2004	 9	30	24	0.019	0.000	0.012
2004	10	 1	24	0.000	0.000	0.000
2004	10	 2	24	3.495	5.678	4.266
2004	10	 3	24	0.000	0.000	0.000
2004	10	 4	24	0.000	0.000	0.000
2004	10	 5	24	0.000	0.000	0.000
2004	10	 6	24	4.872	4.456	4.725
2004	10	 7	24	0.000	0.000	0.000
2004	10	 8	24	2.089	2.735	2.317
2004	10	 9	24	0.000	0.000	0.000
2004	10	10	24	0.000	0.000	0.000
2004	10	11	24	0.000	0.000	0.000
2004	10	12	24	0.000	0.000	0.000
2004	10	13	24	0.000	0.000	0.000
2004	10	14	24	0.123	0.121	0.122
2004	10	15	24	4.313	5.040	4.570
2004	10	16	24	2.395	4.196	3.031
2004	10	17	24	0.246	0.131	0.205
2004	10	18	24	0.289	0.126	0.232
2004	10	19	24	0.000	0.000	0.000
2004	10	20	24	1.988	2.673	2.229
2004	10	21	24	0.107	0.484	0.240
2004	10	22	24	0.010	0.000	0.006
2004	10	23	24	0.000	0.000	0.000
2004	10	24	24	0.000	0.000	0.000
2004	10	25	24	2.249	4.384	3.003
2004	10	26	24	6.777	6.740	6.764
2004	10	27	24	0.758	1.148	0.896
2004	10	28	24	0.216	0.231	0.221
2004	10	29	24	2.437	4.040	3.003
2004	10	30	24	1.901	4.780	2.918
2004	10	31	24	0.100	0.000	0.064
2004	11	 1	24	0.650	0.951	0.756
2004	11	 2	24	0.703	1.145	0.859
2004	11	 3	24	0.012	0.197	0.077
2004	11	 4	24	1.035	0.820	0.959
2004	11	 5	24	1.557	2.908	2.034
2004	11	 6	24	7.190	11.992	8.886
2004	11	 7	24	7.800	10.334	8.695
2004	11	 8	24	8.701	6.138	7.796
2004	11	 9	24	22.490	26.846	24.028
2004	11	10	24	0.000	0.000	0.000
2004	11	11	24	0.093	0.000	0.060
2004	11	12	24	3.159	3.188	3.170
2004	11	13	24	4.071	5.828	4.692
2004	11	14	24	0.134	0.000	0.087
2004	11	15	24	1.111	1.236	1.155
2004	11	16	24	8.017	10.706	8.966
2004	11	17	24	3.743	7.344	5.014
2004	11	18	24	23.350	31.368	26.181
2004	11	19	24	12.763	23.656	16.609
2004	11	20	24	6.790	12.634	8.854
2004	11	21	24	4.016	3.104	3.694
2004	11	22	24	13.431	23.273	16.906
2004	11	23	24	9.191	20.271	13.103
2004	11	24	24	0.000	0.000	0.000
2004	11	25	24	0.000	0.000	0.000
2004	11	26	24	0.980	0.395	0.773
2004	11	27	24	3.841	5.820	4.540
2004	11	28	24	0.258	0.000	0.167
2004	11	29	24	0.001	0.000	0.001
2004	11	30	24	0.001	0.000	0.000
2004	12	 1	24	2.399	4.059	2.985
2004	12	 2	24	0.122	0.000	0.079
2004	12	 3	24	0.001	0.000	0.001
2004	12	 4	24	0.018	0.243	0.098
2004	12	 5	24	0.414	0.500	0.444
2004	12	 6	24	0.000	0.000	0.000
2004	12	 7	24	0.009	0.000	0.006
2004	12	 8	24	0.000	0.000	0.000
2004	12	 9	24	0.000	0.000	0.000
2004	12	10	24	0.000	0.000	0.000
2004	12	11	24	0.000	0.000	0.000
2004	12	12	24	0.096	0.000	0.062
2004	12	13	24	0.017	0.235	0.094
2004	12	14	24	0.020	0.254	0.103
2004	12	15	24	0.000	0.000	0.000
2004	12	16	24	1.350	2.314	1.691
2004	12	17	24	8.605	20.132	12.675
2004	12	18	24	11.195	20.238	14.388
2004	12	19	24	3.643	3.652	3.647
2004	12	20	24	0.000	0.000	0.000
2004	12	21	24	0.022	0.266	0.108
2004	12	22	24	1.537	2.180	1.764
2004	12	23	24	2.544	6.037	3.778
2004	12	24	24	0.723	1.184	0.886
2004	12	25	24	3.734	2.773	3.395
2004	12	26	24	12.343	12.262	12.315
2004	12	27	24	5.731	4.095	5.153
2004	12	28	24	2.612	1.454	2.203
2004	12	29	24	0.685	1.884	1.108
2004	12	30	24	0.126	0.163	0.139
2004	12	31	24	3.465	5.008	4.010
2005	 1	 1	24	1.394	3.496	2.136
2005	 1	 2	24	0.726	2.730	1.434
2005	 1	 3	24	10.398	14.603	11.883
2005	 1	 4	24	0.991	1.206	1.067
2005	 1	 5	24	4.528	7.739	5.662
2005	 1	 6	24	1.153	3.483	1.976
2005	 1	 7	24	0.000	0.000	0.000
2005	 1	 8	24	0.318	0.457	0.367
2005	 1	 9	24	0.000	0.000	0.000
2005	 1	10	24	0.105	0.000	0.068
2005	 1	11	24	0.000	0.000	0.000
2005	 1	12	24	1.262	2.995	1.874
2005	 1	13	24	4.690	6.392	5.291
2005	 1	14	24	0.720	2.026	1.181
2005	 1	15	24	0.010	0.000	0.006
2005	 1	16	24	0.000	0.000	0.000
2005	 1	17	24	0.000	0.000	0.000
2005	 1	18	24	0.718	1.185	0.883
2005	 1	19	24	3.307	2.728	3.103
2005	 1	20	24	32.433	76.086	47.848
2005	 1	21	24	14.946	24.086	18.174
2005	 1	22	24	6.763	10.204	7.978
2005	 1	23	24	6.707	8.138	7.212
2005	 1	24	24	16.030	16.922	16.345
2005	 1	25	24	8.900	8.467	8.747
2005	 1	26	24	2.933	2.957	2.942
2005	 1	27	24	2.794	3.544	3.059
2005	 1	28	24	1.626	0.686	1.294
2005	 1	29	24	0.313	0.000	0.203
2005	 1	30	24	4.568	4.505	4.546
2005	 1	31	24	21.614	33.581	25.840
2005	 2	 1	24	1.969	3.020	2.340
2005	 2	 2	24	15.589	20.865	17.452
2005	 2	 3	24	3.979	5.027	4.349
2005	 2	 4	24	0.442	0.000	0.286
2005	 2	 5	24	0.000	0.000	0.000
2005	 2	 6	24	0.000	0.000	0.000
2005	 2	 7	24	0.000	0.000	0.000
2005	 2	 8	24	0.000	0.000	0.000
2005	 2	 9	24	0.000	0.000	0.000
2005	 2	10	24	5.561	8.806	6.707
2005	 2	11	24	6.494	9.991	7.729
2005	 2	12	24	10.257	18.175	13.053
2005	 2	13	24	7.783	12.566	9.472
2005	 2	14	24	4.373	6.005	4.949
2005	 2	15	24	3.483	3.317	3.425
2005	 2	16	24	12.227	8.253	10.824
2005	 2	17	24	2.384	2.961	2.588
2005	 2	18	24	1.332	0.034	0.874
2005	 2	19	24	1.585	1.138	1.427
2005	 2	20	24	0.076	0.000	0.049
2005	 2	21	24	4.762	4.249	4.580
2005	 2	22	24	8.481	7.452	8.117
2005	 2	23	24	0.000	0.000	0.000
2005	 2	24	24	0.637	0.061	0.434
2005	 2	25	24	0.619	0.033	0.412
2005	 2	26	24	8.205	4.017	6.726
2005	 2	27	24	8.299	6.641	7.714
2005	 2	28	24	2.043	1.530	1.862
2005	 3	 1	24	0.000	0.000	0.000
2005	 3	 2	24	0.000	0.000	0.000
2005	 3	 3	24	0.000	0.000	0.000
2005	 3	 4	24	0.000	0.000	0.000
2005	 3	 5	24	2.005	2.060	2.024
2005	 3	 6	24	6.461	9.043	7.373
2005	 3	 7	24	1.245	0.951	1.141
2005	 3	 8	24	1.952	1.979	1.962
2005	 3	 9	24	7.419	7.613	7.487
2005	 3	10	24	0.000	0.000	0.000
2005	 3	11	24	9.358	9.510	9.411
2005	 3	12	24	6.843	5.579	6.396
2005	 3	13	24	0.393	0.461	0.417
2005	 3	14	24	0.683	0.332	0.559
2005	 3	15	24	0.000	0.000	0.000
2005	 3	16	24	0.000	0.000	0.000
2005	 3	17	24	5.870	10.255	7.419
2005	 3	18	24	8.385	16.776	11.348
2005	 3	19	24	1.011	1.073	1.033
2005	 3	20	24	0.000	0.000	0.000
2005	 3	21	24	0.000	0.000	0.000
2005	 3	22	24	0.000	0.000	0.000
2005	 3	23	24	0.321	0.209	0.282
2005	 3	24	24	0.000	0.000	0.000
2005	 3	25	24	2.875	3.378	3.053
2005	 3	26	24	0.686	0.771	0.716
2005	 3	27	24	0.254	0.276	0.261
2005	 3	28	24	0.000	0.000	0.000
2005	 3	29	24	0.000	0.000	0.000
2005	 3	30	24	0.000	0.000	0.000
2005	 3	31	24	0.000	0.000	0.000
2005	 4	 1	24	0.000	0.000	0.000
2005	 4	 2	24	0.000	0.000	0.000
2005	 4	 3	24	0.000	0.000	0.000
2005	 4	 4	24	0.000	0.000	0.000
2005	 4	 5	24	0.234	0.189	0.218
2005	 4	 6	24	1.836	2.172	1.955
2005	 4	 7	24	0.582	1.054	0.749
2005	 4	 8	24	1.868	1.508	1.741
2005	 4	 9	24	5.728	6.962	6.164
2005	 4	10	24	0.039	0.000	0.025
2005	 4	11	24	0.000	0.000	0.000
2005	 4	12	24	0.033	0.000	0.021
2005	 4	13	24	0.000	0.000	0.000
2005	 4	14	24	0.000	0.000	0.000
2005	 4	15	24	0.000	0.000	0.000
2005	 4	16	24	0.243	0.028	0.167
2005	 4	17	24	1.984	3.449	2.501
2005	 4	18	24	0.000	0.000	0.000
2005	 4	19	24	0.000	0.000	0.000
2005	 4	20	24	0.000	0.000	0.000
2005	 4	21	24	0.000	0.000	0.000
2005	 4	22	24	0.000	0.000	0.000
2005	 4	23	24	0.000	0.000	0.000
2005	 4	24	24	0.000	0.000	0.000
2005	 4	25	24	2.344	4.335	3.047
2005	 4	26	24	0.899	0.556	0.778
2005	 4	27	24	3.730	4.453	3.985
2005	 4	28	24	0.000	0.000	0.000
2005	 4	29	24	0.000	0.000	0.000
2005	 4	30	24	0.000	0.000	0.000
2005	 5	 1	24	0.000	0.000	0.000
2005	 5	 2	24	0.000	0.000	0.000
2005	 5	 3	24	7.032	8.348	7.496
2005	 5	 4	24	8.690	8.884	8.758
2005	 5	 5	24	0.704	0.830	0.748
2005	 5	 6	24	5.289	5.584	5.393
2005	 5	 7	24	6.157	7.494	6.629
2005	 5	 8	24	2.787	3.492	3.036
2005	 5	 9	24	1.202	1.594	1.340
2005	 5	10	24	0.293	0.527	0.376
2005	 5	11	24	2.504	4.597	3.243
2005	 5	12	24	0.000	0.000	0.000
2005	 5	13	24	0.000	0.000	0.000
2005	 5	14	24	2.595	3.027	2.747
2005	 5	15	24	1.575	1.460	1.534
2005	 5	16	24	12.878	17.346	14.456
2005	 5	17	24	1.247	2.057	1.533
2005	 5	18	24	0.590	0.798	0.663
2005	 5	19	24	0.000	0.000	0.000
2005	 5	20	24	0.000	0.000	0.000
2005	 5	21	24	1.082	1.823	1.344
2005	 5	22	24	3.997	5.879	4.662
2005	 5	23	24	12.267	14.572	13.081
2005	 5	24	24	0.000	0.000	0.000
2005	 5	25	24	0.000	0.000	0.000
2005	 5	26	24	0.000	0.000	0.000
2005	 5	27	24	0.000	0.000	0.000
2005	 5	28	24	0.000	0.000	0.000
2005	 5	29	24	0.002	0.134	0.048
2005	 5	30	24	1.930	2.510	2.135
2005	 5	31	24	0.000	0.000	0.000
2005	 6	 1	24	0.000	0.000	0.000
2005	 6	 2	24	0.100	0.000	0.065
2005	 6	 3	24	0.211	0.431	0.289
2005	 6	 4	24	0.311	0.171	0.261
2005	 6	 5	24	2.084	1.226	1.781
2005	 6	 6	24	7.139	8.677	7.682
2005	 6	 7	24	3.131	4.307	3.546
2005	 6	 8	24	0.410	0.203	0.337
2005	 6	 9	24	0.000	0.000	0.000
2005	 6	10	24	2.632	2.692	2.653
2005	 6	11	24	0.001	0.000	0.001
2005	 6	12	24	0.160	0.000	0.104
2005	 6	13	24	0.000	0.000	0.000
2005	 6	14	24	19.308	45.660	28.613
2005	 6	15	24	0.000	0.000	0.000
2005	 6	16	24	0.000	0.000	0.000
2005	 6	17	24	3.518	3.350	3.459
2005	 6	18	24	0.000	0.000	0.000
2005	 6	19	24	0.000	0.000	0.000
2005	 6	20	24	0.000	0.000	0.000
2005	 6	21	24	1.336	1.218	1.294
2005	 6	22	24	0.000	0.000	0.000
2005	 6	23	24	0.000	0.000	0.000
2005	 6	24	24	1.888	0.526	1.407
2005	 6	25	24	8.578	9.425	8.877
2005	 6	26	24	0.184	0.155	0.174
2005	 6	27	24	0.000	0.000	0.000
2005	 6	28	24	0.000	0.000	0.000
2005	 6	29	24	0.112	0.000	0.072
2005	 6	30	24	4.506	5.387	4.817
2005	 7	 1	24	8.353	8.024	8.237
2005	 7	 2	24	0.083	0.000	0.054
2005	 7	 3	24	0.000	0.000	0.000
2005	 7	 4	24	3.997	7.109	5.096
2005	 7	 5	24	14.125	17.235	15.223
2005	 7	 6	24	0.366	0.068	0.261
2005	 7	 7	24	3.984	4.317	4.101
2005	 7	 8	24	10.734	14.064	11.910
2005	 7	 9	24	0.413	1.513	0.801
2005	 7	10	24	0.965	3.130	1.730
2005	 7	11	24	0.640	0.353	0.539
2005	 7	12	24	0.000	0.000	0.000
2005	 7	13	24	0.000	0.000	0.000
2005	 7	14	24	0.000	0.000	0.000
2005	 7	15	24	2.196	2.267	2.221
2005	 7	16	24	0.000	0.000	0.000
2005	 7	17	24	0.000	0.000	0.000
2005	 7	18	24	0.749	0.438	0.639
2005	 7	19	24	10.966	14.279	12.135
2005	 7	20	24	4.575	6.179	5.142
2005	 7	21	24	8.076	13.601	10.027
2005	 7	22	24	3.168	4.231	3.543
2005	 7	23	24	0.799	0.626	0.738
2005	 7	24	24	2.218	3.602	2.707
2005	 7	25	24	1.108	0.641	0.943
2005	 7	26	24	0.245	0.000	0.159
2005	 7	27	24	0.000	0.000	0.000
2005	 7	28	24	0.014	0.213	0.084
2005	 7	29	24	9.129	12.721	10.397
2005	 7	30	24	5.963	7.742	6.591
2005	 7	31	24	0.000	0.000	0.000
2005	 8	 1	24	0.245	0.034	0.170
2005	 8	 2	24	3.929	3.665	3.836
2005	 8	 3	24	3.402	3.226	3.340
2005	 8	 4	24	0.646	0.683	0.659
2005	 8	 5	24	9.127	11.531	9.976
2005	 8	 6	24	3.510	4.245	3.770
2005	 8	 7	24	2.306	3.808	2.836
2005	 8	 8	24	2.357	2.774	2.504
2005	 8	 9	24	0.544	0.030	0.362
2005	 8	10	24	1.048	0.777	0.952
2005	 8	11	24	0.000	0.000	0.000
2005	 8	12	24	8.301	8.792	8.474
2005	 8	13	24	1.192	1.701	1.372
2005	 8	14	24	2.181	3.146	2.522
2005	 8	15	24	2.646	7.666	4.419
2005	 8	16	24	0.000	0.000	0.000
2005	 8	17	24	0.000	0.000	0.000
2005	 8	18	24	0.000	0.000	0.000
2005	 8	19	24	0.000	0.000	0.000
2005	 8	20	24	10.052	14.271	11.542
2005	 8	21	24	0.000	0.000	0.000
2005	 8	22	24	14.486	23.728	17.749
2005	 8	23	24	4.906	4.182	4.651
2005	 8	24	24	0.722	0.425	0.617
2005	 8	25	24	2.210	2.491	2.309
2005	 8	26	24	0.000	0.000	0.000
2005	 8	27	24	0.000	0.000	0.000
2005	 8	28	24	0.000	0.000	0.000
2005	 8	29	24	0.000	0.000	0.000
2005	 8	30	24	0.000	0.000	0.000
2005	 8	31	24	0.000	0.000	0.000
2005	 9	 1	24	0.000	0.000	0.000
2005	 9	 2	24	0.000	0.000	0.000
2005	 9	 3	24	0.188	0.000	0.122
2005	 9	 4	24	0.000	0.000	0.000
2005	 9	 5	24	0.000	0.000	0.000
2005	 9	 6	24	0.000	0.000	0.000
2005	 9	 7	24	0.000	0.000	0.000
2005	 9	 8	24	0.000	0.000	0.000
2005	 9	 9	24	0.000	0.000	0.000
2005	 9	10	24	19.543	26.988	22.172
2005	 9	11	24	1.455	1.596	1.505
2005	 9	12	24	16.390	20.382	17.800
2005	 9	13	24	0.000	0.000	0.000
2005	 9	14	24	0.039	0.000	0.025
2005	 9	15	24	5.759	7.942	6.530
2005	 9	16	24	8.122	8.997	8.431
2005	 9	17	24	3.287	1.866	2.785
2005	 9	18	24	0.000	0.000	0.000
2005	 9	19	24	0.000	0.000	0.000
2005	 9	20	24	0.000	0.000	0.000
2005	 9	21	24	0.000	0.000	0.000
2005	 9	22	24	0.000	0.000	0.000
2005	 9	23	24	0.000	0.000	0.000
2005	 9	24	24	0.000	0.000	0.000
2005	 9	25	24	0.000	0.000	0.000
2005	 9	26	24	0.098	0.000	0.063
2005	 9	27	24	0.444	1.554	0.836
2005	 9	28	24	2.572	1.664	2.251
2005	 9	29	24	6.275	10.478	7.759
2005	 9	30	24	1.056	1.266	1.130
2005	10	 1	24	5.795	5.625	5.735
2005	10	 2	24	5.257	6.149	5.572
2005	10	 3	24	0.385	0.034	0.261
2005	10	 4	24	0.000	0.000	0.000
2005	10	 5	24	0.000	0.000	0.000
2005	10	 6	24	0.000	0.000	0.000
2005	10	 7	24	0.000	0.000	0.000
2005	10	 8	24	0.000	0.000	0.000
2005	10	 9	24	0.000	0.000	0.000
2005	10	10	24	0.000	0.000	0.000
2005	10	11	24	0.000	0.000	0.000
2005	10	12	24	0.000	0.000	0.000
2005	10	13	24	0.000	0.000	0.000
2005	10	14	24	0.000	0.000	0.000
2005	10	15	24	0.000	0.000	0.000
2005	10	16	24	0.000	0.000	0.000
2005	10	17	24	0.000	0.000	0.000
2005	10	18	24	0.000	0.000	0.000
2005	10	19	24	0.000	0.000	0.000
2005	10	20	24	0.000	0.000	0.000
2005	10	21	24	0.001	0.000	0.001
2005	10	22	24	0.817	0.167	0.588
2005	10	23	24	4.703	6.387	5.298
2005	10	24	24	0.468	0.716	0.556
2005	10	25	24	1.021	2.016	1.372
2005	10	26	24	0.000	0.000	0.000
2005	10	27	24	0.000	0.000	0.000
2005	10	28	24	0.000	0.000	0.000
2005	10	29	24	0.000	0.000	0.000
2005	10	30	24	0.000	0.000	0.000
2005	10	31	24	0.000	0.000	0.000
2005	11	 1	24	0.670	1.219	0.864
2005	11	 2	24	0.000	0.000	0.000
2005	11	 3	24	0.761	1.092	0.878
2005	11	 4	24	0.493	0.631	0.542
2005	11	 5	24	3.078	4.019	3.410
2005	11	 6	24	0.000	0.000	0.000
2005	11	 7	24	0.000	0.000	0.000
2005	11	 8	24	0.000	0.000	0.000
2005	11	 9	24	0.001	0.000	0.001
2005	11	10	24	0.000	0.000	0.000
2005	11	11	24	0.000	0.000	0.000
2005	11	12	24	0.000	0.000	0.000
2005	11	13	24	0.062	0.575	0.243
2005	11	14	24	0.000	0.000	0.000
2005	11	15	24	4.296	6.234	4.981
2005	11	16	24	5.078	6.679	5.643
2005	11	17	24	11.028	13.402	11.866
2005	11	18	24	3.550	3.735	3.615
2005	11	19	24	6.215	5.386	5.922
2005	11	20	24	14.665	17.807	15.775
2005	11	21	24	5.033	2.430	4.114
2005	11	22	24	6.071	7.060	6.421
2005	11	23	24	0.008	0.000	0.005
2005	11	24	24	0.385	0.647	0.477
2005	11	25	24	0.750	1.160	0.895
2005	11	26	24	0.148	0.000	0.095
2005	11	27	24	0.000	0.000	0.000
2005	11	28	24	0.861	0.045	0.573
2005	11	29	24	0.000	0.000	0.000
2005	11	30	24	0.000	0.000	0.000
2005	12	 1	24	0.000	0.000	0.000
2005	12	 2	24	0.155	1.298	0.559
2005	12	 3	24	8.374	7.426	8.039
2005	12	 4	24	2.358	6.178	3.707
2005	12	 5	24	0.000	0.000	0.000
2005	12	 6	24	1.824	3.549	2.433
2005	12	 7	24	0.631	0.913	0.731
2005	12	 8	24	2.337	1.619	2.084
2005	12	 9	24	0.737	0.702	0.724
2005	12	10	24	0.000	0.000	0.000
2005	12	11	24	0.215	0.184	0.204
2005	12	12	24	1.120	0.481	0.894
2005	12	13	24	1.507	1.011	1.332
2005	12	14	24	2.652	1.543	2.260
2005	12	15	24	14.275	29.078	19.502
2005	12	16	24	16.271	28.079	20.441
2005	12	17	24	14.696	21.381	17.057
2005	12	18	24	11.955	17.344	13.858
2005	12	19	24	9.282	11.512	10.069
2005	12	20	24	11.694	19.539	14.464
2005	12	21	24	3.071	3.712	3.297
2005	12	22	24	4.092	3.808	3.992
2005	12	23	24	3.729	5.342	4.299
2005	12	24	24	3.901	6.233	4.724
2005	12	25	24	1.749	0.902	1.450
2005	12	26	24	0.460	0.515	0.479
2005	12	27	24	3.029	1.732	2.571
2005	12	28	24	10.124	11.939	10.765
2005	12	29	24	2.583	3.219	2.808
2005	12	30	24	0.014	0.000	0.009
2005	12	31	24	1.026	0.404	0.807
2006	 1	 1	24	0.324	0.042	0.225
2006	 1	 2	24	1.608	1.104	1.430
2006	 1	 3	24	3.707	4.306	3.918
2006	 1	 4	24	2.138	2.009	2.092
2006	 1	 5	24	0.191	0.259	0.215
2006	 1	 6	24	0.000	0.000	0.000
2006	 1	 7	24	0.034	0.353	0.147
2006	 1	 8	24	0.000	0.000	0.000
2006	 1	 9	24	0.000	0.000	0.000
2006	 1	10	24	0.000	0.000	0.000
2006	 1	11	24	1.675	1.740	1.698
2006	 1	12	24	0.108	0.000	0.070
2006	 1	13	24	0.145	1.164	0.504
2006	 1	14	24	0.035	0.309	0.132
2006	 1	15	24	0.147	1.235	0.531
2006	 1	16	24	0.535	1.510	0.879
2006	 1	17	24	9.781	15.061	11.646
2006	 1	18	24	12.083	18.049	14.189
2006	 1	19	24	0.302	0.486	0.367
2006	 1	20	24	5.353	9.045	6.657
2006	 1	21	24	13.774	12.734	13.407
2006	 1	22	24	0.046	0.000	0.030
2006	 1	23	24	0.000	0.000	0.000
2006	 1	24	24	0.000	0.000	0.000
2006	 1	25	24	0.000	0.000	0.000
2006	 1	26	24	0.000	0.000	0.000
2006	 1	27	24	0.000	0.000	0.000
2006	 1	28	24	0.000	0.000	0.000
2006	 1	29	24	0.000	0.000	0.000
2006	 1	30	24	0.000	0.000	0.000
2006	 1	31	24	0.000	0.000	0.000
2006	 2	 1	24	0.000	0.000	0.000
2006	 2	 2	24	0.034	0.000	0.022
2006	 2	 3	24	0.416	0.000	0.269
2006	 2	 4	24	3.869	2.654	3.440
2006	 2	 5	24	0.000	0.000	0.000
2006	 2	 6	24	5.795	4.966	5.502
2006	 2	 7	24	23.072	38.847	28.642
2006	 2	 8	24	5.502	5.815	5.613
2006	 2	 9	24	11.440	9.792	10.858
2006	 2	10	24	21.812	21.136	21.573
2006	 2	11	24	3.322	4.207	3.634
2006	 2	12	24	0.001	0.000	0.001
2006	 2	13	24	0.000	0.000	0.000
2006	 2	14	24	0.000	0.000	0.000
2006	 2	15	24	3.382	7.330	4.776
2006	 2	16	24	1.598	1.432	1.540
2006	 2	17	24	0.316	0.000	0.205
2006	 2	18	24	0.367	1.548	0.784
2006	 2	19	24	0.000	0.000	0.000
2006	 2	20	24	0.048	0.000	0.031
2006	 2	21	24	0.498	0.774	0.596
2006	 2	22	24	0.592	0.925	0.710
2006	 2	23	24	0.725	0.394	0.608
2006	 2	24	24	0.000	0.000	0.000
2006	 2	25	24	1.273	0.207	0.897
2006	 2	26	24	2.424	2.967	2.616
2006	 2	27	24	2.601	0.962	2.023
2006	 2	28	24	3.365	4.300	3.695
2006	 3	 1	24	4.404	3.044	3.924
2006	 3	 2	24	0.000	0.000	0.000
2006	 3	 3	24	3.869	3.139	3.612
2006	 3	 4	24	0.730	2.613	1.395
2006	 3	 5	24	2.435	1.200	1.999
2006	 3	 6	24	3.408	3.432	3.417
2006	 3	 7	24	4.038	3.972	4.015
2006	 3	 8	24	2.944	3.303	3.071
2006	 3	 9	24	16.119	15.334	15.842
2006	 3	10	24	0.934	1.156	1.012
2006	 3	11	24	12.593	8.853	11.272
2006	 3	12	24	4.736	2.180	3.833
2006	 3	13	24	0.473	0.000	0.306
2006	 3	14	24	1.274	0.840	1.121
2006	 3	15	24	0.631	0.007	0.411
2006	 3	16	24	1.922	1.234	1.679
2006	 3	17	24	1.698	2.076	1.832
2006	 3	18	24	0.515	0.058	0.354
2006	 3	19	24	0.000	0.000	0.000
2006	 3	20	24	0.000	0.000	0.000
2006	 3	21	24	1.389	0.653	1.129
2006	 3	22	24	0.000	0.000	0.000
2006	 3	23	24	0.000	0.000	0.000
2006	 3	24	24	0.015	0.000	0.009
2006	 3	25	24	3.199	2.136	2.824
2006	 3	26	24	7.370	11.771	8.924
2006	 3	27	24	0.240	0.377	0.288
2006	 3	28	24	0.153	0.003	0.100
2006	 3	29	24	1.603	2.504	1.921
2006	 3	30	24	9.616	11.768	10.376
2006	 3	31	24	0.823	1.309	0.995
2006	 4	 1	24	0.875	2.049	1.290
2006	 4	 2	24	1.066	1.211	1.117
2006	 4	 3	24	2.283	2.497	2.359
2006	 4	 4	24	0.526	1.486	0.865
2006	 4	 5	24	0.131	0.000	0.084
2006	 4	 6	24	0.000	0.000	0.000
2006	 4	 7	24	0.000	0.000	0.000
2006	 4	 8	24	0.000	0.000	0.000
2006	 4	 9	24	0.463	0.670	0.536
2006	 4	10	24	6.947	7.043	6.981
2006	 4	11	24	0.129	0.000	0.083
2006	 4	12	24	0.268	0.132	0.220
2006	 4	13	24	3.358	4.094	3.618
2006	 4	14	24	3.512	7.957	5.081
2006	 4	15	24	0.441	0.907	0.605
2006	 4	16	24	4.947	6.141	5.369
2006	 4	17	24	0.903	2.595	1.500
2006	 4	18	24	0.000	0.000	0.000
2006	 4	19	24	0.009	0.160	0.063
2006	 4	20	24	0.000	0.000	0.000
2006	 4	21	24	0.000	0.000	0.000
2006	 4	22	24	1.851	3.676	2.496
2006	 4	23	24	1.858	2.019	1.915
2006	 4	24	24	0.000	0.000	0.000
2006	 4	25	24	0.000	0.000	0.000
2006	 4	26	24	1.243	5.804	2.854
2006	 4	27	24	0.720	0.769	0.737
2006	 4	28	24	4.437	3.974	4.274
2006	 4	29	24	7.415	11.630	8.903
