YY	MM	DD	HH	"1"	"2"	tot_average
gebildeter schneller Basisabfluss in mm je Zone (Summe aus QBB und QB)soil_model
--	--	--	--	0.6468891	0.3531109	1.0000
2000	 8	 1	24	0.48684	0.62464	0.53550
2000	 8	 2	24	0.47987	0.60823	0.52520
2000	 8	 3	24	0.47314	0.59261	0.51533
2000	 8	 4	24	0.46650	0.57775	0.50578
2000	 8	 5	24	0.46000	0.56346	0.49653
2000	 8	 6	24	0.45364	0.54981	0.48759
2000	 8	 7	24	0.44797	0.53898	0.48011
2000	 8	 8	24	0.44303	0.52731	0.47279
2000	 8	 9	24	0.43702	0.51509	0.46459
2000	 8	10	24	0.43112	0.50340	0.45664
2000	 8	11	24	0.42547	0.49223	0.44904
2000	 8	12	24	0.41982	0.48153	0.44161
2000	 8	13	24	0.41426	0.47128	0.43440
2000	 8	14	24	0.40884	0.46146	0.42742
2000	 8	15	24	0.40355	0.45205	0.42067
2000	 8	16	24	0.40246	0.48809	0.43270
2000	 8	17	24	0.39786	0.48829	0.42979
2000	 8	18	24	0.39295	0.48277	0.42467
2000	 8	19	24	0.38811	0.47554	0.41898
2000	 8	20	24	0.38331	0.46688	0.41282
2000	 8	21	24	0.39607	0.48097	0.42605
2000	 8	22	24	0.41322	0.57692	0.47103
2000	 8	23	24	0.41956	0.61395	0.48820
2000	 8	24	24	0.42153	0.62619	0.49380
2000	 8	25	24	0.42309	0.63190	0.49683
2000	 8	26	24	0.42409	0.63433	0.49833
2000	 8	27	24	0.42368	0.62898	0.49617
2000	 8	28	24	0.42236	0.62071	0.49240
2000	 8	29	24	0.42304	0.61128	0.48951
2000	 8	30	24	0.42083	0.60120	0.48452
2000	 8	31	24	0.41836	0.59032	0.47908
2000	 9	 1	24	0.41578	0.57948	0.47358
2000	 9	 2	24	0.41494	0.58267	0.47417
2000	 9	 3	24	0.41378	0.57285	0.46995
2000	 9	 4	24	0.43257	0.74453	0.54273
2000	 9	 5	24	0.44202	0.83029	0.57912
2000	 9	 6	24	0.44475	0.88621	0.60064
2000	 9	 7	24	0.45408	1.03151	0.65798
2000	 9	 8	24	0.45590	1.05650	0.66798
2000	 9	 9	24	0.45620	1.07003	0.67295
2000	 9	10	24	0.45511	1.08389	0.67714
2000	 9	11	24	0.45327	1.08513	0.67639
2000	 9	12	24	0.45079	1.06681	0.66831
2000	 9	13	24	0.44795	1.04158	0.65757
2000	 9	14	24	0.44621	1.01279	0.64628
2000	 9	15	24	0.44298	0.98095	0.63295
2000	 9	16	24	0.43967	0.95102	0.62023
2000	 9	17	24	0.43708	0.92350	0.60884
2000	 9	18	24	0.43365	0.89707	0.59729
2000	 9	19	24	0.42997	0.87201	0.58606
2000	 9	20	24	0.42602	0.84832	0.57514
2000	 9	21	24	0.42184	0.82589	0.56452
2000	 9	22	24	0.41855	0.80563	0.55523
2000	 9	23	24	0.41416	0.78498	0.54510
2000	 9	24	24	0.40970	0.76457	0.53501
2000	 9	25	24	0.40525	0.74437	0.52500
2000	 9	26	24	0.40081	0.72510	0.51532
2000	 9	27	24	0.39632	0.70675	0.50594
2000	 9	28	24	0.39197	0.68936	0.49698
2000	 9	29	24	0.38751	0.67277	0.48824
2000	 9	30	24	0.38303	0.65671	0.47967
2000	10	 1	24	0.37858	0.64059	0.47110
2000	10	 2	24	0.39347	0.84068	0.55138
2000	10	 3	24	0.39759	0.93033	0.58571
2000	10	 4	24	0.39876	0.97717	0.60301
2000	10	 5	24	0.39861	0.99358	0.60870
2000	10	 6	24	0.40134	1.01703	0.61875
2000	10	 7	24	0.41165	1.09932	0.65447
2000	10	 8	24	0.43022	1.37596	0.76417
2000	10	 9	24	0.43980	1.41625	0.78460
2000	10	10	24	0.44286	1.40369	0.78214
2000	10	11	24	0.44467	1.37037	0.77154
2000	10	12	24	0.44618	1.32796	0.75754
2000	10	13	24	0.44606	1.28137	0.74102
2000	10	14	24	0.44487	1.23062	0.72233
2000	10	15	24	0.44290	1.18371	0.70448
2000	10	16	24	0.44055	1.14027	0.68763
2000	10	17	24	0.43802	1.09993	0.67175
2000	10	18	24	0.43554	1.06252	0.65693
2000	10	19	24	0.44097	1.18155	0.70248
2000	10	20	24	0.43867	1.14841	0.68929
2000	10	21	24	0.43590	1.10751	0.67306
2000	10	22	24	0.43304	1.06944	0.65776
2000	10	23	24	0.42990	1.03350	0.64304
2000	10	24	24	0.42670	0.99703	0.62809
2000	10	25	24	0.42346	0.96283	0.61392
2000	10	26	24	0.42077	0.93150	0.60111
2000	10	27	24	0.42734	0.97099	0.61931
2000	10	28	24	0.42561	0.94069	0.60749
2000	10	29	24	0.42195	0.90990	0.59425
2000	10	30	24	0.41792	0.88039	0.58123
2000	10	31	24	0.41365	0.85125	0.56817
2000	11	 1	24	0.40935	0.82325	0.55550
2000	11	 2	24	0.40501	0.79695	0.54341
2000	11	 3	24	0.40057	0.77207	0.53175
2000	11	 4	24	0.40638	0.83071	0.55621
2000	11	 5	24	0.40370	0.81279	0.54815
2000	11	 6	24	0.39949	0.79029	0.53749
2000	11	 7	24	0.39514	0.76638	0.52623
2000	11	 8	24	0.39475	0.77419	0.52873
2000	11	 9	24	0.39032	0.75003	0.51733
2000	11	10	24	0.38592	0.72690	0.50632
2000	11	11	24	0.38153	0.70508	0.49578
2000	11	12	24	0.37720	0.68450	0.48571
2000	11	13	24	0.37294	0.66503	0.47608
2000	11	14	24	0.36873	0.64663	0.46686
2000	11	15	24	0.37000	0.63887	0.46494
2000	11	16	24	0.36667	0.62204	0.45684
2000	11	17	24	0.36300	0.60695	0.44914
2000	11	18	24	0.36869	0.62509	0.45923
2000	11	19	24	0.36687	0.61175	0.45334
2000	11	20	24	0.36366	0.59623	0.44579
2000	11	21	24	0.36004	0.58176	0.43833
2000	11	22	24	0.35649	0.56859	0.43139
2000	11	23	24	0.35252	0.55477	0.42394
2000	11	24	24	0.34862	0.54160	0.41676
2000	11	25	24	0.35631	0.60507	0.44415
2000	11	26	24	0.36303	0.64433	0.46236
2000	11	27	24	0.36724	0.68313	0.47878
2000	11	28	24	0.36776	0.68900	0.48119
2000	11	29	24	0.36695	0.68355	0.47875
2000	11	30	24	0.36514	0.67109	0.47317
2000	12	 1	24	0.36259	0.65701	0.46655
2000	12	 2	24	0.35976	0.64343	0.45993
2000	12	 3	24	0.35661	0.63041	0.45329
2000	12	 4	24	0.35322	0.61790	0.44668
2000	12	 5	24	0.34954	0.60497	0.43974
2000	12	 6	24	0.34580	0.59225	0.43282
2000	12	 7	24	0.34205	0.57906	0.42574
2000	12	 8	24	0.33835	0.56497	0.41838
2000	12	 9	24	0.33491	0.55202	0.41158
2000	12	10	24	0.33135	0.53898	0.40467
2000	12	11	24	0.33171	0.55488	0.41051
2000	12	12	24	0.33428	0.60581	0.43016
2000	12	13	24	0.33527	0.60768	0.43146
2000	12	14	24	0.33270	0.59719	0.42610
2000	12	15	24	0.33079	0.60716	0.42838
2000	12	16	24	0.33999	0.66048	0.45316
2000	12	17	24	0.34420	0.65717	0.45471
2000	12	18	24	0.34465	0.64541	0.45085
2000	12	19	24	0.34418	0.63604	0.44724
2000	12	20	24	0.34262	0.62636	0.44281
2000	12	21	24	0.34083	0.61311	0.43698
2000	12	22	24	0.33868	0.59995	0.43094
2000	12	23	24	0.33601	0.58638	0.42442
2000	12	24	24	0.33313	0.57213	0.41752
2000	12	25	24	0.33000	0.56107	0.41159
2000	12	26	24	0.32727	0.54769	0.40511
2000	12	27	24	0.32399	0.53493	0.39848
2000	12	28	24	0.32077	0.52282	0.39212
2000	12	29	24	0.31805	0.51556	0.38779
2000	12	30	24	0.31555	0.50460	0.38230
2000	12	31	24	0.31617	0.49350	0.37879
2001	 1	 1	24	0.31416	0.48276	0.37369
2001	 1	 2	24	0.31455	0.47240	0.37029
2001	 1	 3	24	0.31407	0.46246	0.36647
2001	 1	 4	24	0.31267	0.45767	0.36387
2001	 1	 5	24	0.31075	0.45121	0.36035
2001	 1	 6	24	0.31890	0.48401	0.37720
2001	 1	 7	24	0.32186	0.53686	0.39778
2001	 1	 8	24	0.32247	0.56133	0.40682
2001	 1	 9	24	0.32219	0.57190	0.41037
2001	 1	10	24	0.32103	0.56968	0.40883
2001	 1	11	24	0.32114	0.56563	0.40747
2001	 1	12	24	0.31931	0.55981	0.40423
2001	 1	13	24	0.31701	0.55196	0.39997
2001	 1	14	24	0.31462	0.54414	0.39567
2001	 1	15	24	0.31214	0.53589	0.39115
2001	 1	16	24	0.30957	0.52729	0.38645
2001	 1	17	24	0.30692	0.51816	0.38151
2001	 1	18	24	0.30421	0.50879	0.37645
2001	 1	19	24	0.30154	0.49910	0.37130
2001	 1	20	24	0.29895	0.48896	0.36604
2001	 1	21	24	0.29640	0.47902	0.36089
2001	 1	22	24	0.29389	0.46947	0.35589
2001	 1	23	24	0.29178	0.46022	0.35126
2001	 1	24	24	0.29093	0.45120	0.34752
2001	 1	25	24	0.29595	0.44236	0.34765
2001	 1	26	24	0.30003	0.43578	0.34797
2001	 1	27	24	0.30169	0.43245	0.34787
2001	 1	28	24	0.30230	0.42484	0.34557
2001	 1	29	24	0.30249	0.42408	0.34543
2001	 1	30	24	0.30152	0.41765	0.34253
2001	 1	31	24	0.30146	0.41031	0.33989
2001	 2	 1	24	0.30043	0.40317	0.33670
2001	 2	 2	24	0.29968	0.39603	0.33370
2001	 2	 3	24	0.29864	0.38915	0.33060
2001	 2	 4	24	0.29690	0.38250	0.32713
2001	 2	 5	24	0.29835	0.37608	0.32580
2001	 2	 6	24	0.30733	0.40666	0.34241
2001	 2	 7	24	0.31828	0.46299	0.36938
2001	 2	 8	24	0.32966	0.52610	0.39902
2001	 2	 9	24	0.34001	0.58393	0.42614
2001	 2	10	24	0.34695	0.65437	0.45550
2001	 2	11	24	0.34972	0.67611	0.46497
2001	 2	12	24	0.35229	0.71755	0.48127
2001	 2	13	24	0.35711	0.85875	0.53425
2001	 2	14	24	0.35924	0.91951	0.55708
2001	 2	15	24	0.36067	0.96518	0.57413
2001	 2	16	24	0.36219	1.11498	0.62801
2001	 2	17	24	0.36300	1.21983	0.66555
2001	 2	18	24	0.36399	1.24827	0.67624
2001	 2	19	24	0.36448	1.26724	0.68326
2001	 2	20	24	0.36566	1.27478	0.68668
2001	 2	21	24	0.36587	1.26288	0.68262
2001	 2	22	24	0.37092	1.24659	0.68013
2001	 2	23	24	0.38246	1.21903	0.67787
2001	 2	24	24	0.38642	1.19024	0.67026
2001	 2	25	24	0.38725	1.15770	0.65930
2001	 2	26	24	0.38707	1.12363	0.64716
2001	 2	27	24	0.38689	1.09151	0.63570
2001	 2	28	24	0.38841	1.06119	0.62598
2001	 3	 1	24	0.39162	1.03083	0.61734
2001	 3	 2	24	0.39683	1.00124	0.61025
2001	 3	 3	24	0.39921	0.97331	0.60193
2001	 3	 4	24	0.40544	0.94654	0.59651
2001	 3	 5	24	0.41246	0.92101	0.59203
2001	 3	 6	24	0.41292	0.89465	0.58302
2001	 3	 7	24	0.41632	0.87279	0.57751
2001	 3	 8	24	0.42353	0.85857	0.57715
2001	 3	 9	24	0.43943	0.98760	0.63300
2001	 3	10	24	0.45752	1.14213	0.69926
2001	 3	11	24	0.47616	1.35203	0.78544
2001	 3	12	24	0.49301	1.65653	0.90386
2001	 3	13	24	0.51659	2.43888	1.19537
2001	 3	14	24	0.53164	2.97387	1.39402
2001	 3	15	24	0.53982	3.19614	1.47779
2001	 3	16	24	0.54639	3.29071	1.51544
2001	 3	17	24	0.55188	3.45893	1.57839
2001	 3	18	24	0.57099	4.12625	1.82639
2001	 3	19	24	0.58119	4.56178	1.98678
2001	 3	20	24	0.59175	4.51575	1.97736
2001	 3	21	24	0.59487	3.98550	1.79214
2001	 3	22	24	0.59919	3.53930	1.63738
2001	 3	23	24	0.61535	3.36454	1.58612
2001	 3	24	24	0.63155	3.44246	1.62411
2001	 3	25	24	0.66133	5.14394	2.24419
2001	 3	26	24	0.67897	6.13143	2.60429
2001	 3	27	24	0.68225	5.12603	2.25140
2001	 3	28	24	0.68427	4.35981	1.98214
2001	 3	29	24	0.68692	3.79896	1.78581
2001	 3	30	24	0.68630	3.37399	1.63536
2001	 3	31	24	0.68575	3.15232	1.55672
2001	 4	 1	24	0.68458	2.84143	1.44619
2001	 4	 2	24	0.68311	2.57139	1.34988
2001	 4	 3	24	0.68138	2.34921	1.27031
2001	 4	 4	24	0.68046	2.16582	1.20496
2001	 4	 5	24	0.69017	2.22410	1.23182
2001	 4	 6	24	0.68723	2.05700	1.17091
2001	 4	 7	24	0.68492	1.92270	1.12200
2001	 4	 8	24	0.68825	1.88306	1.11015
2001	 4	 9	24	0.68827	1.80276	1.08181
2001	 4	10	24	0.68307	1.68860	1.03814
2001	 4	11	24	0.67792	1.57730	0.99550
2001	 4	12	24	0.67282	1.47898	0.95748
2001	 4	13	24	0.67405	1.45701	0.95052
2001	 4	14	24	0.68189	1.37174	0.92548
2001	 4	15	24	0.69110	1.29602	0.90470
2001	 4	16	24	0.70500	1.22856	0.88987
2001	 4	17	24	0.71904	1.24910	0.90621
2001	 4	18	24	0.72060	1.24980	0.90747
2001	 4	19	24	0.72388	1.30374	0.92863
2001	 4	20	24	0.72087	1.33545	0.93788
2001	 4	21	24	0.72824	1.40819	0.96834
2001	 4	22	24	0.74135	1.36988	0.96329
2001	 4	23	24	0.73824	1.30255	0.93750
2001	 4	24	24	0.73166	1.23491	0.90936
2001	 4	25	24	0.72494	1.17337	0.88329
2001	 4	26	24	0.73451	1.25806	0.91939
2001	 4	27	24	0.72760	1.20728	0.89698
2001	 4	28	24	0.72287	1.15101	0.87405
2001	 4	29	24	0.71743	1.09824	0.85190
2001	 4	30	24	0.71089	1.04907	0.83031
2001	 5	 1	24	0.70423	1.00394	0.81006
2001	 5	 2	24	0.69768	0.96247	0.79118
2001	 5	 3	24	0.69123	0.92429	0.77352
2001	 5	 4	24	0.70267	0.90324	0.77349
2001	 5	 5	24	0.74789	1.25785	0.92797
2001	 5	 6	24	0.78083	1.52265	1.04278
2001	 5	 7	24	0.79337	1.62212	1.08601
2001	 5	 8	24	0.79908	1.65603	1.10167
2001	 5	 9	24	0.80015	1.66998	1.10729
2001	 5	10	24	0.79616	1.62266	1.08800
2001	 5	11	24	0.78875	1.55584	1.05962
2001	 5	12	24	0.78102	1.48152	1.02837
2001	 5	13	24	0.77316	1.41379	0.99937
2001	 5	14	24	0.76532	1.35205	0.97250
2001	 5	15	24	0.75756	1.29558	0.94754
2001	 5	16	24	0.78527	1.37307	0.99283
2001	 5	17	24	0.78288	1.31601	0.97114
2001	 5	18	24	0.78070	1.27331	0.95465
2001	 5	19	24	0.77259	1.22007	0.93060
2001	 5	20	24	0.76324	1.16855	0.90636
2001	 5	21	24	0.75385	1.11879	0.88271
2001	 5	22	24	0.74463	1.07051	0.85970
2001	 5	23	24	0.73562	1.02426	0.83754
2001	 5	24	24	0.72682	0.98122	0.81665
2001	 5	25	24	0.71822	0.94151	0.79707
2001	 5	26	24	0.70978	0.90483	0.77865
2001	 5	27	24	0.70150	0.87069	0.76124
2001	 5	28	24	0.69379	0.83965	0.74529
2001	 5	29	24	0.71460	0.97652	0.80709
2001	 5	30	24	0.70957	0.98292	0.80609
2001	 5	31	24	0.70132	0.96107	0.79304
2001	 6	 1	24	0.70126	1.02737	0.81641
2001	 6	 2	24	0.69254	0.99963	0.80098
2001	 6	 3	24	0.68638	1.00722	0.79967
2001	 6	 4	24	0.69008	1.08545	0.82969
2001	 6	 5	24	0.71009	1.33699	0.93145
2001	 6	 6	24	0.70828	1.36528	0.94027
2001	 6	 7	24	0.70050	1.32666	0.92160
2001	 6	 8	24	0.69248	1.27268	0.89736
2001	 6	 9	24	0.68377	1.22299	0.87418
2001	 6	10	24	0.67490	1.17619	0.85191
2001	 6	11	24	0.67640	1.16600	0.84928
2001	 6	12	24	0.66982	1.12083	0.82908
2001	 6	13	24	0.66116	1.07532	0.80740
2001	 6	14	24	0.65257	1.03242	0.78670
2001	 6	15	24	0.64407	0.99116	0.76663
2001	 6	16	24	0.63614	0.95126	0.74741
2001	 6	17	24	0.62921	0.91553	0.73032
2001	 6	18	24	0.62159	0.88078	0.71311
2001	 6	19	24	0.62372	0.86939	0.71047
2001	 6	20	24	0.61568	0.83788	0.69414
2001	 6	21	24	0.60775	0.80851	0.67864
2001	 6	22	24	0.62202	0.86507	0.70785
2001	 6	23	24	0.62228	0.93436	0.73248
2001	 6	24	24	0.61499	0.91484	0.72087
2001	 6	25	24	0.60683	0.88942	0.70662
2001	 6	26	24	0.59857	0.86067	0.69112
2001	 6	27	24	0.59031	0.83036	0.67508
2001	 6	28	24	0.58197	0.80140	0.65945
2001	 6	29	24	0.57586	0.77479	0.64610
2001	 6	30	24	0.56764	0.74909	0.63171
2001	 7	 1	24	0.56312	0.76885	0.63577
2001	 7	 2	24	0.55522	0.74691	0.62291
2001	 7	 3	24	0.54739	0.72295	0.60938
2001	 7	 4	24	0.53970	0.70030	0.59641
2001	 7	 5	24	0.53228	0.67903	0.58409
2001	 7	 6	24	0.52492	0.65898	0.57226
2001	 7	 7	24	0.51781	0.64011	0.56100
2001	 7	 8	24	0.54286	0.76969	0.62295
2001	 7	 9	24	0.55485	0.81798	0.64776
2001	 7	10	24	0.55923	0.83159	0.65540
2001	 7	11	24	0.55930	0.82495	0.65311
2001	 7	12	24	0.55648	0.81092	0.64633
2001	 7	13	24	0.55246	0.79364	0.63762
2001	 7	14	24	0.54775	0.77498	0.62799
2001	 7	15	24	0.54280	0.75618	0.61814
2001	 7	16	24	0.56061	0.83947	0.65908
2001	 7	17	24	0.57335	0.86144	0.67508
2001	 7	18	24	0.57846	0.87994	0.68492
2001	 7	19	24	0.57520	0.85941	0.67556
2001	 7	20	24	0.57009	0.83553	0.66382
2001	 7	21	24	0.58957	1.01685	0.74045
2001	 7	22	24	0.58888	1.04395	0.74957
2001	 7	23	24	0.58439	1.03977	0.74519
2001	 7	24	24	0.57894	1.01175	0.73177
2001	 7	25	24	0.57172	0.98001	0.71589
2001	 7	26	24	0.56424	0.95013	0.70050
2001	 7	27	24	0.55693	0.91967	0.68502
2001	 7	28	24	0.54945	0.89052	0.66989
2001	 7	29	24	0.54171	0.86308	0.65519
2001	 7	30	24	0.53441	0.83659	0.64112
2001	 7	31	24	0.52689	0.80978	0.62678
2001	 8	 1	24	0.52081	0.78499	0.61409
2001	 8	 2	24	0.51371	0.75940	0.60047
2001	 8	 3	24	0.50674	0.73530	0.58744
2001	 8	 4	24	0.50007	0.71255	0.57510
2001	 8	 5	24	0.49520	0.69070	0.56423
2001	 8	 6	24	0.48871	0.66987	0.55268
2001	 8	 7	24	0.48241	0.65031	0.54170
2001	 8	 8	24	0.47612	0.63181	0.53110
2001	 8	 9	24	0.47004	0.61437	0.52101
2001	 8	10	24	0.46448	0.59805	0.51165
2001	 8	11	24	0.45854	0.58237	0.50226
2001	 8	12	24	0.45271	0.56751	0.49325
2001	 8	13	24	0.44701	0.55336	0.48456
2001	 8	14	24	0.44159	0.54004	0.47635
2001	 8	15	24	0.43609	0.52722	0.46827
2001	 8	16	24	0.43070	0.51500	0.46047
2001	 8	17	24	0.42568	0.50359	0.45319
2001	 8	18	24	0.43614	0.55236	0.47718
2001	 8	19	24	0.43491	0.55421	0.47704
2001	 8	20	24	0.45187	0.57889	0.49672
2001	 8	21	24	0.47111	0.69455	0.55001
2001	 8	22	24	0.47924	0.73129	0.56825
2001	 8	23	24	0.48187	0.73967	0.57290
2001	 8	24	24	0.48282	0.74418	0.57511
2001	 8	25	24	0.48234	0.73638	0.57205
2001	 8	26	24	0.48121	0.72428	0.56704
2001	 8	27	24	0.48620	0.84584	0.61319
2001	 8	28	24	0.48662	0.86026	0.61855
2001	 8	29	24	0.48388	0.84863	0.61268
2001	 8	30	24	0.48063	0.83010	0.60403
2001	 8	31	24	0.47677	0.81102	0.59480
2001	 9	 1	24	0.47922	0.81756	0.59869
2001	 9	 2	24	0.50222	1.04945	0.69545
2001	 9	 3	24	0.50962	1.12485	0.72686
2001	 9	 4	24	0.51433	1.15309	0.73988
2001	 9	 5	24	0.51563	1.15582	0.74169
2001	 9	 6	24	0.51407	1.12920	0.73128
2001	 9	 7	24	0.51098	1.09342	0.71665
2001	 9	 8	24	0.52724	1.29722	0.79913
2001	 9	 9	24	0.53688	1.45755	0.86198
2001	 9	10	24	0.55870	1.80885	1.00014
2001	 9	11	24	0.58364	2.54461	1.27608
2001	 9	12	24	0.59094	2.68840	1.33158
2001	 9	13	24	0.60262	2.95234	1.43233
2001	 9	14	24	0.61667	3.15979	1.51467
2001	 9	15	24	0.61912	3.01796	1.46618
2001	 9	16	24	0.61885	2.75421	1.37287
2001	 9	17	24	0.61723	2.52817	1.29200
2001	 9	18	24	0.61442	2.33564	1.22220
2001	 9	19	24	0.62017	2.41723	1.25473
2001	 9	20	24	0.62107	2.50875	1.28763
2001	 9	21	24	0.62196	2.44812	1.26680
2001	 9	22	24	0.62121	2.27109	1.20380
2001	 9	23	24	0.61633	2.11399	1.14517
2001	 9	24	24	0.61496	2.07996	1.13227
2001	 9	25	24	0.61315	2.02991	1.11343
2001	 9	26	24	0.61412	1.91073	1.07197
2001	 9	27	24	0.60949	1.79755	1.02900
2001	 9	28	24	0.60559	1.69708	0.99101
2001	 9	29	24	0.60008	1.60052	0.95335
2001	 9	30	24	0.59362	1.51304	0.91828
2001	10	 1	24	0.59370	1.43846	0.89200
2001	10	 2	24	0.61106	1.59819	0.95962
2001	10	 3	24	0.60819	1.52248	0.93103
2001	10	 4	24	0.62801	1.76844	1.03071
2001	10	 5	24	0.63145	1.69883	1.00835
2001	10	 6	24	0.62661	1.60502	0.97210
2001	10	 7	24	0.62038	1.51699	0.93698
2001	10	 8	24	0.61302	1.43770	0.90423
2001	10	 9	24	0.60599	1.36564	0.87423
2001	10	10	24	0.59860	1.29849	0.84574
2001	10	11	24	0.59091	1.23664	0.81893
2001	10	12	24	0.58296	1.17961	0.79364
2001	10	13	24	0.57483	1.12658	0.76966
2001	10	14	24	0.56662	1.07650	0.74666
2001	10	15	24	0.55854	1.02988	0.72497
2001	10	16	24	0.55064	0.98672	0.70462
2001	10	17	24	0.54292	0.94688	0.68556
2001	10	18	24	0.53538	0.91003	0.66767
2001	10	19	24	0.52805	0.87585	0.65086
2001	10	20	24	0.52091	0.84419	0.63507
2001	10	21	24	0.51394	0.81471	0.62014
2001	10	22	24	0.51548	0.84283	0.63107
2001	10	23	24	0.51962	0.89656	0.65272
2001	10	24	24	0.51306	0.87288	0.64012
2001	10	25	24	0.51187	0.86995	0.63831
2001	10	26	24	0.50527	0.84170	0.62407
2001	10	27	24	0.49847	0.81294	0.60951
2001	10	28	24	0.49330	0.78705	0.59703
2001	10	29	24	0.49817	0.78941	0.60101
2001	10	30	24	0.49277	0.76374	0.58845
2001	10	31	24	0.48637	0.73914	0.57562
2001	11	 1	24	0.48086	0.71678	0.56416
2001	11	 2	24	0.48205	0.75262	0.57759
2001	11	 3	24	0.47907	0.73962	0.57107
2001	11	 4	24	0.47310	0.71850	0.55975
2001	11	 5	24	0.46692	0.69668	0.54805
2001	11	 6	24	0.46115	0.67787	0.53768
2001	11	 7	24	0.45801	0.68798	0.53922
2001	11	 8	24	0.47394	0.76327	0.57610
2001	11	 9	24	0.49746	0.96809	0.66364
2001	11	10	24	0.50739	1.03455	0.69353
2001	11	11	24	0.51116	1.05544	0.70335
2001	11	12	24	0.51328	1.06795	0.70914
2001	11	13	24	0.52074	1.08729	0.72079
2001	11	14	24	0.52135	1.06535	0.71344
2001	11	15	24	0.52027	1.03903	0.70345
2001	11	16	24	0.51894	1.01430	0.69385
2001	11	17	24	0.51612	0.98564	0.68191
2001	11	18	24	0.51314	0.95579	0.66945
2001	11	19	24	0.51081	0.92805	0.65814
2001	11	20	24	0.52068	0.99051	0.68658
2001	11	21	24	0.51785	0.96363	0.67526
2001	11	22	24	0.51480	0.94517	0.66677
2001	11	23	24	0.53889	1.13759	0.75030
2001	11	24	24	0.54597	1.16095	0.76313
2001	11	25	24	0.54784	1.13781	0.75617
2001	11	26	24	0.54895	1.10423	0.74502
2001	11	27	24	0.56491	1.27714	0.81640
2001	11	28	24	0.57079	1.28746	0.82385
2001	11	29	24	0.57892	1.25840	0.81885
2001	11	30	24	0.59566	1.29004	0.84085
2001	12	 1	24	0.59443	1.24701	0.82487
2001	12	 2	24	0.59103	1.19658	0.80485
2001	12	 3	24	0.58688	1.15712	0.78824
2001	12	 4	24	0.58230	1.12127	0.77261
2001	12	 5	24	0.58234	1.07819	0.75743
2001	12	 6	24	0.61485	1.42432	0.90068
2001	12	 7	24	0.64736	1.85883	1.07514
2001	12	 8	24	0.66273	1.97010	1.12438
2001	12	 9	24	0.66849	2.01367	1.14348
2001	12	10	24	0.67292	1.96161	1.12797
2001	12	11	24	0.67818	1.87931	1.10231
2001	12	12	24	0.68471	1.78329	1.07263
2001	12	13	24	0.69649	1.68790	1.04657
2001	12	14	24	0.69553	1.60028	1.01501
2001	12	15	24	0.69117	1.52000	0.98384
2001	12	16	24	0.68585	1.44173	0.95276
2001	12	17	24	0.68033	1.37050	0.92404
2001	12	18	24	0.67392	1.30580	0.89704
2001	12	19	24	0.66726	1.24578	0.87154
2001	12	20	24	0.67760	1.18768	0.85772
2001	12	21	24	0.67227	1.13194	0.83458
2001	12	22	24	0.66627	1.08013	0.81241
2001	12	23	24	0.66303	1.03250	0.79349
2001	12	24	24	0.65475	0.98869	0.77267
2001	12	25	24	0.64707	0.94829	0.75343
2001	12	26	24	0.65991	0.91095	0.74855
2001	12	27	24	0.66049	0.87647	0.73676
2001	12	28	24	0.66567	0.84452	0.72883
2001	12	29	24	0.68657	0.81485	0.73186
2001	12	30	24	0.69563	0.78720	0.72796
2001	12	31	24	0.69390	0.76135	0.71772
2002	 1	 1	24	0.68813	0.73714	0.70543
2002	 1	 2	24	0.68140	0.71442	0.69306
2002	 1	 3	24	0.67541	0.69303	0.68163
2002	 1	 4	24	0.66849	0.67288	0.67004
2002	 1	 5	24	0.66401	0.65388	0.66044
2002	 1	 6	24	0.66406	0.63593	0.65413
2002	 1	 7	24	0.66973	0.61893	0.65179
2002	 1	 8	24	0.66698	0.60269	0.64428
2002	 1	 9	24	0.66264	0.58717	0.63599
2002	 1	10	24	0.66817	0.58007	0.63706
2002	 1	11	24	0.67316	0.59770	0.64652
2002	 1	12	24	0.67642	0.59495	0.64765
2002	 1	13	24	0.68328	0.58208	0.64754
2002	 1	14	24	0.68201	0.56778	0.64167
2002	 1	15	24	0.68606	0.55542	0.63993
2002	 1	16	24	0.67939	0.54203	0.63088
2002	 1	17	24	0.67369	0.52917	0.62266
2002	 1	18	24	0.66978	0.51691	0.61580
2002	 1	19	24	0.66640	0.50518	0.60947
2002	 1	20	24	0.67838	0.49415	0.61333
2002	 1	21	24	0.70717	0.53116	0.64502
2002	 1	22	24	0.73793	0.60450	0.69081
2002	 1	23	24	0.76515	0.66430	0.72954
2002	 1	24	24	0.78971	0.71240	0.76241
2002	 1	25	24	0.82396	0.81929	0.82231
2002	 1	26	24	0.84376	0.85613	0.84813
2002	 1	27	24	0.88099	0.95740	0.90797
2002	 1	28	24	0.93430	1.24274	1.04321
2002	 1	29	24	0.98516	1.57894	1.19483
2002	 1	30	24	1.02957	1.94027	1.35115
2002	 1	31	24	1.06839	2.38874	1.53462
2002	 2	 1	24	1.09645	2.95045	1.75112
2002	 2	 2	24	1.11678	3.44609	1.93929
2002	 2	 3	24	1.13622	4.32865	2.26350
2002	 2	 4	24	1.14856	5.04170	2.52327
2002	 2	 5	24	1.15635	5.47311	2.68064
2002	 2	 6	24	1.16510	6.17914	2.93561
2002	 2	 7	24	1.16789	6.51987	3.05773
2002	 2	 8	24	1.16624	5.99377	2.87089
2002	 2	 9	24	1.16309	5.59758	2.72895
2002	 2	10	24	1.19972	7.11653	3.28901
2002	 2	11	24	1.21021	6.67616	3.14029
2002	 2	12	24	1.20975	6.87618	3.21063
2002	 2	13	24	1.29114	11.05893	4.74025
2002	 2	14	24	1.31226	8.39642	3.81375
2002	 2	15	24	1.29878	6.44419	3.11568
2002	 2	16	24	1.27857	5.26504	2.68624
2002	 2	17	24	1.25755	4.44036	2.38144
2002	 2	18	24	1.23685	3.80561	2.14391
2002	 2	19	24	1.21661	3.32920	1.96259
2002	 2	20	24	1.23037	2.97242	1.84550
2002	 2	21	24	1.28150	3.18750	1.95453
2002	 2	22	24	1.26448	2.85401	1.82576
2002	 2	23	24	1.28395	2.57949	1.74142
2002	 2	24	24	1.32909	2.49845	1.74200
2002	 2	25	24	1.33796	2.27739	1.66968
2002	 2	26	24	1.37360	2.10580	1.63214
2002	 2	27	24	1.44571	2.44214	1.79756
2002	 2	28	24	1.51709	2.75158	1.95300
2002	 3	 1	24	1.56390	2.77589	1.99187
2002	 3	 2	24	1.57933	2.75179	1.99334
2002	 3	 3	24	1.55184	2.49944	1.88645
2002	 3	 4	24	1.52581	2.28268	1.79307
2002	 3	 5	24	1.50540	2.16485	1.73826
2002	 3	 6	24	1.49268	2.31406	1.78272
2002	 3	 7	24	1.48317	2.71815	1.91926
2002	 3	 8	24	1.48078	3.22014	2.09496
2002	 3	 9	24	1.45106	3.32683	2.11341
2002	 3	10	24	1.41857	3.59760	2.18801
2002	 3	11	24	1.38534	3.38016	2.08974
2002	 3	12	24	1.35152	3.04227	1.94855
2002	 3	13	24	1.31800	2.73005	1.81661
2002	 3	14	24	1.28519	2.46614	1.70219
2002	 3	15	24	1.25438	2.23761	1.60157
2002	 3	16	24	1.22277	2.04034	1.51146
2002	 3	17	24	1.19254	1.87409	1.43320
2002	 3	18	24	1.16349	1.73299	1.36459
2002	 3	19	24	1.13864	1.61201	1.30579
2002	 3	20	24	1.11426	1.54344	1.26581
2002	 3	21	24	1.13889	1.72600	1.34620
2002	 3	22	24	1.12037	1.68489	1.31971
2002	 3	23	24	1.13634	1.81050	1.37439
2002	 3	24	24	1.15863	1.70210	1.35053
2002	 3	25	24	1.15594	1.59208	1.30994
2002	 3	26	24	1.13437	1.48903	1.25961
2002	 3	27	24	1.11075	1.39817	1.21224
2002	 3	28	24	1.09984	1.31758	1.17673
2002	 3	29	24	1.11817	1.34402	1.19792
2002	 3	30	24	1.12487	1.61163	1.29675
2002	 3	31	24	1.11359	2.08301	1.45591
2002	 4	 1	24	1.09027	2.12845	1.45686
2002	 4	 2	24	1.06596	2.04523	1.41175
2002	 4	 3	24	1.04084	1.92090	1.35160
2002	 4	 4	24	1.01637	1.80676	1.29547
2002	 4	 5	24	0.99271	1.70473	1.24413
2002	 4	 6	24	0.96993	1.60858	1.19545
2002	 4	 7	24	0.94790	1.51433	1.14791
2002	 4	 8	24	0.92617	1.42419	1.10203
2002	 4	 9	24	0.90493	1.34089	1.05887
2002	 4	10	24	0.88437	1.26667	1.01936
2002	 4	11	24	0.86467	1.20034	0.98320
2002	 4	12	24	0.84586	1.14084	0.95002
2002	 4	13	24	0.82779	1.08731	0.91943
2002	 4	14	24	0.81138	1.03925	0.89185
2002	 4	15	24	0.85320	1.29235	1.00827
2002	 4	16	24	0.87746	1.41034	1.06562
2002	 4	17	24	0.87577	1.40836	1.06384
2002	 4	18	24	0.86568	1.36444	1.04180
2002	 4	19	24	0.85401	1.30679	1.01389
2002	 4	20	24	0.84043	1.25436	0.98659
2002	 4	21	24	0.82326	1.20322	0.95743
2002	 4	22	24	0.80613	1.15156	0.92810
2002	 4	23	24	0.78931	1.10152	0.89955
2002	 4	24	24	0.77311	1.05183	0.87153
2002	 4	25	24	0.75745	1.00589	0.84518
2002	 4	26	24	0.74236	0.96378	0.82055
2002	 4	27	24	0.74514	0.97336	0.82573
2002	 4	28	24	0.73146	0.93589	0.80364
2002	 4	29	24	0.71698	0.89948	0.78142
2002	 4	30	24	0.70304	0.86611	0.76062
2002	 5	 1	24	0.68930	0.83477	0.74067
2002	 5	 2	24	0.67596	0.80570	0.72177
2002	 5	 3	24	0.66315	0.77881	0.70399
2002	 5	 4	24	0.65026	0.75343	0.68669
2002	 5	 5	24	0.63792	0.72971	0.67033
2002	 5	 6	24	0.66277	0.83318	0.72295
2002	 5	 7	24	0.67318	0.90239	0.75412
2002	 5	 8	24	0.66912	0.90132	0.75112
2002	 5	 9	24	0.66191	0.88469	0.74058
2002	 5	10	24	0.65231	0.86135	0.72612
2002	 5	11	24	0.64163	0.83794	0.71095
2002	 5	12	24	0.63229	0.81612	0.69720
2002	 5	13	24	0.62490	0.79476	0.68488
2002	 5	14	24	0.61348	0.77239	0.66959
2002	 5	15	24	0.60207	0.74820	0.65367
2002	 5	16	24	0.59117	0.72484	0.63837
2002	 5	17	24	0.58045	0.70282	0.62366
2002	 5	18	24	0.57006	0.68210	0.60962
2002	 5	19	24	0.55999	0.66257	0.59621
2002	 5	20	24	0.55229	0.64489	0.58499
2002	 5	21	24	0.54273	0.62735	0.57261
2002	 5	22	24	0.53345	0.61074	0.56074
2002	 5	23	24	0.52446	0.59498	0.54936
2002	 5	24	24	0.52626	0.59386	0.55013
2002	 5	25	24	0.51903	0.57912	0.54025
2002	 5	26	24	0.53055	0.63008	0.56569
2002	 5	27	24	0.52727	0.62659	0.56234
2002	 5	28	24	0.52316	0.61670	0.55619
2002	 5	29	24	0.51608	0.60401	0.54713
2002	 5	30	24	0.50801	0.58982	0.53690
2002	 5	31	24	0.49987	0.57515	0.52645
2002	 6	 1	24	0.49194	0.56107	0.51635
2002	 6	 2	24	0.48425	0.54764	0.50663
2002	 6	 3	24	0.47680	0.53480	0.49728
2002	 6	 4	24	0.46957	0.52251	0.48826
2002	 6	 5	24	0.46256	0.51072	0.47957
2002	 6	 6	24	0.45745	0.50032	0.47259
2002	 6	 7	24	0.45387	0.49003	0.46664
2002	 6	 8	24	0.47776	0.61284	0.52546
2002	 6	 9	24	0.50044	0.74768	0.58774
2002	 6	10	24	0.51180	0.81729	0.61967
2002	 6	11	24	0.51875	0.87455	0.64439
2002	 6	12	24	0.52331	0.90002	0.65633
2002	 6	13	24	0.52605	0.91493	0.66337
2002	 6	14	24	0.53420	0.95840	0.68399
2002	 6	15	24	0.53630	0.96478	0.68760
2002	 6	16	24	0.54041	0.97452	0.69370
2002	 6	17	24	0.54005	0.96302	0.68941
2002	 6	18	24	0.53860	0.94677	0.68273
2002	 6	19	24	0.53668	0.92828	0.67496
2002	 6	20	24	0.53446	0.90675	0.66592
2002	 6	21	24	0.54071	0.89393	0.66543
2002	 6	22	24	0.54227	0.87478	0.65969
2002	 6	23	24	0.53835	0.85098	0.64874
2002	 6	24	24	0.53454	0.82888	0.63847
2002	 6	25	24	0.53025	0.80721	0.62805
2002	 6	26	24	0.52595	0.78666	0.61801
2002	 6	27	24	0.52163	0.76712	0.60832
2002	 6	28	24	0.51724	0.74837	0.59885
2002	 6	29	24	0.51276	0.73044	0.58962
2002	 6	30	24	0.50809	0.71292	0.58042
2002	 7	 1	24	0.50285	0.69578	0.57097
2002	 7	 2	24	0.49752	0.67916	0.56166
2002	 7	 3	24	0.50003	0.71513	0.57599
2002	 7	 4	24	0.49713	0.71972	0.57573
2002	 7	 5	24	0.49124	0.70268	0.56590
2002	 7	 6	24	0.48512	0.68463	0.55557
2002	 7	 7	24	0.48656	0.68007	0.55489
2002	 7	 8	24	0.48067	0.66294	0.54503
2002	 7	 9	24	0.47458	0.64646	0.53527
2002	 7	10	24	0.46852	0.63044	0.52570
2002	 7	11	24	0.46843	0.61606	0.52056
2002	 7	12	24	0.46251	0.60084	0.51135
2002	 7	13	24	0.45658	0.58613	0.50232
2002	 7	14	24	0.46888	0.66027	0.53646
2002	 7	15	24	0.46962	0.66546	0.53877
2002	 7	16	24	0.46708	0.65794	0.53447
2002	 7	17	24	0.48529	0.75497	0.58052
2002	 7	18	24	0.48983	0.76613	0.58739
2002	 7	19	24	0.48901	0.75720	0.58371
2002	 7	20	24	0.48627	0.74286	0.57687
2002	 7	21	24	0.48274	0.72730	0.56910
2002	 7	22	24	0.47913	0.71095	0.56099
2002	 7	23	24	0.47505	0.69422	0.55244
2002	 7	24	24	0.47027	0.67717	0.54333
2002	 7	25	24	0.46516	0.66049	0.53413
2002	 7	26	24	0.45994	0.64414	0.52498
2002	 7	27	24	0.45467	0.62823	0.51595
2002	 7	28	24	0.44896	0.61207	0.50656
2002	 7	29	24	0.44325	0.59665	0.49742
2002	 7	30	24	0.43760	0.58186	0.48854
2002	 7	31	24	0.43205	0.56761	0.47992
2002	 8	 1	24	0.42725	0.55448	0.47218
2002	 8	 2	24	0.44652	0.55186	0.48371
2002	 8	 3	24	0.45482	0.53985	0.48485
2002	 8	 4	24	0.45875	0.52764	0.48307
2002	 8	 5	24	0.47042	0.60227	0.51698
2002	 8	 6	24	0.47254	0.61402	0.52250
2002	 8	 7	24	0.47409	0.61436	0.52362
2002	 8	 8	24	0.48916	0.68898	0.55972
2002	 8	 9	24	0.50033	0.71283	0.57537
2002	 8	10	24	0.50072	0.70833	0.57403
2002	 8	11	24	0.49966	0.69806	0.56972
2002	 8	12	24	0.52570	1.00586	0.69525
2002	 8	13	24	0.56152	1.85483	1.01820
2002	 8	14	24	0.59719	3.34234	1.56653
2002	 8	15	24	0.62524	5.64561	2.39799
2002	 8	16	24	0.64783	9.21547	3.67316
2002	 8	17	24	0.66832	10.31608	4.07505
2002	 8	18	24	0.70011	11.40698	4.48083
2002	 8	19	24	0.72429	8.33806	3.41279
2002	 8	20	24	0.74068	6.40757	2.74172
2002	 8	21	24	0.75481	5.23361	2.33632
2002	 8	22	24	0.76767	4.43909	2.06409
2002	 8	23	24	0.77447	3.85839	1.86344
2002	 8	24	24	0.78134	3.41571	1.71156
2002	 8	25	24	0.78832	3.06639	1.59273
2002	 8	26	24	0.79544	2.78334	1.49739
2002	 8	27	24	0.80268	2.54910	1.41936
2002	 8	28	24	0.80997	2.35191	1.35445
2002	 8	29	24	0.81716	2.18354	1.29964
2002	 8	30	24	0.82369	2.02168	1.24671
2002	 8	31	24	0.82707	1.88162	1.19945
2002	 9	 1	24	0.83279	1.84810	1.19131
2002	 9	 2	24	0.83269	1.72959	1.14939
2002	 9	 3	24	0.83222	1.61278	1.10785
2002	 9	 4	24	0.83175	1.50570	1.06973
2002	 9	 5	24	0.83118	1.41136	1.03605
2002	 9	 6	24	0.86086	1.71840	1.16367
2002	 9	 7	24	0.85812	1.69189	1.15253
2002	 9	 8	24	0.85139	1.60633	1.11797
2002	 9	 9	24	0.84308	1.51765	1.08128
2002	 9	10	24	0.83491	1.42727	1.04408
2002	 9	11	24	0.84243	1.37105	1.02909
2002	 9	12	24	0.83426	1.29066	0.99542
2002	 9	13	24	0.82622	1.21628	0.96396
2002	 9	14	24	0.81834	1.14928	0.93520
2002	 9	15	24	0.82311	1.23692	0.96923
2002	 9	16	24	0.83597	1.22016	0.97163
2002	 9	17	24	0.82919	1.16563	0.94799
2002	 9	18	24	0.82188	1.10691	0.92252
2002	 9	19	24	0.81413	1.05076	0.89769
2002	 9	20	24	0.80648	0.99866	0.87434
2002	 9	21	24	0.79897	0.95112	0.85270
2002	 9	22	24	0.79170	0.90732	0.83253
2002	 9	23	24	0.80725	1.06539	0.89840
2002	 9	24	24	0.80855	1.07138	0.90135
2002	 9	25	24	0.80152	1.04533	0.88761
2002	 9	26	24	0.79442	1.01142	0.87105
2002	 9	27	24	0.84155	1.32241	1.01135
2002	 9	28	24	0.85658	1.40215	1.04923
2002	 9	29	24	0.85654	1.41422	1.05346
2002	 9	30	24	0.84906	1.37660	1.03534
2002	10	 1	24	0.84060	1.32027	1.00998
2002	10	 2	24	0.83229	1.26612	0.98548
2002	10	 3	24	0.82401	1.21575	0.96234
2002	10	 4	24	0.81867	1.18246	0.94713
2002	10	 5	24	0.81138	1.13550	0.92583
2002	10	 6	24	0.82489	1.24538	0.97337
2002	10	 7	24	0.86322	1.54548	1.10413
2002	10	 8	24	0.87452	1.62905	1.14095
2002	10	 9	24	0.86961	1.58435	1.12199
2002	10	10	24	0.85953	1.50875	1.08878
2002	10	11	24	0.84936	1.43756	1.05706
2002	10	12	24	0.83881	1.37202	1.02710
2002	10	13	24	0.82837	1.30851	0.99791
2002	10	14	24	0.81811	1.24658	0.96940
2002	10	15	24	0.80760	1.18881	0.94221
2002	10	16	24	0.81620	1.29957	0.98688
2002	10	17	24	0.83574	1.40196	1.03568
2002	10	18	24	0.82552	1.34487	1.00891
2002	10	19	24	0.81500	1.28775	0.98193
2002	10	20	24	0.82331	1.36691	1.01526
2002	10	21	24	0.81214	1.30462	0.98604
2002	10	22	24	0.81923	1.36212	1.01093
2002	10	23	24	0.83033	1.48635	1.06198
2002	10	24	24	0.81981	1.41999	1.03174
2002	10	25	24	0.80743	1.34845	0.99847
2002	10	26	24	0.84134	1.80600	1.18198
2002	10	27	24	0.83920	1.86703	1.20214
2002	10	28	24	0.85523	2.19065	1.32678
2002	10	29	24	0.86783	2.45953	1.42988
2002	10	30	24	0.85733	2.32912	1.37703
2002	10	31	24	0.84470	2.16755	1.31181
2002	11	 1	24	0.83151	2.02441	1.25274
2002	11	 2	24	0.82168	1.90165	1.20303
2002	11	 3	24	0.83762	2.09792	1.28265
2002	11	 4	24	0.85325	1.97075	1.24785
2002	11	 5	24	0.85080	1.84749	1.20274
2002	11	 6	24	0.83822	1.72376	1.15091
2002	11	 7	24	0.82364	1.61195	1.10200
2002	11	 8	24	0.81396	1.51235	1.06057
2002	11	 9	24	0.85015	1.43649	1.05719
2002	11	10	24	0.87815	1.50978	1.10118
2002	11	11	24	0.88973	1.46357	1.09236
2002	11	12	24	0.91214	1.62921	1.16535
2002	11	13	24	0.91877	1.83866	1.24359
2002	11	14	24	0.91854	1.98823	1.29626
2002	11	15	24	0.91569	2.10188	1.33455
2002	11	16	24	0.91548	2.51824	1.48143
2002	11	17	24	0.91300	3.24833	1.73763
2002	11	18	24	0.90315	3.79591	1.92462
2002	11	19	24	0.90270	4.53428	2.18505
2002	11	20	24	0.96507	7.16917	3.15580
2002	11	21	24	0.98332	6.18245	2.81919
2002	11	22	24	0.98615	5.19436	2.47211
2002	11	23	24	1.03915	6.64602	3.01900
2002	11	24	24	1.05528	6.02011	2.80841
2002	11	25	24	1.04694	4.96593	2.43078
2002	11	26	24	1.03474	4.22838	2.16245
2002	11	27	24	1.02143	3.64923	1.94933
2002	11	28	24	1.01152	3.47733	1.88222
2002	11	29	24	0.99637	3.05698	1.72399
2002	11	30	24	1.04385	3.85909	2.03794
2002	12	 1	24	1.09688	4.30269	2.22888
2002	12	 2	24	1.09904	3.81787	2.05909
2002	12	 3	24	1.08646	3.32199	1.87585
2002	12	 4	24	1.07211	2.91952	1.72445
2002	12	 5	24	1.05160	2.60357	1.59962
2002	12	 6	24	1.03094	2.35573	1.49874
2002	12	 7	24	1.00916	2.13452	1.40654
2002	12	 8	24	0.98722	1.94936	1.32696
2002	12	 9	24	0.96576	1.79314	1.25792
2002	12	10	24	0.94479	1.65928	1.19709
2002	12	11	24	0.92417	1.54371	1.14294
2002	12	12	24	0.90419	1.44289	1.09441
2002	12	13	24	0.88494	1.35386	1.05052
2002	12	14	24	0.86646	1.27496	1.01070
2002	12	15	24	0.84832	1.20458	0.97412
2002	12	16	24	0.83083	1.14144	0.94051
2002	12	17	24	0.81614	1.08445	0.91088
2002	12	18	24	0.80676	1.03271	0.88655
2002	12	19	24	0.79053	0.98558	0.85940
2002	12	20	24	0.77669	0.94242	0.83521
2002	12	21	24	0.76752	0.90269	0.81525
2002	12	22	24	0.75594	0.86606	0.79482
2002	12	23	24	0.75487	0.83214	0.78216
2002	12	24	24	0.74238	0.80061	0.76294
2002	12	25	24	0.72862	0.77132	0.74370
2002	12	26	24	0.71820	0.74406	0.72733
2002	12	27	24	0.71052	0.71857	0.71336
2002	12	28	24	0.70991	0.69469	0.70453
2002	12	29	24	0.71756	0.67228	0.70157
2002	12	30	24	0.75515	0.74546	0.75173
2002	12	31	24	0.80489	0.98225	0.86752
2003	 1	 1	24	0.82534	1.08497	0.91702
2003	 1	 2	24	0.83439	1.12049	0.93541
2003	 1	 3	24	0.89271	1.59613	1.14110
2003	 1	 4	24	0.94349	2.12472	1.36060
2003	 1	 5	24	0.95906	2.30290	1.43359
2003	 1	 6	24	0.96790	2.37017	1.46306
2003	 1	 7	24	0.97461	2.41958	1.48484
2003	 1	 8	24	0.97645	2.38347	1.47328
2003	 1	 9	24	0.97574	2.28143	1.43680
2003	 1	10	24	0.97335	2.16777	1.39511
2003	 1	11	24	0.96755	2.04212	1.34699
2003	 1	12	24	0.95836	1.91919	1.29764
2003	 1	13	24	0.94851	1.80631	1.25141
2003	 1	14	24	0.95030	1.70615	1.21720
2003	 1	15	24	0.97075	1.67663	1.22000
2003	 1	16	24	0.97819	1.60894	1.20092
2003	 1	17	24	0.98331	1.54065	1.18011
2003	 1	18	24	0.98489	1.49213	1.16400
2003	 1	19	24	0.97929	1.43657	1.14076
2003	 1	20	24	0.97125	1.37518	1.11388
2003	 1	21	24	0.96529	1.32976	1.09399
2003	 1	22	24	0.95324	1.27129	1.06555
2003	 1	23	24	0.94184	1.21556	1.03850
2003	 1	24	24	0.98034	1.28448	1.08774
2003	 1	25	24	0.98198	1.23798	1.07238
2003	 1	26	24	0.97367	1.18498	1.04829
2003	 1	27	24	0.96241	1.13437	1.02313
2003	 1	28	24	1.00268	1.44511	1.15891
2003	 1	29	24	1.03847	1.75160	1.29028
2003	 1	30	24	1.05198	1.80197	1.31681
2003	 1	31	24	1.04420	1.77237	1.30132
2003	 2	 1	24	1.02970	1.69845	1.26585
2003	 2	 2	24	1.01319	1.61329	1.22509
2003	 2	 3	24	0.99821	1.53266	1.18693
2003	 2	 4	24	1.00237	1.45909	1.16364
2003	 2	 5	24	0.99811	1.38806	1.13580
2003	 2	 6	24	0.99716	1.31859	1.11066
2003	 2	 7	24	0.98020	1.25339	1.07666
2003	 2	 8	24	0.96999	1.19266	1.04861
2003	 2	 9	24	0.95417	1.13659	1.01859
2003	 2	10	24	0.93875	1.08404	0.99006
2003	 2	11	24	0.92698	1.03612	0.96552
2003	 2	12	24	0.91875	0.99204	0.94463
2003	 2	13	24	0.91463	0.95150	0.92765
2003	 2	14	24	0.90899	0.91417	0.91082
2003	 2	15	24	0.90038	0.87964	0.89305
2003	 2	16	24	0.88368	0.84758	0.87093
2003	 2	17	24	0.86673	0.81761	0.84939
2003	 2	18	24	0.84959	0.78968	0.82843
2003	 2	19	24	0.83206	0.76359	0.80789
2003	 2	20	24	0.81475	0.73883	0.78794
2003	 2	21	24	0.81315	0.71768	0.77944
2003	 2	22	24	0.81715	0.71540	0.78122
2003	 2	23	24	0.80971	0.69982	0.77091
2003	 2	24	24	0.79994	0.68892	0.76074
2003	 2	25	24	0.79395	0.72575	0.76987
2003	 2	26	24	0.78802	0.77469	0.78331
2003	 2	27	24	0.77794	0.78197	0.77936
2003	 2	28	24	0.77067	0.83243	0.79247
2003	 3	 1	24	0.76549	0.95303	0.83171
2003	 3	 2	24	0.75948	1.09666	0.87854
2003	 3	 3	24	0.75026	1.17868	0.90154
2003	 3	 4	24	0.74013	1.24071	0.91689
2003	 3	 5	24	0.72826	1.23276	0.90641
2003	 3	 6	24	0.71668	1.22849	0.89741
2003	 3	 7	24	0.71397	1.20860	0.88862
2003	 3	 8	24	0.70960	1.18751	0.87835
2003	 3	 9	24	0.70261	1.23566	0.89084
2003	 3	10	24	0.69306	1.35227	0.92583
2003	 3	11	24	0.68246	1.64208	1.02131
2003	 3	12	24	0.69342	2.08732	1.18562
2003	 3	13	24	0.70991	2.61008	1.38088
2003	 3	14	24	0.70527	2.63525	1.38676
2003	 3	15	24	0.69547	2.56088	1.35417
2003	 3	16	24	0.68393	2.45419	1.30903
2003	 3	17	24	0.67212	2.38267	1.27614
2003	 3	18	24	0.66049	2.26331	1.22646
2003	 3	19	24	0.64918	2.16437	1.18421
2003	 3	20	24	0.63811	2.05007	1.13669
2003	 3	21	24	0.62719	1.91498	1.08192
2003	 3	22	24	0.61646	1.79621	1.03304
2003	 3	23	24	0.60605	1.68933	0.98857
2003	 3	24	24	0.59598	1.59361	0.94825
2003	 3	25	24	0.58619	1.50718	0.91140
2003	 3	26	24	0.57663	1.42849	0.87743
2003	 3	27	24	0.56729	1.35642	0.84594
2003	 3	28	24	0.55835	1.29090	0.81703
2003	 3	29	24	0.54947	1.23077	0.79005
2003	 3	30	24	0.54084	1.17577	0.76504
2003	 3	31	24	0.53245	1.12519	0.74175
2003	 4	 1	24	0.52429	1.07842	0.71996
2003	 4	 2	24	0.51715	1.03511	0.70005
2003	 4	 3	24	0.51308	0.99559	0.68346
2003	 4	 4	24	0.50778	0.95929	0.66722
2003	 4	 5	24	0.50026	0.92353	0.64972
2003	 4	 6	24	0.49315	0.89299	0.63434
2003	 4	 7	24	0.49042	0.86157	0.62148
2003	 4	 8	24	0.48364	0.83210	0.60669
2003	 4	 9	24	0.47757	0.80449	0.59301
2003	 4	10	24	0.47119	0.77859	0.57974
2003	 4	11	24	0.46703	0.76974	0.57392
2003	 4	12	24	0.46103	0.74724	0.56209
2003	 4	13	24	0.45478	0.74879	0.55860
2003	 4	14	24	0.44862	0.72621	0.54664
2003	 4	15	24	0.44261	0.70470	0.53516
2003	 4	16	24	0.43677	0.68423	0.52415
2003	 4	17	24	0.43108	0.66472	0.51358
2003	 4	18	24	0.42554	0.64625	0.50347
2003	 4	19	24	0.44211	0.72965	0.54365
2003	 4	20	24	0.46184	0.90123	0.61700
2003	 4	21	24	0.46863	0.95020	0.63868
2003	 4	22	24	0.47134	0.96221	0.64467
2003	 4	23	24	0.47284	0.96608	0.64700
2003	 4	24	24	0.47297	0.95384	0.64277
2003	 4	25	24	0.47206	0.93437	0.63531
2003	 4	26	24	0.47057	0.90992	0.62571
2003	 4	27	24	0.47006	0.88735	0.61741
2003	 4	28	24	0.46765	0.86292	0.60722
2003	 4	29	24	0.46439	0.83945	0.59683
2003	 4	30	24	0.46095	0.81710	0.58671
2003	 5	 1	24	0.45702	0.79532	0.57648
2003	 5	 2	24	0.45266	0.77370	0.56602
2003	 5	 3	24	0.44805	0.75208	0.55540
2003	 5	 4	24	0.44333	0.73124	0.54499
2003	 5	 5	24	0.43849	0.71100	0.53472
2003	 5	 6	24	0.43350	0.69078	0.52435
2003	 5	 7	24	0.42851	0.67117	0.51420
2003	 5	 8	24	0.42356	0.65241	0.50437
2003	 5	 9	24	0.43557	0.70209	0.52968
2003	 5	10	24	0.43610	0.69745	0.52838
2003	 5	11	24	0.43351	0.68216	0.52132
2003	 5	12	24	0.43011	0.66434	0.51282
2003	 5	13	24	0.42607	0.64749	0.50426
2003	 5	14	24	0.42273	0.62988	0.49588
2003	 5	15	24	0.41760	0.61282	0.48654
2003	 5	16	24	0.41281	0.59751	0.47803
2003	 5	17	24	0.40782	0.58210	0.46936
2003	 5	18	24	0.40335	0.56763	0.46136
2003	 5	19	24	0.40506	0.59187	0.47102
2003	 5	20	24	0.41128	0.63610	0.49067
2003	 5	21	24	0.40879	0.63094	0.48723
2003	 5	22	24	0.40479	0.61989	0.48074
2003	 5	23	24	0.40003	0.60690	0.47308
2003	 5	24	24	0.39525	0.59330	0.46518
2003	 5	25	24	0.39055	0.57926	0.45719
2003	 5	26	24	0.38597	0.56496	0.44917
2003	 5	27	24	0.38976	0.57464	0.45504
2003	 5	28	24	0.38684	0.56241	0.44884
2003	 5	29	24	0.38285	0.54884	0.44146
2003	 5	30	24	0.37848	0.53574	0.43401
2003	 5	31	24	0.37421	0.52319	0.42682
2003	 6	 1	24	0.37015	0.51136	0.42002
2003	 6	 2	24	0.36601	0.49986	0.41327
2003	 6	 3	24	0.36196	0.48884	0.40676
2003	 6	 4	24	0.35800	0.47827	0.40047
2003	 6	 5	24	0.35413	0.46812	0.39438
2003	 6	 6	24	0.35627	0.45869	0.39244
2003	 6	 7	24	0.35375	0.44934	0.38751
2003	 6	 8	24	0.35029	0.44037	0.38210
2003	 6	 9	24	0.34673	0.43251	0.37702
2003	 6	10	24	0.34309	0.42416	0.37172
2003	 6	11	24	0.33952	0.41613	0.36657
2003	 6	12	24	0.33604	0.40837	0.36158
2003	 6	13	24	0.34014	0.44475	0.37708
2003	 6	14	24	0.33822	0.44738	0.37676
2003	 6	15	24	0.33533	0.44396	0.37369
2003	 6	16	24	0.33204	0.43906	0.36983
2003	 6	17	24	0.32870	0.43285	0.36547
2003	 6	18	24	0.32541	0.42597	0.36092
2003	 6	19	24	0.32385	0.42290	0.35883
2003	 6	20	24	0.32124	0.41546	0.35451
2003	 6	21	24	0.31810	0.40781	0.34978
2003	 6	22	24	0.31501	0.40042	0.34517
2003	 6	23	24	0.31199	0.39326	0.34069
2003	 6	24	24	0.31082	0.40815	0.34519
2003	 6	25	24	0.30797	0.40401	0.34188
2003	 6	26	24	0.30508	0.39813	0.33794
2003	 6	27	24	0.30223	0.39117	0.33363
2003	 6	28	24	0.29943	0.38434	0.32941
2003	 6	29	24	0.29668	0.37773	0.32530
2003	 6	30	24	0.29408	0.37138	0.32138
2003	 7	 1	24	0.30132	0.41896	0.34286
2003	 7	 2	24	0.30917	0.46970	0.36585
2003	 7	 3	24	0.31019	0.48556	0.37211
2003	 7	 4	24	0.31090	0.49375	0.37547
2003	 7	 5	24	0.31195	0.51582	0.38394
2003	 7	 6	24	0.31170	0.52171	0.38586
2003	 7	 7	24	0.31043	0.52145	0.38494
2003	 7	 8	24	0.30886	0.51878	0.38299
2003	 7	 9	24	0.30714	0.51441	0.38033
2003	 7	10	24	0.30605	0.50933	0.37783
2003	 7	11	24	0.30391	0.50294	0.37419
2003	 7	12	24	0.30160	0.49618	0.37031
2003	 7	13	24	0.29912	0.48892	0.36614
2003	 7	14	24	0.29657	0.48154	0.36188
2003	 7	15	24	0.29399	0.47402	0.35756
2003	 7	16	24	0.29139	0.46658	0.35325
2003	 7	17	24	0.28881	0.45923	0.34899
2003	 7	18	24	0.29093	0.46639	0.35288
2003	 7	19	24	0.28932	0.46014	0.34964
2003	 7	20	24	0.28717	0.45265	0.34560
2003	 7	21	24	0.28469	0.44519	0.34137
2003	 7	22	24	0.28231	0.43802	0.33729
2003	 7	23	24	0.27987	0.43070	0.33313
2003	 7	24	24	0.27819	0.42390	0.32964
2003	 7	25	24	0.28720	0.48685	0.35770
2003	 7	26	24	0.28930	0.50427	0.36521
2003	 7	27	24	0.29004	0.50904	0.36737
2003	 7	28	24	0.29743	0.63909	0.41808
2003	 7	29	24	0.30116	0.70194	0.44268
2003	 7	30	24	0.30153	0.73879	0.45593
2003	 7	31	24	0.30131	0.75262	0.46067
2003	 8	 1	24	0.30069	0.75832	0.46228
2003	 8	 2	24	0.29992	0.76078	0.46265
2003	 8	 3	24	0.29888	0.75933	0.46147
2003	 8	 4	24	0.29775	0.75208	0.45818
2003	 8	 5	24	0.29646	0.74242	0.45393
2003	 8	 6	24	0.29510	0.73048	0.44884
2003	 8	 7	24	0.29361	0.71756	0.44331
2003	 8	 8	24	0.29193	0.70306	0.43710
2003	 8	 9	24	0.29004	0.68872	0.43082
2003	 8	10	24	0.28799	0.67404	0.42431
2003	 8	11	24	0.28579	0.65968	0.41782
2003	 8	12	24	0.28349	0.64592	0.41147
2003	 8	13	24	0.28116	0.63272	0.40530
2003	 8	14	24	0.28107	0.63242	0.40514
2003	 8	15	24	0.27908	0.61970	0.39935
2003	 8	16	24	0.27675	0.60722	0.39344
2003	 8	17	24	0.27443	0.59501	0.38763
2003	 8	18	24	0.27213	0.58298	0.38189
2003	 8	19	24	0.26991	0.57121	0.37630
2003	 8	20	24	0.26807	0.56038	0.37129
2003	 8	21	24	0.26583	0.54881	0.36575
2003	 8	22	24	0.26363	0.53756	0.36035
2003	 8	23	24	0.26146	0.52660	0.35508
2003	 8	24	24	0.25937	0.51598	0.34998
2003	 8	25	24	0.25726	0.50549	0.34491
2003	 8	26	24	0.25518	0.49526	0.33996
2003	 8	27	24	0.25314	0.48535	0.33514
2003	 8	28	24	0.25112	0.47571	0.33043
2003	 8	29	24	0.24927	0.46640	0.32594
2003	 8	30	24	0.24795	0.45778	0.32204
2003	 8	31	24	0.24609	0.44896	0.31773
2003	 9	 1	24	0.24436	0.44051	0.31362
2003	 9	 2	24	0.24352	0.43347	0.31059
2003	 9	 3	24	0.24198	0.42560	0.30682
2003	 9	 4	24	0.24013	0.41775	0.30285
2003	 9	 5	24	0.23831	0.41013	0.29898
2003	 9	 6	24	0.23652	0.40273	0.29521
2003	 9	 7	24	0.23474	0.39553	0.29152
2003	 9	 8	24	0.23299	0.38851	0.28790
2003	 9	 9	24	0.23126	0.38173	0.28439
2003	 9	10	24	0.23046	0.37794	0.28254
2003	 9	11	24	0.23211	0.39485	0.28958
2003	 9	12	24	0.23432	0.39730	0.29187
2003	 9	13	24	0.23772	0.40426	0.29653
2003	 9	14	24	0.23977	0.40241	0.29720
2003	 9	15	24	0.23932	0.39689	0.29496
2003	 9	16	24	0.23857	0.39133	0.29251
2003	 9	17	24	0.23762	0.38564	0.28989
2003	 9	18	24	0.23659	0.37969	0.28712
2003	 9	19	24	0.23550	0.37343	0.28420
2003	 9	20	24	0.23424	0.36717	0.28118
2003	 9	21	24	0.23281	0.36107	0.27810
2003	 9	22	24	0.23134	0.35517	0.27507
2003	 9	23	24	0.22980	0.34945	0.27205
2003	 9	24	24	0.22834	0.34396	0.26917
2003	 9	25	24	0.22678	0.33860	0.26626
2003	 9	26	24	0.22520	0.33340	0.26341
2003	 9	27	24	0.22362	0.32836	0.26060
2003	 9	28	24	0.22205	0.32346	0.25786
2003	 9	29	24	0.22085	0.31904	0.25553
2003	 9	30	24	0.21939	0.31451	0.25298
2003	10	 1	24	0.21786	0.31002	0.25040
2003	10	 2	24	0.21634	0.30564	0.24788
2003	10	 3	24	0.21509	0.30162	0.24564
2003	10	 4	24	0.21380	0.29780	0.24346
2003	10	 5	24	0.21269	0.29430	0.24151
2003	10	 6	24	0.21374	0.30126	0.24464
2003	10	 7	24	0.21568	0.30218	0.24622
2003	10	 8	24	0.22072	0.33009	0.25934
2003	10	 9	24	0.22863	0.40396	0.29054
2003	10	10	24	0.23375	0.45886	0.31324
2003	10	11	24	0.23634	0.49407	0.32735
2003	10	12	24	0.23872	0.52054	0.33823
2003	10	13	24	0.23977	0.54510	0.34759
2003	10	14	24	0.24049	0.56215	0.35407
2003	10	15	24	0.24115	0.57207	0.35800
2003	10	16	24	0.24182	0.57897	0.36087
2003	10	17	24	0.24240	0.58296	0.36266
2003	10	18	24	0.24282	0.58648	0.36417
2003	10	19	24	0.24305	0.58940	0.36535
2003	10	20	24	0.24314	0.59147	0.36614
2003	10	21	24	0.24312	0.59221	0.36639
2003	10	22	24	0.24575	0.59155	0.36786
2003	10	23	24	0.24603	0.58679	0.36636
2003	10	24	24	0.24566	0.58059	0.36393
2003	10	25	24	0.24506	0.57385	0.36116
2003	10	26	24	0.24493	0.56713	0.35870
2003	10	27	24	0.24444	0.56187	0.35653
2003	10	28	24	0.24368	0.55302	0.35291
2003	10	29	24	0.24289	0.54360	0.34907
2003	10	30	24	0.24818	0.57746	0.36445
2003	10	31	24	0.24977	0.58427	0.36789
2003	11	 1	24	0.24970	0.58339	0.36753
2003	11	 2	24	0.24903	0.57274	0.36333
2003	11	 3	24	0.24820	0.56247	0.35917
2003	11	 4	24	0.24768	0.55337	0.35562
2003	11	 5	24	0.24685	0.54373	0.35168
2003	11	 6	24	0.24601	0.53440	0.34784
2003	11	 7	24	0.24516	0.52536	0.34410
2003	11	 8	24	0.24427	0.51659	0.34043
2003	11	 9	24	0.24336	0.50808	0.33684
2003	11	10	24	0.24244	0.49985	0.33333
2003	11	11	24	0.24149	0.49188	0.32990
2003	11	12	24	0.24047	0.48416	0.32652
2003	11	13	24	0.23941	0.47665	0.32318
2003	11	14	24	0.23831	0.46934	0.31989
2003	11	15	24	0.23718	0.46220	0.31664
2003	11	16	24	0.23603	0.45524	0.31343
2003	11	17	24	0.23691	0.45567	0.31415
2003	11	18	24	0.23844	0.49112	0.32767
2003	11	19	24	0.23789	0.49442	0.32847
2003	11	20	24	0.23676	0.48845	0.32563
2003	11	21	24	0.23555	0.48079	0.32215
2003	11	22	24	0.23430	0.47316	0.31865
2003	11	23	24	0.23301	0.46573	0.31519
2003	11	24	24	0.23169	0.45843	0.31176
2003	11	25	24	0.23036	0.45129	0.30837
2003	11	26	24	0.22906	0.44427	0.30505
2003	11	27	24	0.22799	0.43794	0.30212
2003	11	28	24	0.22660	0.43117	0.29884
2003	11	29	24	0.22837	0.43845	0.30255
2003	11	30	24	0.23067	0.45663	0.31046
2003	12	 1	24	0.23001	0.45111	0.30808
2003	12	 2	24	0.22905	0.44438	0.30509
2003	12	 3	24	0.22776	0.43740	0.30179
2003	12	 4	24	0.22637	0.43052	0.29846
2003	12	 5	24	0.22498	0.42368	0.29514
2003	12	 6	24	0.22498	0.41795	0.29312
2003	12	 7	24	0.22819	0.43991	0.30295
2003	12	 8	24	0.22802	0.43713	0.30186
2003	12	 9	24	0.22729	0.43309	0.29996
2003	12	10	24	0.22619	0.42781	0.29739
2003	12	11	24	0.22489	0.42121	0.29421
2003	12	12	24	0.22418	0.41870	0.29286
2003	12	13	24	0.22490	0.41245	0.29112
2003	12	14	24	0.23229	0.49943	0.32662
2003	12	15	24	0.24011	0.61297	0.37177
2003	12	16	24	0.24372	0.66987	0.39420
2003	12	17	24	0.24580	0.71500	0.41148
2003	12	18	24	0.24852	0.75133	0.42607
2003	12	19	24	0.25234	0.79340	0.44339
2003	12	20	24	0.25398	0.82901	0.45703
2003	12	21	24	0.25499	0.86440	0.47018
2003	12	22	24	0.25743	0.89047	0.48096
2003	12	23	24	0.25942	0.89587	0.48416
2003	12	24	24	0.26210	0.89748	0.48646
2003	12	25	24	0.26402	0.89171	0.48566
2003	12	26	24	0.26531	0.88255	0.48327
2003	12	27	24	0.26574	0.87379	0.48045
2003	12	28	24	0.26587	0.85811	0.47500
2003	12	29	24	0.26583	0.84332	0.46975
2003	12	30	24	0.26544	0.82788	0.46405
2003	12	31	24	0.26493	0.81177	0.45802
2004	 1	 1	24	0.26470	0.79336	0.45138
2004	 1	 2	24	0.26419	0.77572	0.44482
2004	 1	 3	24	0.26360	0.75865	0.43841
2004	 1	 4	24	0.26278	0.74187	0.43196
2004	 1	 5	24	0.26192	0.72471	0.42534
2004	 1	 6	24	0.26105	0.70812	0.41891
2004	 1	 7	24	0.26459	0.69225	0.41560
2004	 1	 8	24	0.26739	0.67697	0.41202
2004	 1	 9	24	0.27002	0.66223	0.40851
2004	 1	10	24	0.27321	0.64794	0.40553
2004	 1	11	24	0.28147	0.68592	0.42429
2004	 1	12	24	0.29103	0.76025	0.45672
2004	 1	13	24	0.29951	0.84433	0.49189
2004	 1	14	24	0.31002	0.94591	0.53456
2004	 1	15	24	0.31935	0.99501	0.55793
2004	 1	16	24	0.32629	0.99640	0.56291
2004	 1	17	24	0.33289	0.98195	0.56208
2004	 1	18	24	0.33903	0.97056	0.56203
2004	 1	19	24	0.34270	0.94926	0.55688
2004	 1	20	24	0.35063	0.92627	0.55390
2004	 1	21	24	0.35474	0.90238	0.54812
2004	 1	22	24	0.35560	0.87908	0.54045
2004	 1	23	24	0.35635	0.85571	0.53268
2004	 1	24	24	0.35742	0.83145	0.52481
2004	 1	25	24	0.35995	0.80794	0.51814
2004	 1	26	24	0.36114	0.78507	0.51084
2004	 1	27	24	0.36374	0.76323	0.50480
2004	 1	28	24	0.36397	0.74230	0.49757
2004	 1	29	24	0.36415	0.72228	0.49061
2004	 1	30	24	0.36579	0.70321	0.48493
2004	 1	31	24	0.36805	0.68506	0.47999
2004	 2	 1	24	0.37355	0.66759	0.47738
2004	 2	 2	24	0.38833	0.75682	0.51845
2004	 2	 3	24	0.40733	1.05932	0.63756
2004	 2	 4	24	0.42522	1.34885	0.75137
2004	 2	 5	24	0.44230	1.74363	0.90181
2004	 2	 6	24	0.45555	2.34404	1.12240
2004	 2	 7	24	0.46736	3.08358	1.39118
2004	 2	 8	24	0.47815	3.90024	1.68653
2004	 2	 9	24	0.49567	4.38268	1.86821
2004	 2	10	24	0.50363	4.60500	1.95187
2004	 2	11	24	0.51050	4.41934	1.89075
2004	 2	12	24	0.51514	4.04112	1.76020
2004	 2	13	24	0.51866	3.64299	1.62189
2004	 2	14	24	0.52773	3.27924	1.49932
2004	 2	15	24	0.53773	3.02063	1.41446
2004	 2	16	24	0.54518	2.76640	1.32952
2004	 2	17	24	0.55145	2.55773	1.25989
2004	 2	18	24	0.56112	2.44666	1.22692
2004	 2	19	24	0.56675	2.26630	1.16688
2004	 2	20	24	0.56922	2.10938	1.11307
2004	 2	21	24	0.57704	1.98330	1.07361
2004	 2	22	24	0.58210	1.87246	1.03774
2004	 2	23	24	0.58433	1.75358	0.99720
2004	 2	24	24	0.58566	1.64894	0.96111
2004	 2	25	24	0.58894	1.55636	0.93055
2004	 2	26	24	0.59083	1.47348	0.90250
2004	 2	27	24	0.59377	1.39862	0.87797
2004	 2	28	24	0.59394	1.32996	0.85384
2004	 2	29	24	0.59345	1.26606	0.83096
2004	 3	 1	24	0.59130	1.20637	0.80849
2004	 3	 2	24	0.59239	1.15128	0.78974
2004	 3	 3	24	0.60567	1.10828	0.78314
2004	 3	 4	24	0.60758	1.06090	0.76765
2004	 3	 5	24	0.60534	1.01701	0.75071
2004	 3	 6	24	0.60981	0.97688	0.73943
2004	 3	 7	24	0.61338	0.93943	0.72851
2004	 3	 8	24	0.61851	0.90888	0.72104
2004	 3	 9	24	0.61707	0.87558	0.70836
2004	 3	10	24	0.62198	0.84446	0.70054
2004	 3	11	24	0.62221	0.81533	0.69040
2004	 3	12	24	0.62911	0.79490	0.68765
2004	 3	13	24	0.64224	0.78377	0.69221
2004	 3	14	24	0.64994	0.80805	0.70577
2004	 3	15	24	0.65228	0.89277	0.73720
2004	 3	16	24	0.65492	1.03575	0.78940
2004	 3	17	24	0.65794	1.26363	0.87181
2004	 3	18	24	0.66181	1.67373	1.01913
2004	 3	19	24	0.66435	2.30289	1.24294
2004	 3	20	24	0.66548	3.23810	1.57390
2004	 3	21	24	0.67191	4.51902	2.03037
2004	 3	22	24	0.66945	5.60977	2.41393
2004	 3	23	24	0.66644	6.33321	2.66744
2004	 3	24	24	0.68247	6.50401	2.73812
2004	 3	25	24	0.71913	6.71082	2.83486
2004	 3	26	24	0.72978	5.64905	2.46683
2004	 3	27	24	0.73533	4.77098	2.16036
2004	 3	28	24	0.73682	4.12604	1.93359
2004	 3	29	24	0.73475	3.90488	1.85416
2004	 3	30	24	0.73018	4.01555	1.89028
2004	 3	31	24	0.72503	4.02721	1.89106
2004	 4	 1	24	0.71971	3.92282	1.85076
2004	 4	 2	24	0.71428	3.74181	1.78333
2004	 4	 3	24	0.70883	3.47460	1.68545
2004	 4	 4	24	0.70319	3.08462	1.54410
2004	 4	 5	24	0.69775	2.76313	1.42706
2004	 4	 6	24	0.69388	2.50011	1.33168
2004	 4	 7	24	0.68855	2.27580	1.24903
2004	 4	 8	24	0.68358	2.08494	1.17842
2004	 4	 9	24	0.67835	1.92248	1.11767
2004	 4	10	24	0.67288	1.78052	1.06400
2004	 4	11	24	0.66798	1.65814	1.01762
2004	 4	12	24	0.66197	1.55148	0.97607
2004	 4	13	24	0.65590	1.45786	0.93908
2004	 4	14	24	0.64985	1.37420	0.90563
2004	 4	15	24	0.64390	1.29883	0.87516
2004	 4	16	24	0.63803	1.23082	0.84735
2004	 4	17	24	0.63220	1.16938	0.82189
2004	 4	18	24	0.62642	1.11354	0.79843
2004	 4	19	24	0.62168	1.17770	0.81801
2004	 4	20	24	0.62331	1.17383	0.81770
2004	 4	21	24	0.61743	1.12218	0.79566
2004	 4	22	24	0.61153	1.07081	0.77371
2004	 4	23	24	0.60571	1.02341	0.75320
2004	 4	24	24	0.60095	0.98046	0.73496
2004	 4	25	24	0.61251	1.04911	0.76668
2004	 4	26	24	0.60741	1.01591	0.75165
2004	 4	27	24	0.60185	0.97619	0.73403
2004	 4	28	24	0.59612	0.93651	0.71632
2004	 4	29	24	0.59047	0.89978	0.69969
2004	 4	30	24	0.58491	0.86577	0.68408
2004	 5	 1	24	0.57944	0.83423	0.66941
2004	 5	 2	24	0.57435	0.80551	0.65597
2004	 5	 3	24	0.57410	0.78878	0.64990
2004	 5	 4	24	0.59193	0.86238	0.68743
2004	 5	 5	24	0.59000	0.84860	0.68132
2004	 5	 6	24	0.60939	0.83800	0.69011
2004	 5	 7	24	0.64056	1.06476	0.79035
2004	 5	 8	24	0.65226	1.13467	0.82260
2004	 5	 9	24	0.65495	1.14600	0.82835
2004	 5	10	24	0.65533	1.13320	0.82407
2004	 5	11	24	0.69326	1.49302	0.97567
2004	 5	12	24	0.70629	1.56291	1.00877
2004	 5	13	24	0.71025	1.55787	1.00955
2004	 5	14	24	0.71185	1.50660	0.99249
2004	 5	15	24	0.70859	1.44154	0.96740
2004	 5	16	24	0.74342	1.82370	1.12488
2004	 5	17	24	0.74961	1.82538	1.12948
2004	 5	18	24	0.74576	1.73616	1.09548
2004	 5	19	24	0.73920	1.64329	1.05844
2004	 5	20	24	0.73174	1.55934	1.02398
2004	 5	21	24	0.72401	1.48355	0.99222
2004	 5	22	24	0.72395	1.44839	0.97975
2004	 5	23	24	0.73811	1.49794	1.00642
2004	 5	24	24	0.76886	1.84501	1.14886
2004	 5	25	24	0.76726	1.83803	1.14536
2004	 5	26	24	0.75971	1.73561	1.10431
2004	 5	27	24	0.75097	1.64111	1.06529
2004	 5	28	24	0.74222	1.55469	1.02911
2004	 5	29	24	0.73366	1.47483	0.99537
2004	 5	30	24	0.72523	1.40056	0.96370
2004	 5	31	24	0.71676	1.33084	0.93359
2004	 6	 1	24	0.70888	1.26687	0.90591
2004	 6	 2	24	0.70787	1.23311	0.89334
2004	 6	 3	24	0.70429	1.24818	0.89635
2004	 6	 4	24	0.69606	1.19091	0.87080
2004	 6	 5	24	0.68906	1.14582	0.85035
2004	 6	 6	24	0.68413	1.10704	0.83346
2004	 6	 7	24	0.67565	1.05843	0.81081
2004	 6	 8	24	0.66720	1.01283	0.78925
2004	 6	 9	24	0.65893	0.97084	0.76907
2004	 6	10	24	0.65083	0.93221	0.75019
2004	 6	11	24	0.64314	0.89630	0.73253
2004	 6	12	24	0.65227	1.00511	0.77686
2004	 6	13	24	0.64752	0.99025	0.76854
2004	 6	14	24	0.63957	0.96003	0.75273
2004	 6	15	24	0.63163	0.92544	0.73538
2004	 6	16	24	0.62499	0.89511	0.72037
2004	 6	17	24	0.61726	0.86144	0.70349
2004	 6	18	24	0.61282	0.87164	0.70421
2004	 6	19	24	0.60572	0.84152	0.68898
2004	 6	20	24	0.59874	0.81611	0.67550
2004	 6	21	24	0.59150	0.78776	0.66080
2004	 6	22	24	0.58433	0.76212	0.64711
2004	 6	23	24	0.58012	0.73816	0.63593
2004	 6	24	24	0.57308	0.71494	0.62317
2004	 6	25	24	0.56589	0.69298	0.61077
2004	 6	26	24	0.55877	0.67227	0.59885
2004	 6	27	24	0.55179	0.65275	0.58744
2004	 6	28	24	0.54531	0.63443	0.57678
2004	 6	29	24	0.53861	0.61708	0.56632
2004	 6	30	24	0.53206	0.60072	0.55630
2004	 7	 1	24	0.52547	0.58505	0.54651
2004	 7	 2	24	0.53057	0.57463	0.54613
2004	 7	 3	24	0.52588	0.56037	0.53806
2004	 7	 4	24	0.52094	0.54927	0.53094
2004	 7	 5	24	0.51468	0.53638	0.52235
2004	 7	 6	24	0.50874	0.52425	0.51422
2004	 7	 7	24	0.50230	0.51215	0.50578
2004	 7	 8	24	0.49598	0.50057	0.49760
2004	 7	 9	24	0.51976	0.68864	0.57940
2004	 7	10	24	0.52775	0.82518	0.63278
2004	 7	11	24	0.52987	0.92895	0.67079
2004	 7	12	24	0.53018	1.01449	0.70120
2004	 7	13	24	0.53397	1.10412	0.73530
2004	 7	14	24	0.53253	1.14697	0.74949
2004	 7	15	24	0.52949	1.16982	0.75560
2004	 7	16	24	0.52539	1.18286	0.75755
2004	 7	17	24	0.52073	1.19051	0.75724
2004	 7	18	24	0.51580	1.18786	0.75311
2004	 7	19	24	0.51097	1.16994	0.74366
2004	 7	20	24	0.50554	1.14401	0.73099
2004	 7	21	24	0.50291	1.11723	0.71983
2004	 7	22	24	0.49720	1.08364	0.70428
2004	 7	23	24	0.51741	1.39494	0.82728
2004	 7	24	24	0.52292	1.46758	0.85649
2004	 7	25	24	0.52291	1.45319	0.85140
2004	 7	26	24	0.51997	1.40260	0.83164
2004	 7	27	24	0.52116	1.37148	0.82142
2004	 7	28	24	0.51678	1.31557	0.79884
2004	 7	29	24	0.51182	1.26169	0.77661
2004	 7	30	24	0.50631	1.21189	0.75546
2004	 7	31	24	0.50054	1.16586	0.73547
2004	 8	 1	24	0.49466	1.12323	0.71661
2004	 8	 2	24	0.48852	1.08363	0.69866
2004	 8	 3	24	0.48229	1.04655	0.68153
2004	 8	 4	24	0.47611	1.01160	0.66520
2004	 8	 5	24	0.47002	0.97862	0.64961
2004	 8	 6	24	0.46402	0.94723	0.63465
2004	 8	 7	24	0.45812	0.91712	0.62020
2004	 8	 8	24	0.45234	0.88831	0.60629
2004	 8	 9	24	0.44669	0.86084	0.59293
2004	 8	10	24	0.44115	0.83436	0.57999
2004	 8	11	24	0.43573	0.80897	0.56753
2004	 8	12	24	0.43043	0.78473	0.55554
2004	 8	13	24	0.44297	0.96584	0.62760
2004	 8	14	24	0.44372	1.00799	0.64297
2004	 8	15	24	0.44237	1.01020	0.64288
2004	 8	16	24	0.43924	0.99193	0.63440
2004	 8	17	24	0.43520	0.96462	0.62215
2004	 8	18	24	0.43842	0.93675	0.61439
2004	 8	19	24	0.43475	0.90845	0.60202
2004	 8	20	24	0.43059	0.88256	0.59019
2004	 8	21	24	0.42607	0.85391	0.57715
2004	 8	22	24	0.42139	0.82678	0.56454
2004	 8	23	24	0.41645	0.80087	0.55219
2004	 8	24	24	0.41155	0.77634	0.54036
2004	 8	25	24	0.41869	0.86853	0.57753
2004	 8	26	24	0.41660	0.86057	0.57337
2004	 8	27	24	0.42394	1.01586	0.63295
2004	 8	28	24	0.42206	1.02522	0.63504
2004	 8	29	24	0.41909	1.00475	0.62589
2004	 8	30	24	0.41521	0.97629	0.61334
2004	 8	31	24	0.41505	0.99506	0.61986
2004	 9	 1	24	0.41059	0.96296	0.60564
2004	 9	 2	24	0.40599	0.93116	0.59143
2004	 9	 3	24	0.40134	0.89994	0.57740
2004	 9	 4	24	0.39674	0.86932	0.56362
2004	 9	 5	24	0.39222	0.84000	0.55034
2004	 9	 6	24	0.38776	0.81220	0.53764
2004	 9	 7	24	0.38339	0.78587	0.52551
2004	 9	 8	24	0.37909	0.76098	0.51394
2004	 9	 9	24	0.37487	0.73750	0.50292
2004	 9	10	24	0.37073	0.71527	0.49239
2004	 9	11	24	0.36668	0.69402	0.48226
2004	 9	12	24	0.36297	0.67417	0.47286
2004	 9	13	24	0.36525	0.68278	0.47737
2004	 9	14	24	0.36229	0.66405	0.46885
2004	 9	15	24	0.35885	0.64551	0.46007
2004	 9	16	24	0.35519	0.62772	0.45142
2004	 9	17	24	0.35147	0.61077	0.44303
2004	 9	18	24	0.34779	0.59466	0.43496
2004	 9	19	24	0.34417	0.57934	0.42721
2004	 9	20	24	0.34064	0.56474	0.41977
2004	 9	21	24	0.33716	0.55075	0.41258
2004	 9	22	24	0.34417	0.64106	0.44900
2004	 9	23	24	0.35387	0.74427	0.49172
2004	 9	24	24	0.36218	0.86932	0.54126
2004	 9	25	24	0.36988	0.98424	0.58682
2004	 9	26	24	0.37648	1.07387	0.62274
2004	 9	27	24	0.37819	1.09341	0.63074
2004	 9	28	24	0.37939	1.11459	0.63900
2004	 9	29	24	0.37988	1.11916	0.64093
2004	 9	30	24	0.38873	1.24030	0.68943
2004	10	 1	24	0.38889	1.22905	0.68556
2004	10	 2	24	0.38813	1.20193	0.67549
2004	10	 3	24	0.38846	1.21155	0.67911
2004	10	 4	24	0.38668	1.17483	0.66498
2004	10	 5	24	0.38458	1.13582	0.64985
2004	10	 6	24	0.38229	1.09598	0.63430
2004	10	 7	24	0.38369	1.07365	0.62732
2004	10	 8	24	0.38131	1.03744	0.61300
2004	10	 9	24	0.37948	1.00533	0.60047
2004	10	10	24	0.37697	0.97347	0.58760
2004	10	11	24	0.37432	0.94323	0.57521
2004	10	12	24	0.37159	0.91444	0.56328
2004	10	13	24	0.36875	0.88706	0.55177
2004	10	14	24	0.36583	0.86079	0.54060
2004	10	15	24	0.36293	0.83545	0.52978
2004	10	16	24	0.36316	0.82914	0.52770
2004	10	17	24	0.36208	0.85066	0.53461
2004	10	18	24	0.35909	0.82536	0.52373
2004	10	19	24	0.35603	0.80061	0.51301
2004	10	20	24	0.35289	0.77717	0.50271
2004	10	21	24	0.35025	0.75626	0.49361
2004	10	22	24	0.34703	0.73509	0.48406
2004	10	23	24	0.34377	0.71458	0.47471
2004	10	24	24	0.34050	0.69486	0.46563
2004	10	25	24	0.33722	0.67598	0.45684
2004	10	26	24	0.33451	0.66800	0.45227
2004	10	27	24	0.33969	0.71109	0.47083
2004	10	28	24	0.33864	0.69893	0.46586
2004	10	29	24	0.33631	0.68231	0.45849
2004	10	30	24	0.33488	0.69884	0.46340
2004	10	31	24	0.33258	0.72864	0.47243
2004	11	 1	24	0.32929	0.71145	0.46424
2004	11	 2	24	0.32622	0.69332	0.45585
2004	11	 3	24	0.32327	0.67471	0.44737
2004	11	 4	24	0.32010	0.65591	0.43868
2004	11	 5	24	0.31733	0.63828	0.43066
2004	11	 6	24	0.31486	0.63572	0.42816
2004	11	 7	24	0.32155	0.74029	0.46941
2004	11	 8	24	0.32915	0.80357	0.49667
2004	11	 9	24	0.33755	0.82142	0.50841
2004	11	10	24	0.34959	0.82964	0.51910
2004	11	11	24	0.35531	0.81752	0.51852
2004	11	12	24	0.35929	0.90019	0.55029
2004	11	13	24	0.36392	1.00087	0.58884
2004	11	14	24	0.36822	1.02974	0.60181
2004	11	15	24	0.36920	1.00882	0.59506
2004	11	16	24	0.37044	0.99313	0.59032
2004	11	17	24	0.37948	1.19322	0.66682
2004	11	18	24	0.38411	1.49539	0.77652
2004	11	19	24	0.40161	2.30484	1.07366
2004	11	20	24	0.41357	2.61218	1.18992
2004	11	21	24	0.42014	2.69741	1.22427
2004	11	22	24	0.42514	2.71794	1.23475
2004	11	23	24	0.44424	3.51387	1.52816
2004	11	24	24	0.45989	4.00908	1.71315
2004	11	25	24	0.46563	3.75381	1.62672
2004	11	26	24	0.46867	3.47111	1.52886
2004	11	27	24	0.47181	3.32827	1.48046
2004	11	28	24	0.47757	3.52277	1.55286
2004	11	29	24	0.48032	3.35389	1.49501
2004	11	30	24	0.48239	3.20936	1.44531
2004	12	 1	24	0.48360	2.96917	1.36128
2004	12	 2	24	0.48659	3.03662	1.38703
2004	12	 3	24	0.48694	2.79571	1.30219
2004	12	 4	24	0.48693	2.57690	1.22492
2004	12	 5	24	0.48661	2.42907	1.17252
2004	12	 6	24	0.48618	2.29100	1.12348
2004	12	 7	24	0.48537	2.16693	1.07915
2004	12	 8	24	0.48416	2.02503	1.02826
2004	12	 9	24	0.48259	1.94073	0.99748
2004	12	10	24	0.48059	1.83909	0.96029
2004	12	11	24	0.47835	1.92595	0.98951
2004	12	12	24	0.47597	1.93702	0.99188
2004	12	13	24	0.47349	1.81053	0.94561
2004	12	14	24	0.47087	1.69216	0.90212
2004	12	15	24	0.46815	1.58596	0.86287
2004	12	16	24	0.46537	1.49409	0.82862
2004	12	17	24	0.46283	1.40886	0.79688
2004	12	18	24	0.46608	1.33186	0.77180
2004	12	19	24	0.47747	1.26263	0.75472
2004	12	20	24	0.47810	1.20016	0.73307
2004	12	21	24	0.47883	1.14399	0.71371
2004	12	22	24	0.47828	1.09747	0.69692
2004	12	23	24	0.47638	1.04846	0.67839
2004	12	24	24	0.47957	1.11906	0.70538
2004	12	25	24	0.48046	1.24222	0.74945
2004	12	26	24	0.48568	1.40063	0.80876
2004	12	27	24	0.50317	1.42887	0.83005
2004	12	28	24	0.50833	1.38237	0.81696
2004	12	29	24	0.50897	1.33101	0.79924
2004	12	30	24	0.50935	1.27849	0.78094
2004	12	31	24	0.50896	1.24502	0.76887
2005	 1	 1	24	0.51400	1.35167	0.80979
2005	 1	 2	24	0.51432	1.49128	0.85930
2005	 1	 3	24	0.51264	1.52527	0.87021
2005	 1	 4	24	0.52664	1.48618	0.86546
2005	 1	 5	24	0.52966	1.54217	0.88718
2005	 1	 6	24	0.53592	1.69246	0.94430
2005	 1	 7	24	0.53486	1.73405	0.95830
2005	 1	 8	24	0.53274	1.98567	1.04578
2005	 1	 9	24	0.52999	2.33655	1.16791
2005	 1	10	24	0.52645	2.40923	1.19128
2005	 1	11	24	0.52264	2.61880	1.26282
2005	 1	12	24	0.51866	2.64855	1.27075
2005	 1	13	24	0.51490	2.77672	1.31357
2005	 1	14	24	0.51712	2.72702	1.29746
2005	 1	15	24	0.51351	2.51246	1.21936
2005	 1	16	24	0.50935	2.31798	1.14800
2005	 1	17	24	0.50496	2.15866	1.08890
2005	 1	18	24	0.50045	1.98935	1.02620
2005	 1	19	24	0.49607	1.83899	0.97027
2005	 1	20	24	0.49528	1.72213	0.92849
2005	 1	21	24	0.52178	2.49445	1.21835
2005	 1	22	24	0.54347	2.68846	1.30089
2005	 1	23	24	0.55657	2.63148	1.28925
2005	 1	24	24	0.56414	2.48626	1.24286
2005	 1	25	24	0.56751	2.31523	1.18465
2005	 1	26	24	0.56991	2.13493	1.12253
2005	 1	27	24	0.57113	1.97672	1.06746
2005	 1	28	24	0.57125	1.83156	1.01628
2005	 1	29	24	0.57017	1.69909	0.96880
2005	 1	30	24	0.56807	1.58321	0.92652
2005	 1	31	24	0.56496	1.48235	0.88890
2005	 2	 1	24	0.58089	1.39369	0.86790
2005	 2	 2	24	0.58322	1.31524	0.84171
2005	 2	 3	24	0.59471	1.25392	0.82748
2005	 2	 4	24	0.59783	1.19472	0.80860
2005	 2	 5	24	0.59734	1.13994	0.78894
2005	 2	 6	24	0.60066	1.08861	0.77296
2005	 2	 7	24	0.60291	1.03973	0.75715
2005	 2	 8	24	0.60414	0.99520	0.74223
2005	 2	 9	24	0.60452	0.95367	0.72781
2005	 2	10	24	0.60921	0.91744	0.71805
2005	 2	11	24	0.62967	0.93941	0.73904
2005	 2	12	24	0.65302	1.06180	0.79737
2005	 2	13	24	0.68711	1.38950	0.93513
2005	 2	14	24	0.70984	1.55964	1.00991
2005	 2	15	24	0.71490	1.59338	1.02510
2005	 2	16	24	0.71825	1.56977	1.01893
2005	 2	17	24	0.71748	1.52122	1.00129
2005	 2	18	24	0.71357	1.46173	0.97775
2005	 2	19	24	0.70821	1.40210	0.95323
2005	 2	20	24	0.70215	1.34100	0.92773
2005	 2	21	24	0.69847	1.28446	0.90539
2005	 2	22	24	0.69694	1.23044	0.88532
2005	 2	23	24	0.69017	1.17814	0.86248
2005	 2	24	24	0.68420	1.12897	0.84125
2005	 2	25	24	0.67817	1.08194	0.82075
2005	 2	26	24	0.67219	1.03447	0.80011
2005	 2	27	24	0.66806	0.99023	0.78182
2005	 2	28	24	0.66110	0.94946	0.76292
2005	 3	 1	24	0.65405	0.91194	0.74511
2005	 3	 2	24	0.64857	0.87680	0.72916
2005	 3	 3	24	0.64938	0.84382	0.71804
2005	 3	 4	24	0.65020	0.81315	0.70774
2005	 3	 5	24	0.64894	0.78454	0.69682
2005	 3	 6	24	0.64904	0.75778	0.68744
2005	 3	 7	24	0.64216	0.73278	0.67416
2005	 3	 8	24	0.63843	0.70939	0.66349
2005	 3	 9	24	0.63730	0.68744	0.65501
2005	 3	10	24	0.64115	0.66678	0.65020
2005	 3	11	24	0.64548	0.64730	0.64612
2005	 3	12	24	0.66010	0.62892	0.64909
2005	 3	13	24	0.67276	0.61148	0.65112
2005	 3	14	24	0.67564	0.59534	0.64728
2005	 3	15	24	0.68351	0.58301	0.64802
2005	 3	16	24	0.70414	0.63094	0.67829
2005	 3	17	24	0.73634	0.76269	0.74564
2005	 3	18	24	0.77296	1.00684	0.85554
2005	 3	19	24	0.81112	1.41362	1.02387
2005	 3	20	24	0.82986	1.69311	1.13468
2005	 3	21	24	0.84442	1.94311	1.23238
2005	 3	22	24	0.85874	2.18125	1.32573
2005	 3	23	24	0.87339	2.48286	1.44171
2005	 3	24	24	0.88842	2.94081	1.61314
2005	 3	25	24	0.90336	3.73807	1.90433
2005	 3	26	24	0.91921	5.03646	2.37306
2005	 3	27	24	0.92791	6.33863	2.83850
2005	 3	28	24	0.93413	7.39641	3.21603
2005	 3	29	24	0.93752	8.27489	3.52842
2005	 3	30	24	0.93884	8.93797	3.76342
2005	 3	31	24	0.93662	8.95276	3.76720
2005	 4	 1	24	0.93174	8.21932	3.50506
2005	 4	 2	24	0.92527	7.85654	3.37278
2005	 4	 3	24	0.91778	8.12450	3.46255
2005	 4	 4	24	0.90924	8.97337	3.75677
2005	 4	 5	24	0.89967	9.56014	3.95778
2005	 4	 6	24	0.88992	8.90687	3.72080
2005	 4	 7	24	0.88071	8.19134	3.46218
2005	 4	 8	24	0.87006	7.10082	3.07021
2005	 4	 9	24	0.86023	5.89781	2.63906
2005	 4	10	24	0.86408	5.51937	2.50791
2005	 4	11	24	0.85274	4.60278	2.17692
2005	 4	12	24	0.84117	3.98550	1.95147
2005	 4	13	24	0.82923	3.46198	1.75888
2005	 4	14	24	0.81728	3.03385	1.59998
2005	 4	15	24	0.80532	2.69794	1.47362
2005	 4	16	24	0.79332	2.42909	1.37093
2005	 4	17	24	0.78155	2.20804	1.28526
2005	 4	18	24	0.77108	2.03206	1.21635
2005	 4	19	24	0.75958	1.87245	1.15254
2005	 4	20	24	0.74828	1.73552	1.09689
2005	 4	21	24	0.73725	1.61672	1.04780
2005	 4	22	24	0.72645	1.51312	1.00423
2005	 4	23	24	0.71594	1.42166	0.96514
2005	 4	24	24	0.70571	1.34032	0.92980
2005	 4	25	24	0.69572	1.26763	0.89766
2005	 4	26	24	0.68724	1.22050	0.87554
2005	 4	27	24	0.67799	1.15932	0.84795
2005	 4	28	24	0.67238	1.12191	0.83111
2005	 4	29	24	0.66301	1.06843	0.80616
2005	 4	30	24	0.65378	1.01874	0.78265
2005	 5	 1	24	0.64465	0.97290	0.76056
2005	 5	 2	24	0.63568	0.93042	0.73975
2005	 5	 3	24	0.62686	0.89129	0.72023
2005	 5	 4	24	0.63393	0.94953	0.74537
2005	 5	 5	24	0.64892	1.03902	0.78667
2005	 5	 6	24	0.64340	1.01524	0.77470
2005	 5	 7	24	0.64528	1.02926	0.78087
2005	 5	 8	24	0.65462	1.11829	0.81835
2005	 5	 9	24	0.64849	1.09156	0.80494
2005	 5	10	24	0.64001	1.05352	0.78603
2005	 5	11	24	0.63102	1.01496	0.76659
2005	 5	12	24	0.62315	0.99276	0.75367
2005	 5	13	24	0.61423	0.95495	0.73454
2005	 5	14	24	0.60545	0.91712	0.71551
2005	 5	15	24	0.59799	0.88223	0.69836
2005	 5	16	24	0.59005	0.84826	0.68122
2005	 5	17	24	0.61214	1.03442	0.76125
2005	 5	18	24	0.61340	1.06387	0.77247
2005	 5	19	24	0.60879	1.05721	0.76713
2005	 5	20	24	0.60195	1.02945	0.75291
2005	 5	21	24	0.59365	0.99628	0.73583
2005	 5	22	24	0.58536	0.96525	0.71951
2005	 5	23	24	0.57987	0.96067	0.71433
2005	 5	24	24	0.60060	1.14384	0.79242
2005	 5	25	24	0.60058	1.15360	0.79586
2005	 5	26	24	0.59574	1.12253	0.78176
2005	 5	27	24	0.58864	1.08309	0.76324
2005	 5	28	24	0.58030	1.04475	0.74430
2005	 5	29	24	0.57175	1.00527	0.72483
2005	 5	30	24	0.56331	0.96741	0.70600
2005	 5	31	24	0.55561	0.93183	0.68846
2005	 6	 1	24	0.54749	0.89542	0.67035
2005	 6	 2	24	0.53958	0.86113	0.65312
2005	 6	 3	24	0.53187	0.82842	0.63659
2005	 6	 4	24	0.52438	0.79784	0.62094
2005	 6	 5	24	0.51708	0.76911	0.60607
2005	 6	 6	24	0.51045	0.74239	0.59235
2005	 6	 7	24	0.51484	0.78275	0.60944
2005	 6	 8	24	0.51278	0.79490	0.61240
2005	 6	 9	24	0.50619	0.77385	0.60071
2005	 6	10	24	0.49916	0.74955	0.58758
2005	 6	11	24	0.49312	0.72570	0.57525
2005	 6	12	24	0.48639	0.70180	0.56245
2005	 6	13	24	0.47985	0.67909	0.55020
2005	 6	14	24	0.47346	0.65779	0.53855
2005	 6	15	24	0.49453	0.91688	0.64367
2005	 6	16	24	0.49991	1.08580	0.70680
2005	 6	17	24	0.50099	1.20174	0.74843
2005	 6	18	24	0.50192	1.26802	0.77244
2005	 6	19	24	0.49948	1.29338	0.77982
2005	 6	20	24	0.49593	1.30784	0.78263
2005	 6	21	24	0.49143	1.30992	0.78045
2005	 6	22	24	0.48642	1.28770	0.76936
2005	 6	23	24	0.48069	1.25319	0.75347
2005	 6	24	24	0.47494	1.21143	0.73500
2005	 6	25	24	0.46971	1.16824	0.71637
2005	 6	26	24	0.47765	1.23633	0.74555
2005	 6	27	24	0.47450	1.19155	0.72770
2005	 6	28	24	0.46992	1.14709	0.70904
2005	 6	29	24	0.46420	1.10581	0.69076
2005	 6	30	24	0.45826	1.06740	0.67336
2005	 7	 1	24	0.45620	1.05152	0.66641
2005	 7	 2	24	0.46603	1.13316	0.70160
2005	 7	 3	24	0.46406	1.09493	0.68683
2005	 7	 4	24	0.45985	1.05620	0.67043
2005	 7	 5	24	0.45657	1.06606	0.67179
2005	 7	 6	24	0.47304	1.29275	0.76249
2005	 7	 7	24	0.47566	1.30276	0.76771
2005	 7	 8	24	0.47703	1.27510	0.75884
2005	 7	 9	24	0.49166	1.52623	0.85698
2005	 7	10	24	0.49188	1.51117	0.85181
2005	 7	11	24	0.48960	1.45286	0.82973
2005	 7	12	24	0.48629	1.38701	0.80434
2005	 7	13	24	0.48229	1.32507	0.77989
2005	 7	14	24	0.47782	1.26567	0.75602
2005	 7	15	24	0.47284	1.21026	0.73323
2005	 7	16	24	0.46797	1.15913	0.71203
2005	 7	17	24	0.46217	1.11008	0.69095
2005	 7	18	24	0.45628	1.06448	0.67105
2005	 7	19	24	0.45052	1.02205	0.65233
2005	 7	20	24	0.46256	1.18849	0.71890
2005	 7	21	24	0.46658	1.24386	0.74105
2005	 7	22	24	0.47436	1.44832	0.81828
2005	 7	23	24	0.47389	1.45304	0.81964
2005	 7	24	24	0.47072	1.40137	0.79934
2005	 7	25	24	0.46754	1.35555	0.78111
2005	 7	26	24	0.46309	1.29649	0.75737
2005	 7	27	24	0.45797	1.23931	0.73387
2005	 7	28	24	0.45261	1.18374	0.71078
2005	 7	29	24	0.44710	1.13071	0.68849
2005	 7	30	24	0.45571	1.28308	0.74787
2005	 7	31	24	0.45813	1.31466	0.76058
2005	 8	 1	24	0.45447	1.26806	0.74175
2005	 8	 2	24	0.45007	1.21067	0.71865
2005	 8	 3	24	0.44764	1.15811	0.69851
2005	 8	 4	24	0.44402	1.10763	0.67835
2005	 8	 5	24	0.43907	1.05929	0.65807
2005	 8	 6	24	0.44908	1.18952	0.71053
2005	 8	 7	24	0.44952	1.17234	0.70476
2005	 8	 8	24	0.44662	1.13391	0.68931
2005	 8	 9	24	0.44300	1.08755	0.67060
2005	 8	10	24	0.43801	1.04006	0.65060
2005	 8	11	24	0.43284	0.99568	0.63159
2005	 8	12	24	0.42745	0.95439	0.61352
2005	 8	13	24	0.43380	1.00223	0.63452
2005	 8	14	24	0.43102	0.96799	0.62063
2005	 8	15	24	0.42749	0.93694	0.60738
2005	 8	16	24	0.42480	1.00303	0.62898
2005	 8	17	24	0.41959	0.97219	0.61472
2005	 8	18	24	0.41437	0.93533	0.59832
2005	 8	19	24	0.40924	0.89861	0.58204
2005	 8	20	24	0.40423	0.86444	0.56673
2005	 8	21	24	0.41381	1.00438	0.62235
2005	 8	22	24	0.41314	1.00510	0.62216
2005	 8	23	24	0.42835	1.30549	0.73808
2005	 8	24	24	0.43391	1.38450	0.76958
2005	 8	25	24	0.43459	1.38612	0.77058
2005	 8	26	24	0.43408	1.35353	0.75875
2005	 8	27	24	0.43154	1.30613	0.74037
2005	 8	28	24	0.42873	1.25516	0.72055
2005	 8	29	24	0.42553	1.20567	0.70101
2005	 8	30	24	0.42204	1.15907	0.68229
2005	 8	31	24	0.41815	1.11413	0.66391
2005	 9	 1	24	0.41375	1.07039	0.64561
2005	 9	 2	24	0.40906	1.02801	0.62762
2005	 9	 3	24	0.40424	0.98705	0.61004
2005	 9	 4	24	0.39943	0.94753	0.59297
2005	 9	 5	24	0.39465	0.90974	0.57653
2005	 9	 6	24	0.38997	0.87443	0.56104
2005	 9	 7	24	0.38539	0.84136	0.54639
2005	 9	 8	24	0.38089	0.81041	0.53256
2005	 9	 9	24	0.37650	0.78154	0.51953
2005	 9	10	24	0.37220	0.75453	0.50721
2005	 9	11	24	0.38783	0.98087	0.59724
2005	 9	12	24	0.39306	1.06970	0.63199
2005	 9	13	24	0.40916	1.37527	0.75030
2005	 9	14	24	0.41355	1.44217	0.77677
2005	 9	15	24	0.41564	1.46402	0.78583
2005	 9	16	24	0.42069	1.55354	0.82071
2005	 9	17	24	0.42997	1.70289	0.87945
2005	 9	18	24	0.43372	1.66990	0.87023
2005	 9	19	24	0.43413	1.61381	0.85069
2005	 9	20	24	0.43382	1.54613	0.82659
2005	 9	21	24	0.43280	1.47626	0.80126
2005	 9	22	24	0.43135	1.40836	0.77634
2005	 9	23	24	0.42959	1.34639	0.75332
2005	 9	24	24	0.42749	1.28969	0.73194
2005	 9	25	24	0.42507	1.23716	0.71183
2005	 9	26	24	0.42250	1.18788	0.69276
2005	 9	27	24	0.41981	1.14112	0.67451
2005	 9	28	24	0.41701	1.09708	0.65715
2005	 9	29	24	0.41506	1.05495	0.64101
2005	 9	30	24	0.42123	1.18921	0.69241
2005	10	 1	24	0.41909	1.16385	0.68207
2005	10	 2	24	0.42507	1.19550	0.69712
2005	10	 3	24	0.42980	1.25327	0.72057
2005	10	 4	24	0.42701	1.20291	0.70099
2005	10	 5	24	0.42371	1.15253	0.68106
2005	10	 6	24	0.42032	1.10423	0.66182
2005	10	 7	24	0.41684	1.05927	0.64369
2005	10	 8	24	0.41325	1.01722	0.62652
2005	10	 9	24	0.40933	0.97731	0.60989
2005	10	10	24	0.40527	0.93992	0.59406
2005	10	11	24	0.40114	0.90439	0.57884
2005	10	12	24	0.39697	0.87042	0.56415
2005	10	13	24	0.39281	0.83852	0.55020
2005	10	14	24	0.38868	0.80859	0.53695
2005	10	15	24	0.38458	0.78057	0.52441
2005	10	16	24	0.38048	0.75416	0.51243
2005	10	17	24	0.37640	0.72921	0.50098
2005	10	18	24	0.37233	0.70566	0.49003
2005	10	19	24	0.36833	0.68342	0.47959
2005	10	20	24	0.36440	0.66244	0.46964
2005	10	21	24	0.36052	0.64270	0.46016
2005	10	22	24	0.35667	0.62411	0.45111
2005	10	23	24	0.35309	0.60661	0.44261
2005	10	24	24	0.35368	0.62398	0.44913
2005	10	25	24	0.35023	0.61034	0.44208
2005	10	26	24	0.34677	0.59552	0.43461
2005	10	27	24	0.34313	0.57964	0.42664
2005	10	28	24	0.33955	0.56442	0.41895
2005	10	29	24	0.33604	0.54996	0.41157
2005	10	30	24	0.33259	0.53620	0.40449
2005	10	31	24	0.32919	0.52312	0.39767
2005	11	 1	24	0.32586	0.51066	0.39111
2005	11	 2	24	0.32267	0.49897	0.38493
2005	11	 3	24	0.31945	0.48759	0.37882
2005	11	 4	24	0.31642	0.47700	0.37312
2005	11	 5	24	0.31339	0.46675	0.36755
2005	11	 6	24	0.31248	0.47300	0.36916
2005	11	 7	24	0.30963	0.46425	0.36423
2005	11	 8	24	0.30666	0.45463	0.35891
2005	11	 9	24	0.30374	0.44513	0.35367
2005	11	10	24	0.30088	0.43600	0.34859
2005	11	11	24	0.29806	0.42723	0.34368
2005	11	12	24	0.29530	0.41881	0.33891
2005	11	13	24	0.29258	0.41070	0.33429
2005	11	14	24	0.28991	0.40295	0.32983
2005	11	15	24	0.28729	0.39542	0.32547
2005	11	16	24	0.28736	0.39201	0.32431
2005	11	17	24	0.29123	0.41408	0.33461
2005	11	18	24	0.29488	0.41248	0.33641
2005	11	19	24	0.29517	0.40791	0.33498
2005	11	20	24	0.29446	0.40228	0.33253
2005	11	21	24	0.30207	0.39931	0.33641
2005	11	22	24	0.30536	0.39327	0.33640
2005	11	23	24	0.30636	0.38688	0.33479
2005	11	24	24	0.30610	0.38054	0.33239
2005	11	25	24	0.30549	0.37425	0.32977
2005	11	26	24	0.30474	0.36800	0.32708
2005	11	27	24	0.30720	0.36215	0.32660
2005	11	28	24	0.30631	0.35614	0.32391
2005	11	29	24	0.30558	0.35024	0.32135
2005	11	30	24	0.30535	0.34491	0.31932
2005	12	 1	24	0.30439	0.33965	0.31684
2005	12	 2	24	0.30417	0.33494	0.31504
2005	12	 3	24	0.30276	0.32968	0.31226
2005	12	 4	24	0.30522	0.32457	0.31205
2005	12	 5	24	0.30923	0.32186	0.31369
2005	12	 6	24	0.30983	0.31819	0.31278
2005	12	 7	24	0.31061	0.32750	0.31657
2005	12	 8	24	0.30993	0.32519	0.31531
2005	12	 9	24	0.31054	0.32714	0.31640
2005	12	10	24	0.30898	0.32364	0.31416
2005	12	11	24	0.30722	0.31993	0.31171
2005	12	12	24	0.30531	0.31560	0.30894
2005	12	13	24	0.30524	0.32983	0.31392
2005	12	14	24	0.30428	0.32965	0.31324
2005	12	15	24	0.30487	0.32742	0.31284
2005	12	16	24	0.31522	0.36099	0.33138
2005	12	17	24	0.32440	0.36769	0.33969
2005	12	18	24	0.32774	0.36953	0.34249
2005	12	19	24	0.32932	0.36857	0.34318
2005	12	20	24	0.33293	0.36578	0.34453
2005	12	21	24	0.34219	0.36249	0.34935
2005	12	22	24	0.34520	0.35888	0.35003
2005	12	23	24	0.35154	0.35675	0.35338
2005	12	24	24	0.35923	0.36325	0.36065
2005	12	25	24	0.36926	0.38676	0.37544
2005	12	26	24	0.37225	0.38905	0.37818
2005	12	27	24	0.37476	0.38615	0.37878
2005	12	28	24	0.37543	0.38214	0.37780
2005	12	29	24	0.37551	0.37769	0.37628
2005	12	30	24	0.37535	0.37309	0.37455
2005	12	31	24	0.37668	0.36847	0.37378
2006	 1	 1	24	0.37753	0.36383	0.37269
2006	 1	 2	24	0.38072	0.35950	0.37323
2006	 1	 3	24	0.38220	0.35610	0.37298
2006	 1	 4	24	0.38302	0.35154	0.37191
2006	 1	 5	24	0.38184	0.34699	0.36953
2006	 1	 6	24	0.38058	0.34237	0.36708
2006	 1	 7	24	0.37971	0.33900	0.36534
2006	 1	 8	24	0.37859	0.33436	0.36297
2006	 1	 9	24	0.37701	0.32971	0.36031
2006	 1	10	24	0.37944	0.32626	0.36066
2006	 1	11	24	0.38216	0.33020	0.36381
2006	 1	12	24	0.38702	0.34810	0.37328
2006	 1	13	24	0.38749	0.34995	0.37424
2006	 1	14	24	0.38697	0.34693	0.37283
2006	 1	15	24	0.38778	0.34632	0.37314
2006	 1	16	24	0.38653	0.34266	0.37104
2006	 1	17	24	0.38507	0.33858	0.36865
2006	 1	18	24	0.38749	0.33420	0.36867
2006	 1	19	24	0.38693	0.32983	0.36677
2006	 1	20	24	0.38471	0.32550	0.36380
2006	 1	21	24	0.39685	0.33815	0.37612
2006	 1	22	24	0.41014	0.35092	0.38923
2006	 1	23	24	0.41304	0.34962	0.39065
2006	 1	24	24	0.41366	0.34697	0.39011
2006	 1	25	24	0.41584	0.34375	0.39038
2006	 1	26	24	0.41525	0.34002	0.38868
2006	 1	27	24	0.41368	0.33606	0.38627
2006	 1	28	24	0.41281	0.33166	0.38416
2006	 1	29	24	0.41512	0.34334	0.38978
2006	 1	30	24	0.41522	0.34748	0.39130
2006	 1	31	24	0.41490	0.35165	0.39257
2006	 2	 1	24	0.41437	0.35818	0.39453
2006	 2	 2	24	0.41631	0.39382	0.40837
2006	 2	 3	24	0.41685	0.41463	0.41607
2006	 2	 4	24	0.41529	0.41893	0.41658
2006	 2	 5	24	0.41317	0.42135	0.41606
2006	 2	 6	24	0.41081	0.41905	0.41372
2006	 2	 7	24	0.41435	0.41555	0.41477
2006	 2	 8	24	0.43183	0.48159	0.44940
2006	 2	 9	24	0.44484	0.50956	0.46769
2006	 2	10	24	0.45635	0.52098	0.47917
2006	 2	11	24	0.46687	0.52628	0.48784
2006	 2	12	24	0.47064	0.52593	0.49016
2006	 2	13	24	0.47415	0.52181	0.49098
2006	 2	14	24	0.47878	0.51793	0.49260
2006	 2	15	24	0.48526	0.52048	0.49770
2006	 2	16	24	0.49049	0.51405	0.49881
2006	 2	17	24	0.49870	0.51994	0.50620
2006	 2	18	24	0.50530	0.53967	0.51744
2006	 2	19	24	0.50843	0.54677	0.52197
2006	 2	20	24	0.51163	0.57522	0.53408
2006	 2	21	24	0.51229	0.57817	0.53555
2006	 2	22	24	0.51104	0.57503	0.53363
2006	 2	23	24	0.50876	0.56775	0.52959
2006	 2	24	24	0.50655	0.55965	0.52530
2006	 2	25	24	0.50539	0.55585	0.52321
2006	 2	26	24	0.50270	0.54784	0.51864
2006	 2	27	24	0.49945	0.53984	0.51371
2006	 2	28	24	0.49825	0.53177	0.51009
2006	 3	 1	24	0.50277	0.52318	0.50997
2006	 3	 2	24	0.50690	0.51460	0.50962
2006	 3	 3	24	0.50968	0.50692	0.50870
2006	 3	 4	24	0.51251	0.49881	0.50767
2006	 3	 5	24	0.50987	0.49092	0.50318
2006	 3	 6	24	0.51164	0.48524	0.50232
2006	 3	 7	24	0.51382	0.47825	0.50126
2006	 3	 8	24	0.51730	0.47069	0.50084
2006	 3	 9	24	0.52028	0.46274	0.49997
2006	 3	10	24	0.53526	0.45817	0.50804
2006	 3	11	24	0.54764	0.48482	0.52545
2006	 3	12	24	0.55924	0.48316	0.53238
2006	 3	13	24	0.55926	0.47704	0.53023
2006	 3	14	24	0.55767	0.46948	0.52653
2006	 3	15	24	0.55652	0.46097	0.52278
2006	 3	16	24	0.55360	0.45251	0.51791
2006	 3	17	24	0.55318	0.44414	0.51467
2006	 3	18	24	0.55109	0.43602	0.51046
2006	 3	19	24	0.55030	0.43132	0.50829
2006	 3	20	24	0.56201	0.44913	0.52215
2006	 3	21	24	0.57262	0.47765	0.53908
2006	 3	22	24	0.57982	0.50032	0.55174
2006	 3	23	24	0.57987	0.51261	0.55612
2006	 3	24	24	0.57828	0.52213	0.55845
2006	 3	25	24	0.57689	0.53995	0.56385
2006	 3	26	24	0.57947	0.59815	0.58607
2006	 3	27	24	0.59598	0.75899	0.65354
2006	 3	28	24	0.59902	0.94070	0.71967
2006	 3	29	24	0.59997	1.14195	0.79135
2006	 3	30	24	0.60078	1.39185	0.88011
2006	 3	31	24	0.62253	1.87082	1.06331
2006	 4	 1	24	0.62785	2.38530	1.24842
2006	 4	 2	24	0.62971	3.09018	1.49853
2006	 4	 3	24	0.63072	4.02286	1.82853
2006	 4	 4	24	0.63245	4.90777	2.14212
2006	 4	 5	24	0.63025	5.53239	2.36125
2006	 4	 6	24	0.62716	5.59266	2.38053
2006	 4	 7	24	0.62415	5.48422	2.34030
2006	 4	 8	24	0.62119	5.63128	2.39031
2006	 4	 9	24	0.61828	6.35206	2.64294
2006	 4	10	24	0.61511	6.61143	2.73248
2006	 4	11	24	0.62382	6.22743	2.60251
2006	 4	12	24	0.61999	5.44329	2.32315
2006	 4	13	24	0.61593	4.80115	2.09378
2006	 4	14	24	0.61465	5.19882	2.23337
2006	 4	15	24	0.61521	6.13409	2.56398
2006	 4	16	24	0.61123	6.71797	2.76759
2006	 4	17	24	0.61361	8.23838	3.30600
2006	 4	18	24	0.60959	8.70391	3.46779
2006	 4	19	24	0.60470	8.54565	3.40873
2006	 4	20	24	0.59966	8.32836	3.32875
2006	 4	21	24	0.59460	8.29303	3.31300
2006	 4	22	24	0.58949	7.93318	3.18263
2006	 4	23	24	0.58518	7.09771	2.88483
2006	 4	24	24	0.58092	6.00184	2.49510
2006	 4	25	24	0.57587	5.00752	2.14074
2006	 4	26	24	0.57075	4.16171	1.83875
2006	 4	27	24	0.56599	3.71247	1.67705
2006	 4	28	24	0.56109	3.21897	1.49962
2006	 4	29	24	0.56072	2.86776	1.37536
