YY	MM	DD	HH	"1"	"2"	tot_average
gebildeter Direktabfluss in mm je Zone (QD)soil_model
--	--	--	--	0.6468891	0.3531109	1.0000
2000	 8	 1	24	0.00000	0.00000	0.00000
2000	 8	 2	24	0.00000	0.00000	0.00000
2000	 8	 3	24	0.00000	0.00000	0.00000
2000	 8	 4	24	0.00000	0.00000	0.00000
2000	 8	 5	24	0.00000	0.00000	0.00000
2000	 8	 6	24	0.00000	0.00000	0.00000
2000	 8	 7	24	0.00000	0.00000	0.00000
2000	 8	 8	24	0.00000	0.00000	0.00000
2000	 8	 9	24	0.00000	0.00000	0.00000
2000	 8	10	24	0.00000	0.00000	0.00000
2000	 8	11	24	0.00000	0.00000	0.00000
2000	 8	12	24	0.00000	0.00000	0.00000
2000	 8	13	24	0.00000	0.00000	0.00000
2000	 8	14	24	0.00000	0.00000	0.00000
2000	 8	15	24	0.00000	0.00000	0.00000
2000	 8	16	24	0.00000	0.00000	0.00000
2000	 8	17	24	0.00000	0.00000	0.00000
2000	 8	18	24	0.00000	0.00000	0.00000
2000	 8	19	24	0.00000	0.00000	0.00000
2000	 8	20	24	0.00481	0.00000	0.00311
2000	 8	21	24	0.05060	0.03984	0.04680
2000	 8	22	24	0.02735	0.02154	0.02530
2000	 8	23	24	0.01479	0.01164	0.01368
2000	 8	24	24	0.00799	0.00629	0.00739
2000	 8	25	24	0.00432	0.00340	0.00400
2000	 8	26	24	0.00234	0.00184	0.00216
2000	 8	27	24	0.00126	0.00099	0.00117
2000	 8	28	24	0.00068	0.00054	0.00063
2000	 8	29	24	0.00037	0.00029	0.00034
2000	 8	30	24	0.00020	0.00016	0.00018
2000	 8	31	24	0.00011	0.00008	0.00010
2000	 9	 1	24	0.00006	0.00005	0.00005
2000	 9	 2	24	0.00003	0.00002	0.00003
2000	 9	 3	24	0.06268	0.12884	0.08604
2000	 9	 4	24	0.03389	0.06965	0.04652
2000	 9	 5	24	0.01832	0.03766	0.02515
2000	 9	 6	24	0.00990	0.02036	0.01360
2000	 9	 7	24	0.00535	0.01101	0.00735
2000	 9	 8	24	0.00289	0.00595	0.00397
2000	 9	 9	24	0.00156	0.00322	0.00215
2000	 9	10	24	0.00085	0.00174	0.00116
2000	 9	11	24	0.00046	0.00094	0.00063
2000	 9	12	24	0.00025	0.00051	0.00034
2000	 9	13	24	0.00013	0.00027	0.00018
2000	 9	14	24	0.00007	0.00015	0.00010
2000	 9	15	24	0.00004	0.00008	0.00005
2000	 9	16	24	0.00002	0.00004	0.00003
2000	 9	17	24	0.00001	0.00002	0.00002
2000	 9	18	24	0.00001	0.00001	0.00001
2000	 9	19	24	0.00000	0.00001	0.00000
2000	 9	20	24	0.00000	0.00000	0.00000
2000	 9	21	24	0.00000	0.00000	0.00000
2000	 9	22	24	0.00000	0.00000	0.00000
2000	 9	23	24	0.00000	0.00000	0.00000
2000	 9	24	24	0.00000	0.00000	0.00000
2000	 9	25	24	0.00000	0.00000	0.00000
2000	 9	26	24	0.00000	0.00000	0.00000
2000	 9	27	24	0.00000	0.00000	0.00000
2000	 9	28	24	0.00000	0.00000	0.00000
2000	 9	29	24	0.00000	0.00000	0.00000
2000	 9	30	24	0.00000	0.00000	0.00000
2000	10	 1	24	0.02062	0.11592	0.05427
2000	10	 2	24	0.01115	0.06267	0.02934
2000	10	 3	24	0.00603	0.03388	0.01586
2000	10	 4	24	0.00326	0.01832	0.00858
2000	10	 5	24	0.00176	0.00990	0.00464
2000	10	 6	24	0.00096	0.00535	0.00251
2000	10	 7	24	0.05935	0.02477	0.04714
2000	10	 8	24	0.03208	0.01339	0.02548
2000	10	 9	24	0.01735	0.00724	0.01378
2000	10	10	24	0.00938	0.00391	0.00745
2000	10	11	24	0.00507	0.00212	0.00403
2000	10	12	24	0.00274	0.00114	0.00218
2000	10	13	24	0.00148	0.00062	0.00118
2000	10	14	24	0.00080	0.00033	0.00064
2000	10	15	24	0.00043	0.00018	0.00034
2000	10	16	24	0.00023	0.00010	0.00019
2000	10	17	24	0.00013	0.00005	0.00010
2000	10	18	24	0.00007	0.00003	0.00005
2000	10	19	24	0.00004	0.00002	0.00003
2000	10	20	24	0.00002	0.00001	0.00002
2000	10	21	24	0.00001	0.00000	0.00001
2000	10	22	24	0.00001	0.00000	0.00000
2000	10	23	24	0.00000	0.00000	0.00000
2000	10	24	24	0.00000	0.00000	0.00000
2000	10	25	24	0.00000	0.00000	0.00000
2000	10	26	24	0.00000	0.00000	0.00000
2000	10	27	24	0.00000	0.00000	0.00000
2000	10	28	24	0.00000	0.00000	0.00000
2000	10	29	24	0.00000	0.00000	0.00000
2000	10	30	24	0.00000	0.00000	0.00000
2000	10	31	24	0.00000	0.00000	0.00000
2000	11	 1	24	0.00000	0.00000	0.00000
2000	11	 2	24	0.00000	0.00000	0.00000
2000	11	 3	24	0.00000	0.00000	0.00000
2000	11	 4	24	0.00000	0.00000	0.00000
2000	11	 5	24	0.00000	0.00000	0.00000
2000	11	 6	24	0.00000	0.00000	0.00000
2000	11	 7	24	0.00000	0.00000	0.00000
2000	11	 8	24	0.00000	0.00000	0.00000
2000	11	 9	24	0.00000	0.00000	0.00000
2000	11	10	24	0.00000	0.00000	0.00000
2000	11	11	24	0.00000	0.00000	0.00000
2000	11	12	24	0.00000	0.00000	0.00000
2000	11	13	24	0.00000	0.00000	0.00000
2000	11	14	24	0.00000	0.00000	0.00000
2000	11	15	24	0.00000	0.00000	0.00000
2000	11	16	24	0.00000	0.00000	0.00000
2000	11	17	24	0.00000	0.00000	0.00000
2000	11	18	24	0.00000	0.00000	0.00000
2000	11	19	24	0.00000	0.00000	0.00000
2000	11	20	24	0.00000	0.00000	0.00000
2000	11	21	24	0.00000	0.00000	0.00000
2000	11	22	24	0.00000	0.00000	0.00000
2000	11	23	24	0.00000	0.00000	0.00000
2000	11	24	24	0.00000	0.00000	0.00000
2000	11	25	24	0.00000	0.00000	0.00000
2000	11	26	24	0.00000	0.00000	0.00000
2000	11	27	24	0.00000	0.00000	0.00000
2000	11	28	24	0.00000	0.00000	0.00000
2000	11	29	24	0.00000	0.00000	0.00000
2000	11	30	24	0.00000	0.00000	0.00000
2000	12	 1	24	0.00000	0.00000	0.00000
2000	12	 2	24	0.00000	0.00000	0.00000
2000	12	 3	24	0.00000	0.00000	0.00000
2000	12	 4	24	0.00000	0.00000	0.00000
2000	12	 5	24	0.00000	0.00000	0.00000
2000	12	 6	24	0.00000	0.00000	0.00000
2000	12	 7	24	0.00000	0.00000	0.00000
2000	12	 8	24	0.00000	0.00000	0.00000
2000	12	 9	24	0.00000	0.00000	0.00000
2000	12	10	24	0.00000	0.00000	0.00000
2000	12	11	24	0.00000	0.00000	0.00000
2000	12	12	24	0.00000	0.00000	0.00000
2000	12	13	24	0.00000	0.00000	0.00000
2000	12	14	24	0.00000	0.00000	0.00000
2000	12	15	24	0.00000	0.00000	0.00000
2000	12	16	24	0.00000	0.00000	0.00000
2000	12	17	24	0.00000	0.00000	0.00000
2000	12	18	24	0.00000	0.00000	0.00000
2000	12	19	24	0.00000	0.00000	0.00000
2000	12	20	24	0.00000	0.00000	0.00000
2000	12	21	24	0.00000	0.00000	0.00000
2000	12	22	24	0.00000	0.00000	0.00000
2000	12	23	24	0.00000	0.00000	0.00000
2000	12	24	24	0.00000	0.00000	0.00000
2000	12	25	24	0.00000	0.00000	0.00000
2000	12	26	24	0.00000	0.00000	0.00000
2000	12	27	24	0.00000	0.00000	0.00000
2000	12	28	24	0.00000	0.00000	0.00000
2000	12	29	24	0.00000	0.00000	0.00000
2000	12	30	24	0.00000	0.00000	0.00000
2000	12	31	24	0.00000	0.00000	0.00000
2001	 1	 1	24	0.00000	0.00000	0.00000
2001	 1	 2	24	0.00000	0.00000	0.00000
2001	 1	 3	24	0.00000	0.00000	0.00000
2001	 1	 4	24	0.00000	0.00000	0.00000
2001	 1	 5	24	0.00000	0.00000	0.00000
2001	 1	 6	24	0.00000	0.00000	0.00000
2001	 1	 7	24	0.00000	0.00000	0.00000
2001	 1	 8	24	0.00000	0.00000	0.00000
2001	 1	 9	24	0.00000	0.00000	0.00000
2001	 1	10	24	0.00000	0.00000	0.00000
2001	 1	11	24	0.00000	0.00000	0.00000
2001	 1	12	24	0.00000	0.00000	0.00000
2001	 1	13	24	0.00000	0.00000	0.00000
2001	 1	14	24	0.00000	0.00000	0.00000
2001	 1	15	24	0.00000	0.00000	0.00000
2001	 1	16	24	0.00000	0.00000	0.00000
2001	 1	17	24	0.00000	0.00000	0.00000
2001	 1	18	24	0.00000	0.00000	0.00000
2001	 1	19	24	0.00000	0.00000	0.00000
2001	 1	20	24	0.00000	0.00000	0.00000
2001	 1	21	24	0.00000	0.00000	0.00000
2001	 1	22	24	0.00000	0.00000	0.00000
2001	 1	23	24	0.00000	0.00000	0.00000
2001	 1	24	24	0.00000	0.00000	0.00000
2001	 1	25	24	0.00000	0.00000	0.00000
2001	 1	26	24	0.00000	0.00000	0.00000
2001	 1	27	24	0.00000	0.00000	0.00000
2001	 1	28	24	0.00000	0.00000	0.00000
2001	 1	29	24	0.00000	0.00000	0.00000
2001	 1	30	24	0.00000	0.00000	0.00000
2001	 1	31	24	0.00000	0.00000	0.00000
2001	 2	 1	24	0.00000	0.00000	0.00000
2001	 2	 2	24	0.00000	0.00000	0.00000
2001	 2	 3	24	0.00000	0.00000	0.00000
2001	 2	 4	24	0.00000	0.00000	0.00000
2001	 2	 5	24	0.00000	0.00000	0.00000
2001	 2	 6	24	0.00036	0.00000	0.00023
2001	 2	 7	24	0.00400	0.00053	0.00277
2001	 2	 8	24	0.00232	0.00109	0.00189
2001	 2	 9	24	0.00241	0.00149	0.00209
2001	 2	10	24	0.00318	0.00097	0.00240
2001	 2	11	24	0.00949	0.02263	0.01413
2001	 2	12	24	0.01552	0.14152	0.06001
2001	 2	13	24	0.01014	0.11613	0.04757
2001	 2	14	24	0.00566	0.09577	0.03748
2001	 2	15	24	0.00306	0.05894	0.02279
2001	 2	16	24	0.00165	0.03417	0.01313
2001	 2	17	24	0.00089	0.01847	0.00710
2001	 2	18	24	0.00048	0.00999	0.00384
2001	 2	19	24	0.00026	0.00540	0.00208
2001	 2	20	24	0.00014	0.00292	0.00112
2001	 2	21	24	0.00008	0.00187	0.00071
2001	 2	22	24	0.02156	0.00101	0.01430
2001	 2	23	24	0.01165	0.00055	0.00773
2001	 2	24	24	0.00630	0.00029	0.00418
2001	 2	25	24	0.00341	0.00016	0.00226
2001	 2	26	24	0.00184	0.00009	0.00122
2001	 2	27	24	0.00100	0.00005	0.00067
2001	 2	28	24	0.00057	0.00003	0.00038
2001	 3	 1	24	0.00036	0.00001	0.00023
2001	 3	 2	24	0.00026	0.00001	0.00017
2001	 3	 3	24	0.00096	0.00000	0.00062
2001	 3	 4	24	0.00295	0.00000	0.00191
2001	 3	 5	24	0.00254	0.00000	0.00164
2001	 3	 6	24	0.00475	0.00000	0.00307
2001	 3	 7	24	0.00973	0.00000	0.00630
2001	 3	 8	24	0.04229	0.00000	0.02736
2001	 3	 9	24	0.08931	0.00004	0.05779
2001	 3	10	24	0.22071	0.00123	0.14321
2001	 3	11	24	0.46571	0.00644	0.30354
2001	 3	12	24	2.84950	2.45711	2.71094
2001	 3	13	24	1.94698	2.48986	2.13868
2001	 3	14	24	1.06446	1.38160	1.17644
2001	 3	15	24	0.58348	0.77357	0.65060
2001	 3	16	24	0.32718	0.47603	0.37974
2001	 3	17	24	0.22007	0.38043	0.27669
2001	 3	18	24	0.18041	0.49949	0.29308
2001	 3	19	24	0.10078	0.32011	0.17822
2001	 3	20	24	0.05448	0.17310	0.09637
2001	 3	21	24	0.02945	0.09358	0.05210
2001	 3	22	24	0.01668	0.05059	0.02865
2001	 3	23	24	0.01122	0.02735	0.01692
2001	 3	24	24	0.22310	0.11435	0.18470
2001	 3	25	24	0.20088	1.05427	0.50222
2001	 3	26	24	0.10860	0.56996	0.27151
2001	 3	27	24	0.05871	0.30813	0.14678
2001	 3	28	24	0.03174	0.16658	0.07935
2001	 3	29	24	0.01716	0.09006	0.04290
2001	 3	30	24	0.00928	0.04869	0.02319
2001	 3	31	24	0.00502	0.02632	0.01254
2001	 4	 1	24	0.00271	0.01423	0.00678
2001	 4	 2	24	0.00147	0.00769	0.00366
2001	 4	 3	24	0.00079	0.00416	0.00198
2001	 4	 4	24	0.00043	0.00225	0.00107
2001	 4	 5	24	0.00023	0.00122	0.00058
2001	 4	 6	24	0.00013	0.00066	0.00031
2001	 4	 7	24	0.00007	0.00036	0.00017
2001	 4	 8	24	0.00004	0.00019	0.00009
2001	 4	 9	24	0.00002	0.00010	0.00005
2001	 4	10	24	0.00001	0.00006	0.00003
2001	 4	11	24	0.00001	0.00003	0.00001
2001	 4	12	24	0.00000	0.00002	0.00001
2001	 4	13	24	0.00000	0.00001	0.00000
2001	 4	14	24	0.00000	0.00000	0.00000
2001	 4	15	24	0.00000	0.00000	0.00000
2001	 4	16	24	0.00000	0.00000	0.00000
2001	 4	17	24	0.00000	0.00000	0.00000
2001	 4	18	24	0.00000	0.00000	0.00000
2001	 4	19	24	0.00000	0.00000	0.00000
2001	 4	20	24	0.00000	0.00000	0.00000
2001	 4	21	24	0.00000	0.00000	0.00000
2001	 4	22	24	0.00000	0.00000	0.00000
2001	 4	23	24	0.00000	0.00000	0.00000
2001	 4	24	24	0.00000	0.00000	0.00000
2001	 4	25	24	0.00000	0.00000	0.00000
2001	 4	26	24	0.00000	0.00000	0.00000
2001	 4	27	24	0.00000	0.00000	0.00000
2001	 4	28	24	0.00000	0.00000	0.00000
2001	 4	29	24	0.00000	0.00000	0.00000
2001	 4	30	24	0.00000	0.00000	0.00000
2001	 5	 1	24	0.00000	0.00000	0.00000
2001	 5	 2	24	0.00000	0.00000	0.00000
2001	 5	 3	24	0.00000	0.00000	0.00000
2001	 5	 4	24	0.14088	0.14562	0.14255
2001	 5	 5	24	0.07619	0.07872	0.07708
2001	 5	 6	24	0.04119	0.04256	0.04167
2001	 5	 7	24	0.02227	0.02301	0.02253
2001	 5	 8	24	0.01204	0.01244	0.01218
2001	 5	 9	24	0.00651	0.00672	0.00658
2001	 5	10	24	0.00352	0.00364	0.00356
2001	 5	11	24	0.00190	0.00197	0.00192
2001	 5	12	24	0.00103	0.00106	0.00104
2001	 5	13	24	0.00056	0.00057	0.00056
2001	 5	14	24	0.00030	0.00031	0.00030
2001	 5	15	24	0.00712	0.00017	0.00466
2001	 5	16	24	0.00385	0.00009	0.00252
2001	 5	17	24	0.00208	0.00005	0.00136
2001	 5	18	24	0.00112	0.00003	0.00074
2001	 5	19	24	0.00061	0.00001	0.00040
2001	 5	20	24	0.00033	0.00001	0.00022
2001	 5	21	24	0.00018	0.00000	0.00012
2001	 5	22	24	0.00010	0.00000	0.00006
2001	 5	23	24	0.00005	0.00000	0.00003
2001	 5	24	24	0.00003	0.00000	0.00002
2001	 5	25	24	0.00002	0.00000	0.00001
2001	 5	26	24	0.00001	0.00000	0.00001
2001	 5	27	24	0.00000	0.00000	0.00000
2001	 5	28	24	0.00000	0.00000	0.00000
2001	 5	29	24	0.00000	0.00000	0.00000
2001	 5	30	24	0.00000	0.00000	0.00000
2001	 5	31	24	0.00000	0.00000	0.00000
2001	 6	 1	24	0.00000	0.00000	0.00000
2001	 6	 2	24	0.00000	0.00000	0.00000
2001	 6	 3	24	0.00000	0.00000	0.00000
2001	 6	 4	24	0.00007	0.00353	0.00129
2001	 6	 5	24	0.00004	0.00191	0.00070
2001	 6	 6	24	0.00002	0.00103	0.00038
2001	 6	 7	24	0.00001	0.00056	0.00020
2001	 6	 8	24	0.00001	0.00030	0.00011
2001	 6	 9	24	0.00000	0.00016	0.00006
2001	 6	10	24	0.00000	0.00009	0.00003
2001	 6	11	24	0.00000	0.00005	0.00002
2001	 6	12	24	0.00000	0.00003	0.00001
2001	 6	13	24	0.00000	0.00001	0.00001
2001	 6	14	24	0.00000	0.00001	0.00000
2001	 6	15	24	0.00000	0.00000	0.00000
2001	 6	16	24	0.00000	0.00000	0.00000
2001	 6	17	24	0.00000	0.00000	0.00000
2001	 6	18	24	0.00000	0.00000	0.00000
2001	 6	19	24	0.00000	0.00000	0.00000
2001	 6	20	24	0.00000	0.00000	0.00000
2001	 6	21	24	0.00000	0.00000	0.00000
2001	 6	22	24	0.00000	0.00000	0.00000
2001	 6	23	24	0.00000	0.00000	0.00000
2001	 6	24	24	0.00000	0.00000	0.00000
2001	 6	25	24	0.00000	0.00000	0.00000
2001	 6	26	24	0.00000	0.00000	0.00000
2001	 6	27	24	0.00000	0.00000	0.00000
2001	 6	28	24	0.00000	0.00000	0.00000
2001	 6	29	24	0.00000	0.00000	0.00000
2001	 6	30	24	0.00000	0.00000	0.00000
2001	 7	 1	24	0.00000	0.00000	0.00000
2001	 7	 2	24	0.00000	0.00000	0.00000
2001	 7	 3	24	0.00000	0.00000	0.00000
2001	 7	 4	24	0.00000	0.00000	0.00000
2001	 7	 5	24	0.00000	0.00000	0.00000
2001	 7	 6	24	0.00000	0.00000	0.00000
2001	 7	 7	24	0.05810	0.02261	0.04557
2001	 7	 8	24	0.03141	0.01222	0.02463
2001	 7	 9	24	0.01698	0.00661	0.01332
2001	 7	10	24	0.00918	0.00357	0.00720
2001	 7	11	24	0.00496	0.00193	0.00389
2001	 7	12	24	0.00268	0.00104	0.00210
2001	 7	13	24	0.00145	0.00056	0.00114
2001	 7	14	24	0.00078	0.00031	0.00062
2001	 7	15	24	0.00042	0.00016	0.00033
2001	 7	16	24	0.00023	0.00009	0.00018
2001	 7	17	24	0.00012	0.00005	0.00010
2001	 7	18	24	0.00007	0.00003	0.00005
2001	 7	19	24	0.00004	0.00001	0.00003
2001	 7	20	24	0.00080	0.00932	0.00381
2001	 7	21	24	0.00043	0.00504	0.00206
2001	 7	22	24	0.00023	0.00272	0.00111
2001	 7	23	24	0.00013	0.00147	0.00060
2001	 7	24	24	0.00007	0.00080	0.00033
2001	 7	25	24	0.00004	0.00043	0.00018
2001	 7	26	24	0.00002	0.00023	0.00010
2001	 7	27	24	0.00001	0.00013	0.00005
2001	 7	28	24	0.00001	0.00007	0.00003
2001	 7	29	24	0.00000	0.00004	0.00002
2001	 7	30	24	0.00000	0.00002	0.00001
2001	 7	31	24	0.00000	0.00001	0.00000
2001	 8	 1	24	0.00000	0.00001	0.00000
2001	 8	 2	24	0.00000	0.00000	0.00000
2001	 8	 3	24	0.00000	0.00000	0.00000
2001	 8	 4	24	0.00000	0.00000	0.00000
2001	 8	 5	24	0.00000	0.00000	0.00000
2001	 8	 6	24	0.00000	0.00000	0.00000
2001	 8	 7	24	0.00000	0.00000	0.00000
2001	 8	 8	24	0.00000	0.00000	0.00000
2001	 8	 9	24	0.00000	0.00000	0.00000
2001	 8	10	24	0.00000	0.00000	0.00000
2001	 8	11	24	0.00000	0.00000	0.00000
2001	 8	12	24	0.00000	0.00000	0.00000
2001	 8	13	24	0.00000	0.00000	0.00000
2001	 8	14	24	0.00000	0.00000	0.00000
2001	 8	15	24	0.00000	0.00000	0.00000
2001	 8	16	24	0.00000	0.00000	0.00000
2001	 8	17	24	0.00000	0.00000	0.00000
2001	 8	18	24	0.00000	0.00000	0.00000
2001	 8	19	24	0.04198	0.00000	0.02715
2001	 8	20	24	0.03389	0.01838	0.02842
2001	 8	21	24	0.01832	0.00994	0.01536
2001	 8	22	24	0.00991	0.00537	0.00831
2001	 8	23	24	0.00536	0.00290	0.00449
2001	 8	24	24	0.00290	0.00157	0.00243
2001	 8	25	24	0.00157	0.00085	0.00131
2001	 8	26	24	0.00085	0.00065	0.00078
2001	 8	27	24	0.00046	0.00035	0.00042
2001	 8	28	24	0.00025	0.00019	0.00023
2001	 8	29	24	0.00013	0.00010	0.00012
2001	 8	30	24	0.00007	0.00006	0.00007
2001	 8	31	24	0.00004	0.00003	0.00004
2001	 9	 1	24	0.04686	0.06017	0.05156
2001	 9	 2	24	0.02533	0.03253	0.02787
2001	 9	 3	24	0.01369	0.01759	0.01507
2001	 9	 4	24	0.00740	0.00951	0.00815
2001	 9	 5	24	0.00400	0.00514	0.00440
2001	 9	 6	24	0.00216	0.00278	0.00238
2001	 9	 7	24	0.00186	0.00150	0.00173
2001	 9	 8	24	0.00100	0.00081	0.00094
2001	 9	 9	24	0.00059	0.00375	0.00171
2001	 9	10	24	0.01762	0.09677	0.04557
2001	 9	11	24	0.00952	0.05232	0.02463
2001	 9	12	24	0.00515	0.02828	0.01332
2001	 9	13	24	0.00278	0.01529	0.00720
2001	 9	14	24	0.00150	0.00827	0.00389
2001	 9	15	24	0.00081	0.00447	0.00210
2001	 9	16	24	0.00044	0.00242	0.00114
2001	 9	17	24	0.00024	0.00131	0.00062
2001	 9	18	24	0.00013	0.00071	0.00033
2001	 9	19	24	0.00007	0.00038	0.00018
2001	 9	20	24	0.00004	0.00021	0.00010
2001	 9	21	24	0.00002	0.00011	0.00005
2001	 9	22	24	0.00001	0.00006	0.00003
2001	 9	23	24	0.00001	0.00003	0.00002
2001	 9	24	24	0.00000	0.00002	0.00001
2001	 9	25	24	0.00000	0.00001	0.00000
2001	 9	26	24	0.00000	0.00001	0.00000
2001	 9	27	24	0.00000	0.00000	0.00000
2001	 9	28	24	0.00000	0.00000	0.00000
2001	 9	29	24	0.00000	0.00000	0.00000
2001	 9	30	24	0.00000	0.00000	0.00000
2001	10	 1	24	0.00000	0.00000	0.00000
2001	10	 2	24	0.00000	0.00000	0.00000
2001	10	 3	24	0.00000	0.00000	0.00000
2001	10	 4	24	0.00000	0.00000	0.00000
2001	10	 5	24	0.00000	0.00000	0.00000
2001	10	 6	24	0.00000	0.00000	0.00000
2001	10	 7	24	0.00000	0.00000	0.00000
2001	10	 8	24	0.00000	0.00000	0.00000
2001	10	 9	24	0.00000	0.00000	0.00000
2001	10	10	24	0.00000	0.00000	0.00000
2001	10	11	24	0.00000	0.00000	0.00000
2001	10	12	24	0.00000	0.00000	0.00000
2001	10	13	24	0.00000	0.00000	0.00000
2001	10	14	24	0.00000	0.00000	0.00000
2001	10	15	24	0.00000	0.00000	0.00000
2001	10	16	24	0.00000	0.00000	0.00000
2001	10	17	24	0.00000	0.00000	0.00000
2001	10	18	24	0.00000	0.00000	0.00000
2001	10	19	24	0.00000	0.00000	0.00000
2001	10	20	24	0.00000	0.00000	0.00000
2001	10	21	24	0.00000	0.00000	0.00000
2001	10	22	24	0.00000	0.00000	0.00000
2001	10	23	24	0.00000	0.00000	0.00000
2001	10	24	24	0.00000	0.00000	0.00000
2001	10	25	24	0.00000	0.00000	0.00000
2001	10	26	24	0.00000	0.00000	0.00000
2001	10	27	24	0.00000	0.00000	0.00000
2001	10	28	24	0.00000	0.00000	0.00000
2001	10	29	24	0.00000	0.00000	0.00000
2001	10	30	24	0.00000	0.00000	0.00000
2001	10	31	24	0.00000	0.00000	0.00000
2001	11	 1	24	0.00000	0.00000	0.00000
2001	11	 2	24	0.00000	0.00000	0.00000
2001	11	 3	24	0.00000	0.00000	0.00000
2001	11	 4	24	0.00000	0.00000	0.00000
2001	11	 5	24	0.00000	0.00000	0.00000
2001	11	 6	24	0.00000	0.00000	0.00000
2001	11	 7	24	0.00000	0.00000	0.00000
2001	11	 8	24	0.07757	0.05378	0.06917
2001	11	 9	24	0.04193	0.02908	0.03739
2001	11	10	24	0.02267	0.01572	0.02022
2001	11	11	24	0.01226	0.00850	0.01093
2001	11	12	24	0.00663	0.00459	0.00591
2001	11	13	24	0.00358	0.00248	0.00319
2001	11	14	24	0.00194	0.00134	0.00173
2001	11	15	24	0.00105	0.00073	0.00093
2001	11	16	24	0.00057	0.00039	0.00050
2001	11	17	24	0.00031	0.00021	0.00027
2001	11	18	24	0.00017	0.00011	0.00015
2001	11	19	24	0.00009	0.00006	0.00008
2001	11	20	24	0.00005	0.00003	0.00004
2001	11	21	24	0.00003	0.00002	0.00002
2001	11	22	24	0.02587	0.01022	0.02034
2001	11	23	24	0.01399	0.00552	0.01100
2001	11	24	24	0.00756	0.00299	0.00595
2001	11	25	24	0.00409	0.00161	0.00321
2001	11	26	24	0.00221	0.00087	0.00174
2001	11	27	24	0.00121	0.00047	0.00095
2001	11	28	24	0.00067	0.00026	0.00053
2001	11	29	24	0.00040	0.00014	0.00031
2001	11	30	24	0.00023	0.00008	0.00017
2001	12	 1	24	0.00012	0.00004	0.00009
2001	12	 2	24	0.00007	0.00002	0.00005
2001	12	 3	24	0.00004	0.00001	0.00003
2001	12	 4	24	0.00002	0.00001	0.00001
2001	12	 5	24	0.10817	0.06749	0.09380
2001	12	 6	24	0.59900	0.19611	0.45674
2001	12	 7	24	0.32404	0.10768	0.24764
2001	12	 8	24	0.17519	0.05821	0.13388
2001	12	 9	24	0.09471	0.03147	0.07238
2001	12	10	24	0.05131	0.01728	0.03929
2001	12	11	24	0.02791	0.00956	0.02143
2001	12	12	24	0.01884	0.00517	0.01401
2001	12	13	24	0.01018	0.00279	0.00757
2001	12	14	24	0.00551	0.00151	0.00409
2001	12	15	24	0.00298	0.00082	0.00221
2001	12	16	24	0.00161	0.00044	0.00120
2001	12	17	24	0.00087	0.00024	0.00065
2001	12	18	24	0.00047	0.00013	0.00035
2001	12	19	24	0.00025	0.00007	0.00019
2001	12	20	24	0.00014	0.00004	0.00010
2001	12	21	24	0.00007	0.00002	0.00006
2001	12	22	24	0.00004	0.00001	0.00003
2001	12	23	24	0.00002	0.00001	0.00002
2001	12	24	24	0.00001	0.00000	0.00001
2001	12	25	24	0.00001	0.00000	0.00000
2001	12	26	24	0.00000	0.00000	0.00000
2001	12	27	24	0.00000	0.00000	0.00000
2001	12	28	24	0.00129	0.00000	0.00084
2001	12	29	24	0.00251	0.00000	0.00163
2001	12	30	24	0.00235	0.00000	0.00152
2001	12	31	24	0.00127	0.00000	0.00082
2002	 1	 1	24	0.00069	0.00000	0.00044
2002	 1	 2	24	0.00037	0.00000	0.00024
2002	 1	 3	24	0.00020	0.00000	0.00013
2002	 1	 4	24	0.00012	0.00000	0.00008
2002	 1	 5	24	0.00046	0.00000	0.00029
2002	 1	 6	24	0.00122	0.00000	0.00079
2002	 1	 7	24	0.00135	0.00000	0.00087
2002	 1	 8	24	0.00124	0.00000	0.00080
2002	 1	 9	24	0.00301	0.00000	0.00195
2002	 1	10	24	0.00444	0.00000	0.00287
2002	 1	11	24	0.00612	0.00000	0.00396
2002	 1	12	24	0.01033	0.00000	0.00668
2002	 1	13	24	0.00961	0.00000	0.00621
2002	 1	14	24	0.01271	0.00000	0.00822
2002	 1	15	24	0.00805	0.00000	0.00521
2002	 1	16	24	0.00691	0.00000	0.00447
2002	 1	17	24	0.00768	0.00000	0.00497
2002	 1	18	24	0.00939	0.00000	0.00607
2002	 1	19	24	0.03142	0.00000	0.02033
2002	 1	20	24	0.08609	0.00000	0.05569
2002	 1	21	24	0.11489	0.00000	0.07432
2002	 1	22	24	0.11954	0.00001	0.07733
2002	 1	23	24	0.11974	0.00057	0.07766
2002	 1	24	24	0.29555	0.00138	0.19168
2002	 1	25	24	0.20500	0.00113	0.13301
2002	 1	26	24	0.56502	0.02449	0.37415
2002	 1	27	24	3.21925	0.45683	2.24381
2002	 1	28	24	4.46373	1.78511	3.51788
2002	 1	29	24	3.96047	2.38499	3.40415
2002	 1	30	24	3.21425	2.66403	3.01996
2002	 1	31	24	2.36935	2.85950	2.54243
2002	 2	 1	24	1.41285	2.20480	1.69250
2002	 2	 2	24	1.28667	2.55526	1.73462
2002	 2	 3	24	0.81295	2.00209	1.23285
2002	 2	 4	24	0.48711	1.34094	0.78861
2002	 2	 5	24	0.43991	1.30516	0.74544
2002	 2	 6	24	0.27561	1.02826	0.54138
2002	 2	 7	24	0.15438	0.60496	0.31349
2002	 2	 8	24	0.08855	0.38115	0.19187
2002	 2	 9	24	0.17039	0.51782	0.29307
2002	 2	10	24	0.09353	0.48013	0.23004
2002	 2	11	24	0.06427	0.33937	0.16141
2002	 2	12	24	0.34442	2.67469	1.16726
2002	 2	13	24	0.18620	1.51714	0.65617
2002	 2	14	24	0.10066	0.82020	0.35474
2002	 2	15	24	0.05442	0.44341	0.19178
2002	 2	16	24	0.02942	0.23972	0.10368
2002	 2	17	24	0.01591	0.12960	0.05605
2002	 2	18	24	0.00860	0.07006	0.03030
2002	 2	19	24	0.00465	0.03788	0.01638
2002	 2	20	24	0.00264	0.02048	0.00894
2002	 2	21	24	0.00143	0.01107	0.00483
2002	 2	22	24	0.00237	0.00598	0.00365
2002	 2	23	24	0.00168	0.00324	0.00223
2002	 2	24	24	0.00110	0.00175	0.00133
2002	 2	25	24	0.00149	0.00095	0.00130
2002	 2	26	24	0.01714	0.00051	0.01127
2002	 2	27	24	0.43731	0.00036	0.28302
2002	 2	28	24	0.32529	0.00053	0.21062
2002	 3	 1	24	0.17870	0.00079	0.11588
2002	 3	 2	24	0.09717	0.00043	0.06301
2002	 3	 3	24	0.05320	0.00023	0.03450
2002	 3	 4	24	0.03003	0.00026	0.01952
2002	 3	 5	24	0.01743	0.00048	0.01144
2002	 3	 6	24	0.01072	0.00375	0.00826
2002	 3	 7	24	0.00580	0.00422	0.00524
2002	 3	 8	24	0.00313	0.00235	0.00286
2002	 3	 9	24	0.00169	0.00127	0.00155
2002	 3	10	24	0.00092	0.00069	0.00084
2002	 3	11	24	0.00050	0.00037	0.00045
2002	 3	12	24	0.00027	0.00020	0.00024
2002	 3	13	24	0.00014	0.00011	0.00013
2002	 3	14	24	0.00008	0.00006	0.00007
2002	 3	15	24	0.00004	0.00003	0.00004
2002	 3	16	24	0.00002	0.00002	0.00002
2002	 3	17	24	0.00001	0.00001	0.00001
2002	 3	18	24	0.00001	0.00001	0.00001
2002	 3	19	24	0.00000	0.00000	0.00000
2002	 3	20	24	0.00047	0.00000	0.00030
2002	 3	21	24	0.00025	0.00000	0.00016
2002	 3	22	24	0.00014	0.00000	0.00009
2002	 3	23	24	0.00016	0.00000	0.00010
2002	 3	24	24	0.00009	0.00000	0.00006
2002	 3	25	24	0.00005	0.00000	0.00003
2002	 3	26	24	0.00003	0.00000	0.00002
2002	 3	27	24	0.00001	0.00000	0.00001
2002	 3	28	24	0.00001	0.00000	0.00000
2002	 3	29	24	0.00000	0.00000	0.00000
2002	 3	30	24	0.00000	0.00862	0.00305
2002	 3	31	24	0.00000	0.00466	0.00165
2002	 4	 1	24	0.00000	0.00252	0.00089
2002	 4	 2	24	0.00000	0.00136	0.00048
2002	 4	 3	24	0.00000	0.00074	0.00026
2002	 4	 4	24	0.00000	0.00040	0.00014
2002	 4	 5	24	0.00000	0.00022	0.00008
2002	 4	 6	24	0.00000	0.00012	0.00004
2002	 4	 7	24	0.00000	0.00006	0.00002
2002	 4	 8	24	0.00000	0.00003	0.00001
2002	 4	 9	24	0.00000	0.00002	0.00001
2002	 4	10	24	0.00000	0.00001	0.00000
2002	 4	11	24	0.00000	0.00001	0.00000
2002	 4	12	24	0.00000	0.00000	0.00000
2002	 4	13	24	0.00000	0.00000	0.00000
2002	 4	14	24	0.02420	0.01544	0.02110
2002	 4	15	24	0.01308	0.00835	0.01141
2002	 4	16	24	0.00707	0.00451	0.00617
2002	 4	17	24	0.00382	0.00244	0.00333
2002	 4	18	24	0.00207	0.00132	0.00180
2002	 4	19	24	0.00112	0.00071	0.00097
2002	 4	20	24	0.00060	0.00039	0.00053
2002	 4	21	24	0.00033	0.00021	0.00028
2002	 4	22	24	0.00018	0.00011	0.00015
2002	 4	23	24	0.00010	0.00006	0.00008
2002	 4	24	24	0.00005	0.00003	0.00005
2002	 4	25	24	0.00003	0.00002	0.00002
2002	 4	26	24	0.00002	0.00001	0.00001
2002	 4	27	24	0.00001	0.00001	0.00001
2002	 4	28	24	0.00000	0.00000	0.00000
2002	 4	29	24	0.00000	0.00000	0.00000
2002	 4	30	24	0.00000	0.00000	0.00000
2002	 5	 1	24	0.00000	0.00000	0.00000
2002	 5	 2	24	0.00000	0.00000	0.00000
2002	 5	 3	24	0.00000	0.00000	0.00000
2002	 5	 4	24	0.00000	0.00000	0.00000
2002	 5	 5	24	0.00128	0.00000	0.00083
2002	 5	 6	24	0.00069	0.00000	0.00045
2002	 5	 7	24	0.00037	0.00000	0.00024
2002	 5	 8	24	0.00020	0.00000	0.00013
2002	 5	 9	24	0.00011	0.00000	0.00007
2002	 5	10	24	0.00006	0.00000	0.00004
2002	 5	11	24	0.00003	0.00000	0.00002
2002	 5	12	24	0.00002	0.00000	0.00001
2002	 5	13	24	0.00001	0.00000	0.00001
2002	 5	14	24	0.00001	0.00000	0.00000
2002	 5	15	24	0.00000	0.00000	0.00000
2002	 5	16	24	0.00000	0.00000	0.00000
2002	 5	17	24	0.00000	0.00000	0.00000
2002	 5	18	24	0.00000	0.00000	0.00000
2002	 5	19	24	0.00000	0.00000	0.00000
2002	 5	20	24	0.00000	0.00000	0.00000
2002	 5	21	24	0.00000	0.00000	0.00000
2002	 5	22	24	0.00000	0.00000	0.00000
2002	 5	23	24	0.00000	0.00000	0.00000
2002	 5	24	24	0.00000	0.00000	0.00000
2002	 5	25	24	0.00000	0.00000	0.00000
2002	 5	26	24	0.00000	0.00000	0.00000
2002	 5	27	24	0.00000	0.00000	0.00000
2002	 5	28	24	0.00000	0.00000	0.00000
2002	 5	29	24	0.00000	0.00000	0.00000
2002	 5	30	24	0.00000	0.00000	0.00000
2002	 5	31	24	0.00000	0.00000	0.00000
2002	 6	 1	24	0.00000	0.00000	0.00000
2002	 6	 2	24	0.00000	0.00000	0.00000
2002	 6	 3	24	0.00000	0.00000	0.00000
2002	 6	 4	24	0.00000	0.00000	0.00000
2002	 6	 5	24	0.00000	0.00000	0.00000
2002	 6	 6	24	0.00000	0.00000	0.00000
2002	 6	 7	24	0.18214	0.09753	0.15226
2002	 6	 8	24	0.14880	0.08506	0.12629
2002	 6	 9	24	0.08044	0.04598	0.06827
2002	 6	10	24	0.04349	0.02486	0.03691
2002	 6	11	24	0.02351	0.01344	0.01995
2002	 6	12	24	0.01271	0.00727	0.01079
2002	 6	13	24	0.00687	0.00393	0.00583
2002	 6	14	24	0.00371	0.00212	0.00315
2002	 6	15	24	0.00201	0.00115	0.00170
2002	 6	16	24	0.00109	0.00062	0.00092
2002	 6	17	24	0.00059	0.00034	0.00050
2002	 6	18	24	0.00032	0.00018	0.00027
2002	 6	19	24	0.00017	0.00010	0.00015
2002	 6	20	24	0.00009	0.00005	0.00008
2002	 6	21	24	0.00005	0.00003	0.00004
2002	 6	22	24	0.00003	0.00002	0.00002
2002	 6	23	24	0.00001	0.00001	0.00001
2002	 6	24	24	0.00001	0.00000	0.00001
2002	 6	25	24	0.00000	0.00000	0.00000
2002	 6	26	24	0.00000	0.00000	0.00000
2002	 6	27	24	0.00000	0.00000	0.00000
2002	 6	28	24	0.00000	0.00000	0.00000
2002	 6	29	24	0.00000	0.00000	0.00000
2002	 6	30	24	0.00000	0.00000	0.00000
2002	 7	 1	24	0.00000	0.00000	0.00000
2002	 7	 2	24	0.00000	0.00000	0.00000
2002	 7	 3	24	0.00000	0.00000	0.00000
2002	 7	 4	24	0.00000	0.00000	0.00000
2002	 7	 5	24	0.00000	0.00000	0.00000
2002	 7	 6	24	0.00000	0.00000	0.00000
2002	 7	 7	24	0.00000	0.00000	0.00000
2002	 7	 8	24	0.00000	0.00000	0.00000
2002	 7	 9	24	0.00000	0.00000	0.00000
2002	 7	10	24	0.00000	0.00000	0.00000
2002	 7	11	24	0.00000	0.00000	0.00000
2002	 7	12	24	0.00000	0.00000	0.00000
2002	 7	13	24	0.01006	0.00000	0.00651
2002	 7	14	24	0.00544	0.00000	0.00352
2002	 7	15	24	0.00294	0.00000	0.00190
2002	 7	16	24	0.00880	0.00000	0.00569
2002	 7	17	24	0.00476	0.00000	0.00308
2002	 7	18	24	0.00257	0.00000	0.00166
2002	 7	19	24	0.00139	0.00000	0.00090
2002	 7	20	24	0.00075	0.00000	0.00049
2002	 7	21	24	0.00041	0.00000	0.00026
2002	 7	22	24	0.00022	0.00000	0.00014
2002	 7	23	24	0.00012	0.00000	0.00008
2002	 7	24	24	0.00006	0.00000	0.00004
2002	 7	25	24	0.00003	0.00000	0.00002
2002	 7	26	24	0.00002	0.00000	0.00001
2002	 7	27	24	0.00001	0.00000	0.00001
2002	 7	28	24	0.00001	0.00000	0.00000
2002	 7	29	24	0.00000	0.00000	0.00000
2002	 7	30	24	0.00000	0.00000	0.00000
2002	 7	31	24	0.00000	0.00000	0.00000
2002	 8	 1	24	0.16554	0.00000	0.10709
2002	 8	 2	24	0.08950	0.00000	0.05789
2002	 8	 3	24	0.04838	0.00000	0.03130
2002	 8	 4	24	0.02616	0.00003	0.01693
2002	 8	 5	24	0.01414	0.00002	0.00915
2002	 8	 6	24	0.00764	0.00001	0.00495
2002	 8	 7	24	0.00504	0.00001	0.00326
2002	 8	 8	24	0.00272	0.00000	0.00176
2002	 8	 9	24	0.00147	0.00000	0.00095
2002	 8	10	24	0.00080	0.00000	0.00052
2002	 8	11	24	0.09526	1.46446	0.57874
2002	 8	12	24	67.71008	70.05671	68.53870
2002	 8	13	24	36.64032	40.03579	37.83929
2002	 8	14	24	19.80851	21.64417	20.45670
2002	 8	15	24	10.70889	11.70128	11.05931
2002	 8	16	24	5.78944	6.32595	5.97889
2002	 8	17	24	3.13150	3.41994	3.23335
2002	 8	18	24	1.69295	1.84889	1.74801
2002	 8	19	24	0.91524	0.99955	0.94501
2002	 8	20	24	0.49480	0.54038	0.51089
2002	 8	21	24	0.26750	0.29214	0.27620
2002	 8	22	24	0.14462	0.15794	0.14932
2002	 8	23	24	0.07818	0.08538	0.08072
2002	 8	24	24	0.04227	0.04616	0.04364
2002	 8	25	24	0.02285	0.02496	0.02359
2002	 8	26	24	0.01235	0.01349	0.01276
2002	 8	27	24	0.00668	0.00729	0.00690
2002	 8	28	24	0.00361	0.00394	0.00373
2002	 8	29	24	0.00195	0.00213	0.00202
2002	 8	30	24	0.00106	0.00115	0.00109
2002	 8	31	24	0.00057	0.00062	0.00059
2002	 9	 1	24	0.00031	0.00034	0.00032
2002	 9	 2	24	0.00017	0.00018	0.00017
2002	 9	 3	24	0.00009	0.00010	0.00009
2002	 9	 4	24	0.00005	0.00005	0.00005
2002	 9	 5	24	0.00034	0.00496	0.00197
2002	 9	 6	24	0.00018	0.00268	0.00106
2002	 9	 7	24	0.00010	0.00145	0.00058
2002	 9	 8	24	0.00005	0.00078	0.00031
2002	 9	 9	24	0.00003	0.00042	0.00017
2002	 9	10	24	0.00002	0.00023	0.00009
2002	 9	11	24	0.00001	0.00012	0.00005
2002	 9	12	24	0.00000	0.00007	0.00003
2002	 9	13	24	0.00000	0.00004	0.00001
2002	 9	14	24	0.00000	0.00002	0.00001
2002	 9	15	24	0.00000	0.00001	0.00000
2002	 9	16	24	0.00000	0.00001	0.00000
2002	 9	17	24	0.00000	0.00000	0.00000
2002	 9	18	24	0.00000	0.00000	0.00000
2002	 9	19	24	0.00000	0.00000	0.00000
2002	 9	20	24	0.00000	0.00000	0.00000
2002	 9	21	24	0.00000	0.00000	0.00000
2002	 9	22	24	0.00000	0.00004	0.00001
2002	 9	23	24	0.00000	0.00002	0.00001
2002	 9	24	24	0.00000	0.00001	0.00000
2002	 9	25	24	0.00000	0.00001	0.00000
2002	 9	26	24	0.07392	0.05689	0.06790
2002	 9	27	24	0.03996	0.03075	0.03671
2002	 9	28	24	0.02160	0.01663	0.01985
2002	 9	29	24	0.01168	0.00899	0.01073
2002	 9	30	24	0.00631	0.00486	0.00580
2002	10	 1	24	0.00341	0.00263	0.00314
2002	10	 2	24	0.00185	0.00142	0.00170
2002	10	 3	24	0.00100	0.00077	0.00092
2002	10	 4	24	0.00054	0.00042	0.00050
2002	10	 5	24	0.00029	0.00022	0.00027
2002	10	 6	24	0.00165	0.00516	0.00289
2002	10	 7	24	0.00089	0.00279	0.00156
2002	10	 8	24	0.00048	0.00151	0.00084
2002	10	 9	24	0.00026	0.00081	0.00046
2002	10	10	24	0.00014	0.00044	0.00025
2002	10	11	24	0.00008	0.00024	0.00013
2002	10	12	24	0.00004	0.00013	0.00007
2002	10	13	24	0.00002	0.00007	0.00004
2002	10	14	24	0.00001	0.00004	0.00002
2002	10	15	24	0.00001	0.00002	0.00001
2002	10	16	24	0.00000	0.00001	0.00001
2002	10	17	24	0.00000	0.00001	0.00000
2002	10	18	24	0.00000	0.00000	0.00000
2002	10	19	24	0.00000	0.00000	0.00000
2002	10	20	24	0.00000	0.00000	0.00000
2002	10	21	24	0.00000	0.00000	0.00000
2002	10	22	24	0.00000	0.00000	0.00000
2002	10	23	24	0.00000	0.00000	0.00000
2002	10	24	24	0.00000	0.00000	0.00000
2002	10	25	24	0.00246	0.04811	0.01858
2002	10	26	24	0.00133	0.02601	0.01004
2002	10	27	24	0.00072	0.01406	0.00543
2002	10	28	24	0.00039	0.00760	0.00294
2002	10	29	24	0.00021	0.00411	0.00159
2002	10	30	24	0.00011	0.00222	0.00086
2002	10	31	24	0.00006	0.00120	0.00046
2002	11	 1	24	0.00003	0.00065	0.00025
2002	11	 2	24	0.00002	0.00035	0.00014
2002	11	 3	24	0.00001	0.00019	0.00007
2002	11	 4	24	0.00001	0.00010	0.00004
2002	11	 5	24	0.00000	0.00006	0.00002
2002	11	 6	24	0.00000	0.00003	0.00001
2002	11	 7	24	0.00000	0.00002	0.00001
2002	11	 8	24	0.05645	0.00001	0.03652
2002	11	 9	24	0.03090	0.00000	0.01999
2002	11	10	24	0.01674	0.00000	0.01083
2002	11	11	24	0.00927	0.00000	0.00600
2002	11	12	24	0.00537	0.00055	0.00366
2002	11	13	24	0.00318	0.00106	0.00244
2002	11	14	24	0.00215	0.00128	0.00185
2002	11	15	24	0.00636	0.04655	0.02055
2002	11	16	24	0.00836	0.33921	0.12519
2002	11	17	24	0.00499	0.52897	0.19002
2002	11	18	24	0.00270	0.65117	0.23168
2002	11	19	24	0.16172	2.19032	0.87805
2002	11	20	24	0.08743	1.18454	0.47483
2002	11	21	24	0.04727	0.64039	0.25670
2002	11	22	24	0.04412	0.37542	0.16110
2002	11	23	24	0.02385	0.20296	0.08709
2002	11	24	24	0.01289	0.10972	0.04709
2002	11	25	24	0.00697	0.05932	0.02546
2002	11	26	24	0.00377	0.03207	0.01376
2002	11	27	24	0.00204	0.01734	0.00744
2002	11	28	24	0.00110	0.00937	0.00402
2002	11	29	24	0.00068	0.01178	0.00460
2002	11	30	24	0.01974	0.00637	0.01502
2002	12	 1	24	0.01067	0.00344	0.00812
2002	12	 2	24	0.00577	0.00186	0.00439
2002	12	 3	24	0.00312	0.00101	0.00237
2002	12	 4	24	0.00169	0.00054	0.00128
2002	12	 5	24	0.00091	0.00029	0.00069
2002	12	 6	24	0.00049	0.00016	0.00038
2002	12	 7	24	0.00027	0.00009	0.00020
2002	12	 8	24	0.00014	0.00005	0.00011
2002	12	 9	24	0.00008	0.00003	0.00006
2002	12	10	24	0.00004	0.00001	0.00003
2002	12	11	24	0.00002	0.00001	0.00002
2002	12	12	24	0.00001	0.00000	0.00001
2002	12	13	24	0.00001	0.00000	0.00001
2002	12	14	24	0.00000	0.00000	0.00000
2002	12	15	24	0.00000	0.00000	0.00000
2002	12	16	24	0.00000	0.00000	0.00000
2002	12	17	24	0.00000	0.00000	0.00000
2002	12	18	24	0.00000	0.00000	0.00000
2002	12	19	24	0.00000	0.00000	0.00000
2002	12	20	24	0.00000	0.00000	0.00000
2002	12	21	24	0.00000	0.00000	0.00000
2002	12	22	24	0.00000	0.00000	0.00000
2002	12	23	24	0.00000	0.00000	0.00000
2002	12	24	24	0.00000	0.00000	0.00000
2002	12	25	24	0.00000	0.00000	0.00000
2002	12	26	24	0.00000	0.00000	0.00000
2002	12	27	24	0.00000	0.00000	0.00000
2002	12	28	24	0.00000	0.00000	0.00000
2002	12	29	24	0.06338	0.00000	0.04100
2002	12	30	24	2.52578	0.09978	1.66913
2002	12	31	24	1.36549	0.05394	0.90237
2003	 1	 1	24	0.74237	0.02916	0.49053
2003	 1	 2	24	2.66973	0.17318	1.78817
2003	 1	 3	24	3.36360	0.71113	2.42699
2003	 1	 4	24	1.81843	0.38445	1.31208
2003	 1	 5	24	0.98308	0.20784	0.70934
2003	 1	 6	24	0.53147	0.11236	0.38348
2003	 1	 7	24	0.28733	0.06075	0.20732
2003	 1	 8	24	0.15533	0.03284	0.11208
2003	 1	 9	24	0.08398	0.01775	0.06059
2003	 1	10	24	0.04540	0.00960	0.03276
2003	 1	11	24	0.02454	0.00519	0.01771
2003	 1	12	24	0.01327	0.00281	0.00957
2003	 1	13	24	0.00717	0.00152	0.00518
2003	 1	14	24	0.00388	0.00082	0.00280
2003	 1	15	24	0.00210	0.00044	0.00151
2003	 1	16	24	0.00113	0.00024	0.00082
2003	 1	17	24	0.00068	0.00013	0.00048
2003	 1	18	24	0.00045	0.00007	0.00032
2003	 1	19	24	0.00033	0.00004	0.00022
2003	 1	20	24	0.00029	0.00002	0.00020
2003	 1	21	24	0.00021	0.00001	0.00014
2003	 1	22	24	0.00018	0.00001	0.00012
2003	 1	23	24	0.00197	0.00000	0.00127
2003	 1	24	24	0.00329	0.00000	0.00213
2003	 1	25	24	0.00326	0.00000	0.00211
2003	 1	26	24	0.00354	0.00000	0.00229
2003	 1	27	24	0.02117	0.02488	0.02248
2003	 1	28	24	0.03188	0.02058	0.02789
2003	 1	29	24	0.01916	0.01112	0.01632
2003	 1	30	24	0.01052	0.00601	0.00893
2003	 1	31	24	0.00569	0.00325	0.00483
2003	 2	 1	24	0.00308	0.00176	0.00261
2003	 2	 2	24	0.00166	0.00095	0.00141
2003	 2	 3	24	0.00090	0.00051	0.00076
2003	 2	 4	24	0.00049	0.00028	0.00041
2003	 2	 5	24	0.00026	0.00015	0.00022
2003	 2	 6	24	0.00014	0.00008	0.00012
2003	 2	 7	24	0.00008	0.00004	0.00007
2003	 2	 8	24	0.00004	0.00002	0.00004
2003	 2	 9	24	0.00002	0.00001	0.00002
2003	 2	10	24	0.00001	0.00001	0.00001
2003	 2	11	24	0.00001	0.00000	0.00001
2003	 2	12	24	0.00000	0.00000	0.00000
2003	 2	13	24	0.00000	0.00000	0.00000
2003	 2	14	24	0.00000	0.00000	0.00000
2003	 2	15	24	0.00000	0.00000	0.00000
2003	 2	16	24	0.00000	0.00000	0.00000
2003	 2	17	24	0.00000	0.00000	0.00000
2003	 2	18	24	0.00000	0.00000	0.00000
2003	 2	19	24	0.00000	0.00000	0.00000
2003	 2	20	24	0.00000	0.00000	0.00000
2003	 2	21	24	0.00000	0.00000	0.00000
2003	 2	22	24	0.00000	0.00000	0.00000
2003	 2	23	24	0.00000	0.00000	0.00000
2003	 2	24	24	0.00000	0.00000	0.00000
2003	 2	25	24	0.00000	0.00000	0.00000
2003	 2	26	24	0.00000	0.00000	0.00000
2003	 2	27	24	0.00005	0.00028	0.00013
2003	 2	28	24	0.00014	0.00118	0.00051
2003	 3	 1	24	0.00101	0.00168	0.00125
2003	 3	 2	24	0.00377	0.01499	0.00773
2003	 3	 3	24	0.00445	0.04493	0.01874
2003	 3	 4	24	0.00323	0.03967	0.01610
2003	 3	 5	24	0.00268	0.04324	0.01700
2003	 3	 6	24	0.00213	0.03310	0.01307
2003	 3	 7	24	0.00168	0.02630	0.01037
2003	 3	 8	24	0.00249	0.05320	0.02040
2003	 3	 9	24	0.00248	0.08757	0.03252
2003	 3	10	24	0.00134	0.11912	0.04293
2003	 3	11	24	0.00072	0.60472	0.21400
2003	 3	12	24	0.00039	1.55825	0.55049
2003	 3	13	24	0.00021	0.84383	0.29810
2003	 3	14	24	0.00011	0.45619	0.16116
2003	 3	15	24	0.00006	0.24796	0.08760
2003	 3	16	24	0.00003	0.13652	0.04823
2003	 3	17	24	0.00002	0.07426	0.02623
2003	 3	18	24	0.00001	0.04015	0.01418
2003	 3	19	24	0.00001	0.02170	0.00767
2003	 3	20	24	0.00000	0.01173	0.00415
2003	 3	21	24	0.00000	0.00634	0.00224
2003	 3	22	24	0.00000	0.00343	0.00121
2003	 3	23	24	0.00000	0.00185	0.00065
2003	 3	24	24	0.00000	0.00100	0.00035
2003	 3	25	24	0.00000	0.00054	0.00019
2003	 3	26	24	0.00000	0.00029	0.00010
2003	 3	27	24	0.00000	0.00016	0.00006
2003	 3	28	24	0.00000	0.00009	0.00003
2003	 3	29	24	0.00000	0.00005	0.00002
2003	 3	30	24	0.00000	0.00003	0.00001
2003	 3	31	24	0.00000	0.00001	0.00000
2003	 4	 1	24	0.00000	0.00001	0.00000
2003	 4	 2	24	0.00000	0.00000	0.00000
2003	 4	 3	24	0.00000	0.00000	0.00000
2003	 4	 4	24	0.00000	0.00000	0.00000
2003	 4	 5	24	0.00000	0.00000	0.00000
2003	 4	 6	24	0.00000	0.00000	0.00000
2003	 4	 7	24	0.00000	0.00000	0.00000
2003	 4	 8	24	0.00000	0.00000	0.00000
2003	 4	 9	24	0.00000	0.00000	0.00000
2003	 4	10	24	0.00000	0.00000	0.00000
2003	 4	11	24	0.00000	0.00000	0.00000
2003	 4	12	24	0.00000	0.00000	0.00000
2003	 4	13	24	0.00000	0.00000	0.00000
2003	 4	14	24	0.00000	0.00000	0.00000
2003	 4	15	24	0.00000	0.00000	0.00000
2003	 4	16	24	0.00000	0.00000	0.00000
2003	 4	17	24	0.00000	0.00000	0.00000
2003	 4	18	24	0.00755	0.00000	0.00489
2003	 4	19	24	0.05666	0.02462	0.04535
2003	 4	20	24	0.03063	0.01331	0.02452
2003	 4	21	24	0.01656	0.00719	0.01325
2003	 4	22	24	0.00895	0.00389	0.00717
2003	 4	23	24	0.00484	0.00210	0.00387
2003	 4	24	24	0.00262	0.00114	0.00209
2003	 4	25	24	0.00141	0.00061	0.00113
2003	 4	26	24	0.00076	0.00033	0.00061
2003	 4	27	24	0.00041	0.00018	0.00033
2003	 4	28	24	0.00022	0.00010	0.00018
2003	 4	29	24	0.00012	0.00005	0.00010
2003	 4	30	24	0.00007	0.00003	0.00005
2003	 5	 1	24	0.00004	0.00002	0.00003
2003	 5	 2	24	0.00002	0.00001	0.00002
2003	 5	 3	24	0.00001	0.00000	0.00001
2003	 5	 4	24	0.00001	0.00000	0.00000
2003	 5	 5	24	0.00000	0.00000	0.00000
2003	 5	 6	24	0.00000	0.00000	0.00000
2003	 5	 7	24	0.00000	0.00000	0.00000
2003	 5	 8	24	0.00000	0.00000	0.00000
2003	 5	 9	24	0.00000	0.00000	0.00000
2003	 5	10	24	0.00000	0.00000	0.00000
2003	 5	11	24	0.00000	0.00000	0.00000
2003	 5	12	24	0.00000	0.00000	0.00000
2003	 5	13	24	0.00000	0.00000	0.00000
2003	 5	14	24	0.00000	0.00000	0.00000
2003	 5	15	24	0.00000	0.00000	0.00000
2003	 5	16	24	0.00000	0.00000	0.00000
2003	 5	17	24	0.00000	0.00000	0.00000
2003	 5	18	24	0.00000	0.00000	0.00000
2003	 5	19	24	0.00000	0.00000	0.00000
2003	 5	20	24	0.00000	0.00000	0.00000
2003	 5	21	24	0.00000	0.00000	0.00000
2003	 5	22	24	0.00000	0.00000	0.00000
2003	 5	23	24	0.00000	0.00000	0.00000
2003	 5	24	24	0.00000	0.00000	0.00000
2003	 5	25	24	0.00000	0.00000	0.00000
2003	 5	26	24	0.00000	0.00000	0.00000
2003	 5	27	24	0.00000	0.00000	0.00000
2003	 5	28	24	0.00000	0.00000	0.00000
2003	 5	29	24	0.00000	0.00000	0.00000
2003	 5	30	24	0.00000	0.00000	0.00000
2003	 5	31	24	0.00000	0.00000	0.00000
2003	 6	 1	24	0.00000	0.00000	0.00000
2003	 6	 2	24	0.00000	0.00000	0.00000
2003	 6	 3	24	0.00000	0.00000	0.00000
2003	 6	 4	24	0.00000	0.00000	0.00000
2003	 6	 5	24	0.00000	0.00000	0.00000
2003	 6	 6	24	0.00000	0.00000	0.00000
2003	 6	 7	24	0.00000	0.00000	0.00000
2003	 6	 8	24	0.00000	0.00000	0.00000
2003	 6	 9	24	0.00000	0.00000	0.00000
2003	 6	10	24	0.00000	0.00000	0.00000
2003	 6	11	24	0.00000	0.00000	0.00000
2003	 6	12	24	0.00000	0.00000	0.00000
2003	 6	13	24	0.00000	0.00000	0.00000
2003	 6	14	24	0.00000	0.00000	0.00000
2003	 6	15	24	0.00000	0.00000	0.00000
2003	 6	16	24	0.00000	0.00000	0.00000
2003	 6	17	24	0.00000	0.00000	0.00000
2003	 6	18	24	0.00000	0.00000	0.00000
2003	 6	19	24	0.00000	0.00000	0.00000
2003	 6	20	24	0.00000	0.00000	0.00000
2003	 6	21	24	0.00000	0.00000	0.00000
2003	 6	22	24	0.00000	0.00000	0.00000
2003	 6	23	24	0.00000	0.00000	0.00000
2003	 6	24	24	0.00000	0.00000	0.00000
2003	 6	25	24	0.00000	0.00000	0.00000
2003	 6	26	24	0.00000	0.00000	0.00000
2003	 6	27	24	0.00000	0.00000	0.00000
2003	 6	28	24	0.00000	0.00000	0.00000
2003	 6	29	24	0.00000	0.00000	0.00000
2003	 6	30	24	0.00000	0.00006	0.00002
2003	 7	 1	24	0.00000	0.00039	0.00014
2003	 7	 2	24	0.00000	0.00021	0.00007
2003	 7	 3	24	0.00000	0.00011	0.00004
2003	 7	 4	24	0.00000	0.00006	0.00002
2003	 7	 5	24	0.00000	0.00003	0.00001
2003	 7	 6	24	0.00000	0.00002	0.00001
2003	 7	 7	24	0.00000	0.00001	0.00000
2003	 7	 8	24	0.00000	0.00001	0.00000
2003	 7	 9	24	0.00000	0.00000	0.00000
2003	 7	10	24	0.00000	0.00000	0.00000
2003	 7	11	24	0.00000	0.00000	0.00000
2003	 7	12	24	0.00000	0.00000	0.00000
2003	 7	13	24	0.00000	0.00000	0.00000
2003	 7	14	24	0.00000	0.00000	0.00000
2003	 7	15	24	0.00000	0.00000	0.00000
2003	 7	16	24	0.00000	0.00000	0.00000
2003	 7	17	24	0.00000	0.00000	0.00000
2003	 7	18	24	0.00000	0.00000	0.00000
2003	 7	19	24	0.00000	0.00000	0.00000
2003	 7	20	24	0.00000	0.00000	0.00000
2003	 7	21	24	0.00000	0.00000	0.00000
2003	 7	22	24	0.00000	0.00000	0.00000
2003	 7	23	24	0.00000	0.00000	0.00000
2003	 7	24	24	0.00119	0.00229	0.00158
2003	 7	25	24	0.00064	0.00124	0.00085
2003	 7	26	24	0.00035	0.00067	0.00046
2003	 7	27	24	0.00455	0.08602	0.03332
2003	 7	28	24	0.00246	0.04650	0.01801
2003	 7	29	24	0.00133	0.02514	0.00974
2003	 7	30	24	0.00072	0.01359	0.00526
2003	 7	31	24	0.00039	0.00735	0.00285
2003	 8	 1	24	0.00021	0.00397	0.00154
2003	 8	 2	24	0.00011	0.00215	0.00083
2003	 8	 3	24	0.00006	0.00116	0.00045
2003	 8	 4	24	0.00003	0.00063	0.00024
2003	 8	 5	24	0.00002	0.00034	0.00013
2003	 8	 6	24	0.00001	0.00018	0.00007
2003	 8	 7	24	0.00001	0.00010	0.00004
2003	 8	 8	24	0.00000	0.00005	0.00002
2003	 8	 9	24	0.00000	0.00003	0.00001
2003	 8	10	24	0.00000	0.00002	0.00001
2003	 8	11	24	0.00000	0.00001	0.00000
2003	 8	12	24	0.00000	0.00000	0.00000
2003	 8	13	24	0.00000	0.00000	0.00000
2003	 8	14	24	0.00000	0.00000	0.00000
2003	 8	15	24	0.00000	0.00000	0.00000
2003	 8	16	24	0.00000	0.00000	0.00000
2003	 8	17	24	0.00000	0.00000	0.00000
2003	 8	18	24	0.00000	0.00000	0.00000
2003	 8	19	24	0.00000	0.00000	0.00000
2003	 8	20	24	0.00000	0.00000	0.00000
2003	 8	21	24	0.00000	0.00000	0.00000
2003	 8	22	24	0.00000	0.00000	0.00000
2003	 8	23	24	0.00000	0.00000	0.00000
2003	 8	24	24	0.00000	0.00000	0.00000
2003	 8	25	24	0.00000	0.00000	0.00000
2003	 8	26	24	0.00000	0.00000	0.00000
2003	 8	27	24	0.00000	0.00000	0.00000
2003	 8	28	24	0.00000	0.00000	0.00000
2003	 8	29	24	0.00000	0.00000	0.00000
2003	 8	30	24	0.00000	0.00000	0.00000
2003	 8	31	24	0.00000	0.00000	0.00000
2003	 9	 1	24	0.00000	0.00000	0.00000
2003	 9	 2	24	0.00000	0.00000	0.00000
2003	 9	 3	24	0.00000	0.00000	0.00000
2003	 9	 4	24	0.00000	0.00000	0.00000
2003	 9	 5	24	0.00000	0.00000	0.00000
2003	 9	 6	24	0.00000	0.00000	0.00000
2003	 9	 7	24	0.00000	0.00000	0.00000
2003	 9	 8	24	0.00000	0.00000	0.00000
2003	 9	 9	24	0.00000	0.00000	0.00000
2003	 9	10	24	0.00000	0.00000	0.00000
2003	 9	11	24	0.00000	0.00000	0.00000
2003	 9	12	24	0.00000	0.00000	0.00000
2003	 9	13	24	0.00000	0.00000	0.00000
2003	 9	14	24	0.00000	0.00000	0.00000
2003	 9	15	24	0.00000	0.00000	0.00000
2003	 9	16	24	0.00000	0.00000	0.00000
2003	 9	17	24	0.00000	0.00000	0.00000
2003	 9	18	24	0.00000	0.00000	0.00000
2003	 9	19	24	0.00000	0.00000	0.00000
2003	 9	20	24	0.00000	0.00000	0.00000
2003	 9	21	24	0.00000	0.00000	0.00000
2003	 9	22	24	0.00000	0.00000	0.00000
2003	 9	23	24	0.00000	0.00000	0.00000
2003	 9	24	24	0.00000	0.00000	0.00000
2003	 9	25	24	0.00000	0.00000	0.00000
2003	 9	26	24	0.00000	0.00000	0.00000
2003	 9	27	24	0.00000	0.00000	0.00000
2003	 9	28	24	0.00000	0.00000	0.00000
2003	 9	29	24	0.00000	0.00000	0.00000
2003	 9	30	24	0.00000	0.00000	0.00000
2003	10	 1	24	0.00000	0.00000	0.00000
2003	10	 2	24	0.00000	0.00000	0.00000
2003	10	 3	24	0.00000	0.00000	0.00000
2003	10	 4	24	0.00000	0.00000	0.00000
2003	10	 5	24	0.00000	0.00000	0.00000
2003	10	 6	24	0.00000	0.00000	0.00000
2003	10	 7	24	0.00000	0.00000	0.00000
2003	10	 8	24	0.08722	0.12805	0.10164
2003	10	 9	24	0.04715	0.06922	0.05495
2003	10	10	24	0.02549	0.03742	0.02971
2003	10	11	24	0.01378	0.02023	0.01606
2003	10	12	24	0.00745	0.01094	0.00868
2003	10	13	24	0.00403	0.00591	0.00469
2003	10	14	24	0.00218	0.00320	0.00254
2003	10	15	24	0.00118	0.00173	0.00137
2003	10	16	24	0.00064	0.00093	0.00074
2003	10	17	24	0.00034	0.00051	0.00040
2003	10	18	24	0.00019	0.00027	0.00022
2003	10	19	24	0.00010	0.00015	0.00012
2003	10	20	24	0.00005	0.00008	0.00006
2003	10	21	24	0.00003	0.00004	0.00003
2003	10	22	24	0.00002	0.00002	0.00002
2003	10	23	24	0.00001	0.00001	0.00001
2003	10	24	24	0.00000	0.00001	0.00001
2003	10	25	24	0.00000	0.00000	0.00000
2003	10	26	24	0.00000	0.00000	0.00000
2003	10	27	24	0.00000	0.00000	0.00000
2003	10	28	24	0.00000	0.00000	0.00000
2003	10	29	24	0.00000	0.00000	0.00000
2003	10	30	24	0.00000	0.00000	0.00000
2003	10	31	24	0.00000	0.00000	0.00000
2003	11	 1	24	0.00000	0.00000	0.00000
2003	11	 2	24	0.00000	0.00000	0.00000
2003	11	 3	24	0.00000	0.00000	0.00000
2003	11	 4	24	0.00000	0.00000	0.00000
2003	11	 5	24	0.00000	0.00000	0.00000
2003	11	 6	24	0.00000	0.00000	0.00000
2003	11	 7	24	0.00000	0.00000	0.00000
2003	11	 8	24	0.00000	0.00000	0.00000
2003	11	 9	24	0.00000	0.00000	0.00000
2003	11	10	24	0.00000	0.00000	0.00000
2003	11	11	24	0.00000	0.00000	0.00000
2003	11	12	24	0.00000	0.00000	0.00000
2003	11	13	24	0.00000	0.00000	0.00000
2003	11	14	24	0.00000	0.00000	0.00000
2003	11	15	24	0.00000	0.00000	0.00000
2003	11	16	24	0.00000	0.00000	0.00000
2003	11	17	24	0.00000	0.00000	0.00000
2003	11	18	24	0.00000	0.00000	0.00000
2003	11	19	24	0.00000	0.00000	0.00000
2003	11	20	24	0.00000	0.00000	0.00000
2003	11	21	24	0.00000	0.00000	0.00000
2003	11	22	24	0.00000	0.00000	0.00000
2003	11	23	24	0.00000	0.00000	0.00000
2003	11	24	24	0.00000	0.00000	0.00000
2003	11	25	24	0.00000	0.00000	0.00000
2003	11	26	24	0.00000	0.00000	0.00000
2003	11	27	24	0.00000	0.00000	0.00000
2003	11	28	24	0.00000	0.00000	0.00000
2003	11	29	24	0.00000	0.00000	0.00000
2003	11	30	24	0.00000	0.00000	0.00000
2003	12	 1	24	0.00000	0.00000	0.00000
2003	12	 2	24	0.00000	0.00000	0.00000
2003	12	 3	24	0.00000	0.00000	0.00000
2003	12	 4	24	0.00000	0.00000	0.00000
2003	12	 5	24	0.00000	0.00000	0.00000
2003	12	 6	24	0.00000	0.00000	0.00000
2003	12	 7	24	0.00000	0.00000	0.00000
2003	12	 8	24	0.00000	0.00000	0.00000
2003	12	 9	24	0.00000	0.00000	0.00000
2003	12	10	24	0.00000	0.00000	0.00000
2003	12	11	24	0.00000	0.00000	0.00000
2003	12	12	24	0.00000	0.00000	0.00000
2003	12	13	24	0.00540	0.05549	0.02309
2003	12	14	24	0.01881	0.14721	0.06415
2003	12	15	24	0.01017	0.07958	0.03468
2003	12	16	24	0.00550	0.04302	0.01875
2003	12	17	24	0.00297	0.02326	0.01014
2003	12	18	24	0.00161	0.01257	0.00548
2003	12	19	24	0.00087	0.00680	0.00296
2003	12	20	24	0.00047	0.00368	0.00160
2003	12	21	24	0.00025	0.00199	0.00087
2003	12	22	24	0.00014	0.00107	0.00047
2003	12	23	24	0.00007	0.00058	0.00025
2003	12	24	24	0.00004	0.00031	0.00014
2003	12	25	24	0.00002	0.00017	0.00007
2003	12	26	24	0.00001	0.00009	0.00004
2003	12	27	24	0.00001	0.00005	0.00002
2003	12	28	24	0.00000	0.00003	0.00001
2003	12	29	24	0.00000	0.00001	0.00001
2003	12	30	24	0.00000	0.00001	0.00000
2003	12	31	24	0.00000	0.00000	0.00000
2004	 1	 1	24	0.00000	0.00000	0.00000
2004	 1	 2	24	0.00000	0.00000	0.00000
2004	 1	 3	24	0.00000	0.00000	0.00000
2004	 1	 4	24	0.00000	0.00000	0.00000
2004	 1	 5	24	0.00000	0.00000	0.00000
2004	 1	 6	24	0.00000	0.00000	0.00000
2004	 1	 7	24	0.00000	0.00000	0.00000
2004	 1	 8	24	0.00000	0.00000	0.00000
2004	 1	 9	24	0.00003	0.00000	0.00002
2004	 1	10	24	0.00113	0.00000	0.00073
2004	 1	11	24	0.03135	0.00000	0.02028
2004	 1	12	24	0.05372	0.00000	0.03475
2004	 1	13	24	0.23042	0.00064	0.14928
2004	 1	14	24	0.23914	0.00081	0.15498
2004	 1	15	24	0.17759	0.00071	0.11513
2004	 1	16	24	0.12685	0.00046	0.08222
2004	 1	17	24	0.08201	0.00047	0.05322
2004	 1	18	24	0.04971	0.00026	0.03225
2004	 1	19	24	0.05752	0.00014	0.03726
2004	 1	20	24	0.04484	0.00007	0.02903
2004	 1	21	24	0.02424	0.00004	0.01570
2004	 1	22	24	0.01312	0.00002	0.00850
2004	 1	23	24	0.00741	0.00001	0.00480
2004	 1	24	24	0.00592	0.00001	0.00383
2004	 1	25	24	0.00467	0.00000	0.00302
2004	 1	26	24	0.00704	0.00000	0.00455
2004	 1	27	24	0.00381	0.00000	0.00246
2004	 1	28	24	0.00236	0.00000	0.00152
2004	 1	29	24	0.00480	0.00000	0.00310
2004	 1	30	24	0.00771	0.00000	0.00499
2004	 1	31	24	0.01480	0.00000	0.00958
2004	 2	 1	24	0.03806	0.00000	0.02462
2004	 2	 2	24	2.13753	0.20135	1.45384
2004	 2	 3	24	2.11072	0.59016	1.57379
2004	 2	 4	24	1.92643	1.05748	1.61959
2004	 2	 5	24	1.37316	1.48222	1.41167
2004	 2	 6	24	0.92487	1.70549	1.20052
2004	 2	 7	24	0.57433	1.53097	0.91213
2004	 2	 8	24	0.34513	0.89727	0.54010
2004	 2	 9	24	0.18717	0.48509	0.29237
2004	 2	10	24	0.10583	0.26225	0.16106
2004	 2	11	24	0.05915	0.14178	0.08832
2004	 2	12	24	0.03243	0.07665	0.04804
2004	 2	13	24	0.02573	0.04144	0.03127
2004	 2	14	24	0.02186	0.02240	0.02205
2004	 2	15	24	0.01479	0.01211	0.01384
2004	 2	16	24	0.00958	0.00655	0.00851
2004	 2	17	24	0.00729	0.00354	0.00596
2004	 2	18	24	0.00476	0.00191	0.00375
2004	 2	19	24	0.00258	0.00103	0.00204
2004	 2	20	24	0.00193	0.00056	0.00145
2004	 2	21	24	0.00168	0.00030	0.00119
2004	 2	22	24	0.00111	0.00016	0.00078
2004	 2	23	24	0.00060	0.00009	0.00042
2004	 2	24	24	0.00038	0.00005	0.00026
2004	 2	25	24	0.00024	0.00003	0.00016
2004	 2	26	24	0.00023	0.00001	0.00015
2004	 2	27	24	0.00018	0.00001	0.00012
2004	 2	28	24	0.00018	0.00000	0.00012
2004	 2	29	24	0.00010	0.00000	0.00006
2004	 3	 1	24	0.00005	0.00000	0.00003
2004	 3	 2	24	0.00023	0.00000	0.00015
2004	 3	 3	24	0.00032	0.00000	0.00021
2004	 3	 4	24	0.00023	0.00000	0.00015
2004	 3	 5	24	0.00051	0.00000	0.00033
2004	 3	 6	24	0.00054	0.00000	0.00035
2004	 3	 7	24	0.00066	0.00000	0.00043
2004	 3	 8	24	0.00050	0.00000	0.00032
2004	 3	 9	24	0.00081	0.00000	0.00053
2004	 3	10	24	0.00096	0.00000	0.00062
2004	 3	11	24	0.00175	0.00000	0.00113
2004	 3	12	24	0.00251	0.00000	0.00162
2004	 3	13	24	0.00302	0.00000	0.00195
2004	 3	14	24	0.00366	0.00000	0.00237
2004	 3	15	24	0.00398	0.00028	0.00267
2004	 3	16	24	0.00420	0.00192	0.00340
2004	 3	17	24	0.09711	0.18196	0.12707
2004	 3	18	24	0.35422	1.34720	0.70486
2004	 3	19	24	0.41050	3.58243	1.53055
2004	 3	20	24	0.30595	4.99243	1.96079
2004	 3	21	24	0.16831	4.25893	1.61275
2004	 3	22	24	0.09099	2.51664	0.94752
2004	 3	23	24	0.04919	1.40749	0.52882
2004	 3	24	24	0.09925	0.86450	0.36947
2004	 3	25	24	0.05365	0.46737	0.19974
2004	 3	26	24	0.02901	0.25267	0.10798
2004	 3	27	24	0.01568	0.13662	0.05839
2004	 3	28	24	0.00848	0.07393	0.03159
2004	 3	29	24	0.00458	0.03997	0.01708
2004	 3	30	24	0.00248	0.02161	0.00923
2004	 3	31	24	0.00134	0.01171	0.00500
2004	 4	 1	24	0.00072	0.00637	0.00272
2004	 4	 2	24	0.00039	0.00402	0.00167
2004	 4	 3	24	0.00021	0.00217	0.00090
2004	 4	 4	24	0.00011	0.00117	0.00049
2004	 4	 5	24	0.00006	0.00063	0.00026
2004	 4	 6	24	0.00003	0.00034	0.00014
2004	 4	 7	24	0.00002	0.00019	0.00008
2004	 4	 8	24	0.00001	0.00010	0.00004
2004	 4	 9	24	0.00001	0.00005	0.00002
2004	 4	10	24	0.00000	0.00003	0.00001
2004	 4	11	24	0.00000	0.00002	0.00001
2004	 4	12	24	0.00000	0.00001	0.00000
2004	 4	13	24	0.00000	0.00000	0.00000
2004	 4	14	24	0.00000	0.00000	0.00000
2004	 4	15	24	0.00000	0.00000	0.00000
2004	 4	16	24	0.00000	0.00000	0.00000
2004	 4	17	24	0.00000	0.00000	0.00000
2004	 4	18	24	0.00000	0.00000	0.00000
2004	 4	19	24	0.00000	0.00000	0.00000
2004	 4	20	24	0.00000	0.00000	0.00000
2004	 4	21	24	0.00000	0.00000	0.00000
2004	 4	22	24	0.00000	0.00000	0.00000
2004	 4	23	24	0.00000	0.00000	0.00000
2004	 4	24	24	0.00000	0.00000	0.00000
2004	 4	25	24	0.00000	0.00000	0.00000
2004	 4	26	24	0.00000	0.00000	0.00000
2004	 4	27	24	0.00000	0.00000	0.00000
2004	 4	28	24	0.00000	0.00000	0.00000
2004	 4	29	24	0.00000	0.00000	0.00000
2004	 4	30	24	0.00000	0.00000	0.00000
2004	 5	 1	24	0.00000	0.00000	0.00000
2004	 5	 2	24	0.00000	0.00000	0.00000
2004	 5	 3	24	0.00000	0.00000	0.00000
2004	 5	 4	24	0.00000	0.00000	0.00000
2004	 5	 5	24	0.00517	0.00000	0.00334
2004	 5	 6	24	0.05979	0.04740	0.05542
2004	 5	 7	24	0.03232	0.02563	0.02996
2004	 5	 8	24	0.01747	0.01385	0.01620
2004	 5	 9	24	0.00945	0.00749	0.00876
2004	 5	10	24	0.11851	0.06101	0.09821
2004	 5	11	24	0.06407	0.03298	0.05309
2004	 5	12	24	0.03464	0.01783	0.02870
2004	 5	13	24	0.01873	0.00964	0.01552
2004	 5	14	24	0.01012	0.00521	0.00839
2004	 5	15	24	0.02823	0.02467	0.02697
2004	 5	16	24	0.01526	0.01333	0.01458
2004	 5	17	24	0.00825	0.00721	0.00788
2004	 5	18	24	0.00446	0.00390	0.00426
2004	 5	19	24	0.00241	0.00211	0.00230
2004	 5	20	24	0.00130	0.00114	0.00125
2004	 5	21	24	0.00070	0.00062	0.00067
2004	 5	22	24	0.00038	0.00033	0.00036
2004	 5	23	24	0.00021	0.00222	0.00092
2004	 5	24	24	0.00011	0.00120	0.00050
2004	 5	25	24	0.00006	0.00065	0.00027
2004	 5	26	24	0.00003	0.00035	0.00014
2004	 5	27	24	0.00002	0.00019	0.00008
2004	 5	28	24	0.00001	0.00010	0.00004
2004	 5	29	24	0.00001	0.00006	0.00002
2004	 5	30	24	0.00000	0.00003	0.00001
2004	 5	31	24	0.00000	0.00002	0.00001
2004	 6	 1	24	0.00000	0.00001	0.00000
2004	 6	 2	24	0.00000	0.00000	0.00000
2004	 6	 3	24	0.00000	0.00000	0.00000
2004	 6	 4	24	0.00000	0.00000	0.00000
2004	 6	 5	24	0.00000	0.00000	0.00000
2004	 6	 6	24	0.00000	0.00000	0.00000
2004	 6	 7	24	0.00000	0.00000	0.00000
2004	 6	 8	24	0.00000	0.00000	0.00000
2004	 6	 9	24	0.00000	0.00000	0.00000
2004	 6	10	24	0.00000	0.00000	0.00000
2004	 6	11	24	0.00000	0.00000	0.00000
2004	 6	12	24	0.00000	0.00000	0.00000
2004	 6	13	24	0.00000	0.00000	0.00000
2004	 6	14	24	0.00000	0.00000	0.00000
2004	 6	15	24	0.00000	0.00000	0.00000
2004	 6	16	24	0.00000	0.00000	0.00000
2004	 6	17	24	0.00000	0.00000	0.00000
2004	 6	18	24	0.00000	0.00000	0.00000
2004	 6	19	24	0.00000	0.00000	0.00000
2004	 6	20	24	0.00000	0.00000	0.00000
2004	 6	21	24	0.00000	0.00000	0.00000
2004	 6	22	24	0.00000	0.00000	0.00000
2004	 6	23	24	0.00000	0.00000	0.00000
2004	 6	24	24	0.00000	0.00000	0.00000
2004	 6	25	24	0.00000	0.00000	0.00000
2004	 6	26	24	0.00000	0.00000	0.00000
2004	 6	27	24	0.00000	0.00000	0.00000
2004	 6	28	24	0.00000	0.00000	0.00000
2004	 6	29	24	0.00000	0.00000	0.00000
2004	 6	30	24	0.00000	0.00000	0.00000
2004	 7	 1	24	0.00000	0.00000	0.00000
2004	 7	 2	24	0.00000	0.00000	0.00000
2004	 7	 3	24	0.00000	0.00000	0.00000
2004	 7	 4	24	0.00000	0.00000	0.00000
2004	 7	 5	24	0.00000	0.00000	0.00000
2004	 7	 6	24	0.00000	0.00000	0.00000
2004	 7	 7	24	0.00000	0.00000	0.00000
2004	 7	 8	24	0.06689	0.30342	0.15041
2004	 7	 9	24	0.03616	0.16403	0.08132
2004	 7	10	24	0.01955	0.08868	0.04396
2004	 7	11	24	0.01057	0.04794	0.02377
2004	 7	12	24	0.00571	0.02592	0.01285
2004	 7	13	24	0.00309	0.01401	0.00695
2004	 7	14	24	0.00167	0.00758	0.00376
2004	 7	15	24	0.00090	0.00410	0.00203
2004	 7	16	24	0.00049	0.00221	0.00110
2004	 7	17	24	0.00026	0.00120	0.00059
2004	 7	18	24	0.00014	0.00065	0.00032
2004	 7	19	24	0.00008	0.00035	0.00017
2004	 7	20	24	0.00004	0.00019	0.00009
2004	 7	21	24	0.00002	0.00010	0.00005
2004	 7	22	24	0.01825	0.04389	0.02730
2004	 7	23	24	0.00987	0.02373	0.01476
2004	 7	24	24	0.00533	0.01283	0.00798
2004	 7	25	24	0.00288	0.00694	0.00431
2004	 7	26	24	0.00156	0.00375	0.00233
2004	 7	27	24	0.00084	0.00203	0.00126
2004	 7	28	24	0.00046	0.00110	0.00068
2004	 7	29	24	0.00025	0.00059	0.00037
2004	 7	30	24	0.00013	0.00032	0.00020
2004	 7	31	24	0.00007	0.00017	0.00011
2004	 8	 1	24	0.00004	0.00009	0.00006
2004	 8	 2	24	0.00002	0.00005	0.00003
2004	 8	 3	24	0.00001	0.00003	0.00002
2004	 8	 4	24	0.00001	0.00001	0.00001
2004	 8	 5	24	0.00000	0.00001	0.00000
2004	 8	 6	24	0.00000	0.00000	0.00000
2004	 8	 7	24	0.00000	0.00000	0.00000
2004	 8	 8	24	0.00000	0.00000	0.00000
2004	 8	 9	24	0.00000	0.00000	0.00000
2004	 8	10	24	0.00000	0.00000	0.00000
2004	 8	11	24	0.00000	0.00000	0.00000
2004	 8	12	24	0.00091	0.02303	0.00872
2004	 8	13	24	0.00049	0.01245	0.00472
2004	 8	14	24	0.00027	0.00673	0.00255
2004	 8	15	24	0.00014	0.00364	0.00138
2004	 8	16	24	0.00008	0.00197	0.00075
2004	 8	17	24	0.00004	0.00106	0.00040
2004	 8	18	24	0.00002	0.00057	0.00022
2004	 8	19	24	0.00001	0.00031	0.00012
2004	 8	20	24	0.00001	0.00017	0.00006
2004	 8	21	24	0.00000	0.00009	0.00003
2004	 8	22	24	0.00000	0.00005	0.00002
2004	 8	23	24	0.00000	0.00003	0.00001
2004	 8	24	24	0.00000	0.00001	0.00001
2004	 8	25	24	0.00000	0.00001	0.00000
2004	 8	26	24	0.00000	0.00016	0.00005
2004	 8	27	24	0.00000	0.00008	0.00003
2004	 8	28	24	0.00000	0.00005	0.00002
2004	 8	29	24	0.00000	0.00002	0.00001
2004	 8	30	24	0.00000	0.00001	0.00000
2004	 8	31	24	0.00000	0.00001	0.00000
2004	 9	 1	24	0.00000	0.00000	0.00000
2004	 9	 2	24	0.00000	0.00000	0.00000
2004	 9	 3	24	0.00000	0.00000	0.00000
2004	 9	 4	24	0.00000	0.00000	0.00000
2004	 9	 5	24	0.00000	0.00000	0.00000
2004	 9	 6	24	0.00000	0.00000	0.00000
2004	 9	 7	24	0.00000	0.00000	0.00000
2004	 9	 8	24	0.00000	0.00000	0.00000
2004	 9	 9	24	0.00000	0.00000	0.00000
2004	 9	10	24	0.00000	0.00000	0.00000
2004	 9	11	24	0.00000	0.00000	0.00000
2004	 9	12	24	0.00000	0.00000	0.00000
2004	 9	13	24	0.00000	0.00000	0.00000
2004	 9	14	24	0.00000	0.00000	0.00000
2004	 9	15	24	0.00000	0.00000	0.00000
2004	 9	16	24	0.00000	0.00000	0.00000
2004	 9	17	24	0.00000	0.00000	0.00000
2004	 9	18	24	0.00000	0.00000	0.00000
2004	 9	19	24	0.00000	0.00000	0.00000
2004	 9	20	24	0.00000	0.00000	0.00000
2004	 9	21	24	0.00000	0.00090	0.00032
2004	 9	22	24	0.00000	0.00139	0.00049
2004	 9	23	24	0.00000	0.00092	0.00033
2004	 9	24	24	0.00000	0.00050	0.00018
2004	 9	25	24	0.00000	0.00027	0.00010
2004	 9	26	24	0.00000	0.00015	0.00005
2004	 9	27	24	0.00000	0.00008	0.00003
2004	 9	28	24	0.00000	0.00004	0.00002
2004	 9	29	24	0.00000	0.00002	0.00001
2004	 9	30	24	0.00000	0.00001	0.00000
2004	10	 1	24	0.00000	0.00001	0.00000
2004	10	 2	24	0.00000	0.00000	0.00000
2004	10	 3	24	0.00000	0.00000	0.00000
2004	10	 4	24	0.00000	0.00000	0.00000
2004	10	 5	24	0.00000	0.00000	0.00000
2004	10	 6	24	0.00000	0.00000	0.00000
2004	10	 7	24	0.00000	0.00000	0.00000
2004	10	 8	24	0.00000	0.00000	0.00000
2004	10	 9	24	0.00000	0.00000	0.00000
2004	10	10	24	0.00000	0.00000	0.00000
2004	10	11	24	0.00000	0.00000	0.00000
2004	10	12	24	0.00000	0.00000	0.00000
2004	10	13	24	0.00000	0.00000	0.00000
2004	10	14	24	0.00000	0.00000	0.00000
2004	10	15	24	0.00000	0.00000	0.00000
2004	10	16	24	0.00000	0.00000	0.00000
2004	10	17	24	0.00000	0.00000	0.00000
2004	10	18	24	0.00000	0.00000	0.00000
2004	10	19	24	0.00000	0.00000	0.00000
2004	10	20	24	0.00000	0.00000	0.00000
2004	10	21	24	0.00000	0.00000	0.00000
2004	10	22	24	0.00000	0.00000	0.00000
2004	10	23	24	0.00000	0.00000	0.00000
2004	10	24	24	0.00000	0.00000	0.00000
2004	10	25	24	0.00000	0.00000	0.00000
2004	10	26	24	0.00000	0.00000	0.00000
2004	10	27	24	0.00000	0.00000	0.00000
2004	10	28	24	0.00000	0.00000	0.00000
2004	10	29	24	0.00000	0.00000	0.00000
2004	10	30	24	0.00000	0.00000	0.00000
2004	10	31	24	0.00000	0.00000	0.00000
2004	11	 1	24	0.00000	0.00000	0.00000
2004	11	 2	24	0.00000	0.00000	0.00000
2004	11	 3	24	0.00000	0.00000	0.00000
2004	11	 4	24	0.00000	0.00000	0.00000
2004	11	 5	24	0.00000	0.00000	0.00000
2004	11	 6	24	0.00000	0.00000	0.00000
2004	11	 7	24	0.00000	0.00000	0.00000
2004	11	 8	24	0.00000	0.00000	0.00000
2004	11	 9	24	0.04950	0.00000	0.03202
2004	11	10	24	0.02676	0.00000	0.01731
2004	11	11	24	0.01447	0.00000	0.00936
2004	11	12	24	0.00782	0.00000	0.00506
2004	11	13	24	0.00423	0.00009	0.00277
2004	11	14	24	0.00231	0.00022	0.00157
2004	11	15	24	0.00127	0.00027	0.00091
2004	11	16	24	0.00267	0.00063	0.00195
2004	11	17	24	0.00190	0.03055	0.01202
2004	11	18	24	0.18992	2.53742	1.01885
2004	11	19	24	0.10269	1.37291	0.55122
2004	11	20	24	0.05645	0.74222	0.29860
2004	11	21	24	0.03140	0.40127	0.16200
2004	11	22	24	0.18771	0.26040	0.21338
2004	11	23	24	0.27337	0.29453	0.28084
2004	11	24	24	0.14782	0.16133	0.15259
2004	11	25	24	0.07995	0.08959	0.08336
2004	11	26	24	0.04328	0.05205	0.04638
2004	11	27	24	0.02391	0.03837	0.02902
2004	11	28	24	0.01440	0.04253	0.02433
2004	11	29	24	0.00934	0.05794	0.02650
2004	11	30	24	0.00574	0.05595	0.02347
2004	12	 1	24	0.00390	0.08771	0.03350
2004	12	 2	24	0.00223	0.06678	0.02502
2004	12	 3	24	0.00123	0.04709	0.01742
2004	12	 4	24	0.00067	0.04517	0.01638
2004	12	 5	24	0.00036	0.04160	0.01492
2004	12	 6	24	0.00019	0.03774	0.01345
2004	12	 7	24	0.00011	0.02885	0.01026
2004	12	 8	24	0.00006	0.02868	0.01016
2004	12	 9	24	0.00003	0.02371	0.00839
2004	12	10	24	0.00002	0.02075	0.00734
2004	12	11	24	0.00001	0.01122	0.00397
2004	12	12	24	0.00000	0.00606	0.00214
2004	12	13	24	0.00000	0.00328	0.00116
2004	12	14	24	0.00000	0.00177	0.00063
2004	12	15	24	0.00000	0.00096	0.00034
2004	12	16	24	0.00000	0.00052	0.00018
2004	12	17	24	0.00000	0.00028	0.00010
2004	12	18	24	0.00000	0.00015	0.00005
2004	12	19	24	0.00000	0.00008	0.00003
2004	12	20	24	0.00000	0.00004	0.00002
2004	12	21	24	0.00000	0.00002	0.00001
2004	12	22	24	0.00000	0.00001	0.00000
2004	12	23	24	0.00000	0.00001	0.00000
2004	12	24	24	0.00000	0.00000	0.00000
2004	12	25	24	0.00000	0.00005	0.00002
2004	12	26	24	0.00049	0.00052	0.00050
2004	12	27	24	0.00027	0.00031	0.00028
2004	12	28	24	0.00015	0.00018	0.00016
2004	12	29	24	0.00009	0.00017	0.00012
2004	12	30	24	0.00008	0.00035	0.00017
2004	12	31	24	0.00013	0.00096	0.00042
2005	 1	 1	24	0.00026	0.00158	0.00072
2005	 1	 2	24	0.00129	0.01269	0.00531
2005	 1	 3	24	0.00440	0.02051	0.01009
2005	 1	 4	24	0.00512	0.03642	0.01617
2005	 1	 5	24	0.00667	0.05752	0.02463
2005	 1	 6	24	0.00597	0.05435	0.02306
2005	 1	 7	24	0.00511	0.07995	0.03153
2005	 1	 8	24	0.00276	0.12398	0.04556
2005	 1	 9	24	0.00149	0.09919	0.03599
2005	 1	10	24	0.00081	0.08143	0.02928
2005	 1	11	24	0.00044	0.05214	0.01869
2005	 1	12	24	0.00024	0.03304	0.01182
2005	 1	13	24	0.00013	0.01923	0.00687
2005	 1	14	24	0.00007	0.01072	0.00383
2005	 1	15	24	0.00004	0.00605	0.00216
2005	 1	16	24	0.00002	0.00404	0.00144
2005	 1	17	24	0.00001	0.00245	0.00087
2005	 1	18	24	0.00001	0.00132	0.00047
2005	 1	19	24	0.00000	0.00072	0.00025
2005	 1	20	24	0.21817	0.14379	0.19190
2005	 1	21	24	0.21166	0.07817	0.16453
2005	 1	22	24	0.11867	0.04260	0.09181
2005	 1	23	24	0.06710	0.02316	0.05159
2005	 1	24	24	0.03628	0.01252	0.02789
2005	 1	25	24	0.01961	0.00677	0.01508
2005	 1	26	24	0.01060	0.00366	0.00815
2005	 1	27	24	0.00573	0.00198	0.00441
2005	 1	28	24	0.00310	0.00107	0.00238
2005	 1	29	24	0.00168	0.00058	0.00129
2005	 1	30	24	0.00091	0.00031	0.00070
2005	 1	31	24	0.00056	0.00017	0.00042
2005	 2	 1	24	0.00032	0.00009	0.00024
2005	 2	 2	24	0.00035	0.00005	0.00024
2005	 2	 3	24	0.00050	0.00003	0.00033
2005	 2	 4	24	0.00067	0.00001	0.00044
2005	 2	 5	24	0.00129	0.00001	0.00084
2005	 2	 6	24	0.00166	0.00000	0.00107
2005	 2	 7	24	0.00185	0.00000	0.00119
2005	 2	 8	24	0.00187	0.00000	0.00121
2005	 2	 9	24	0.00412	0.00000	0.00266
2005	 2	10	24	0.03888	0.00000	0.02515
2005	 2	11	24	0.07802	0.00000	0.05047
2005	 2	12	24	0.46580	0.05679	0.32137
2005	 2	13	24	0.32848	0.03134	0.22356
2005	 2	14	24	0.17954	0.01695	0.12213
2005	 2	15	24	0.09858	0.00916	0.06701
2005	 2	16	24	0.05477	0.00495	0.03718
2005	 2	17	24	0.02961	0.00268	0.02010
2005	 2	18	24	0.01601	0.00145	0.01087
2005	 2	19	24	0.00865	0.00078	0.00587
2005	 2	20	24	0.00468	0.00042	0.00318
2005	 2	21	24	0.00253	0.00023	0.00172
2005	 2	22	24	0.00137	0.00012	0.00093
2005	 2	23	24	0.00074	0.00007	0.00050
2005	 2	24	24	0.00040	0.00004	0.00027
2005	 2	25	24	0.00022	0.00002	0.00015
2005	 2	26	24	0.00012	0.00001	0.00008
2005	 2	27	24	0.00006	0.00001	0.00004
2005	 2	28	24	0.00003	0.00000	0.00002
2005	 3	 1	24	0.00002	0.00000	0.00001
2005	 3	 2	24	0.00001	0.00000	0.00001
2005	 3	 3	24	0.00001	0.00000	0.00000
2005	 3	 4	24	0.00000	0.00000	0.00000
2005	 3	 5	24	0.00000	0.00000	0.00000
2005	 3	 6	24	0.00000	0.00000	0.00000
2005	 3	 7	24	0.00000	0.00000	0.00000
2005	 3	 8	24	0.00000	0.00000	0.00000
2005	 3	 9	24	0.00000	0.00000	0.00000
2005	 3	10	24	0.00001	0.00000	0.00000
2005	 3	11	24	0.00040	0.00000	0.00026
2005	 3	12	24	0.00102	0.00000	0.00066
2005	 3	13	24	0.00107	0.00000	0.00069
2005	 3	14	24	0.00182	0.00000	0.00118
2005	 3	15	24	0.00597	0.00000	0.00386
2005	 3	16	24	0.04005	0.01387	0.03080
2005	 3	17	24	0.88574	0.13622	0.62108
2005	 3	18	24	3.89807	3.08471	3.61086
2005	 3	19	24	2.13330	1.87001	2.04033
2005	 3	20	24	1.17800	1.04604	1.13140
2005	 3	21	24	0.66395	0.61711	0.64741
2005	 3	22	24	0.38778	0.39552	0.39052
2005	 3	23	24	0.24204	0.42120	0.30530
2005	 3	24	24	0.36408	1.66383	0.82304
2005	 3	25	24	1.01939	3.32167	1.83235
2005	 3	26	24	0.85893	3.47921	1.78418
2005	 3	27	24	0.69765	3.00266	1.51157
2005	 3	28	24	0.52021	2.37632	1.17563
2005	 3	29	24	0.43254	1.90286	0.95172
2005	 3	30	24	0.28492	1.22463	0.61674
2005	 3	31	24	0.15788	0.73808	0.36275
2005	 4	 1	24	0.08966	0.48258	0.22841
2005	 4	 2	24	0.07084	0.36691	0.17539
2005	 4	 3	24	0.05320	0.64213	0.26116
2005	 4	 4	24	0.02876	1.19896	0.44197
2005	 4	 5	24	0.01555	1.03237	0.37460
2005	 4	 6	24	0.00841	0.69111	0.24948
2005	 4	 7	24	0.00454	0.39449	0.14224
2005	 4	 8	24	0.00246	0.21792	0.07854
2005	 4	 9	24	0.00133	0.12115	0.04364
2005	 4	10	24	0.00072	0.06652	0.02395
2005	 4	11	24	0.00039	0.03636	0.01309
2005	 4	12	24	0.00021	0.01966	0.00708
2005	 4	13	24	0.00011	0.01063	0.00383
2005	 4	14	24	0.00006	0.00575	0.00207
2005	 4	15	24	0.00003	0.00311	0.00112
2005	 4	16	24	0.00002	0.00168	0.00060
2005	 4	17	24	0.00001	0.00091	0.00033
2005	 4	18	24	0.00001	0.00049	0.00018
2005	 4	19	24	0.00000	0.00027	0.00010
2005	 4	20	24	0.00000	0.00014	0.00005
2005	 4	21	24	0.00000	0.00008	0.00003
2005	 4	22	24	0.00000	0.00004	0.00002
2005	 4	23	24	0.00000	0.00002	0.00001
2005	 4	24	24	0.00000	0.00001	0.00000
2005	 4	25	24	0.00000	0.00001	0.00000
2005	 4	26	24	0.00000	0.00000	0.00000
2005	 4	27	24	0.00000	0.00000	0.00000
2005	 4	28	24	0.00000	0.00000	0.00000
2005	 4	29	24	0.00000	0.00000	0.00000
2005	 4	30	24	0.00000	0.00000	0.00000
2005	 5	 1	24	0.00000	0.00000	0.00000
2005	 5	 2	24	0.00000	0.00000	0.00000
2005	 5	 3	24	0.00000	0.00000	0.00000
2005	 5	 4	24	0.00000	0.00000	0.00000
2005	 5	 5	24	0.00000	0.00000	0.00000
2005	 5	 6	24	0.00000	0.00000	0.00000
2005	 5	 7	24	0.00000	0.00000	0.00000
2005	 5	 8	24	0.00000	0.00000	0.00000
2005	 5	 9	24	0.00000	0.00000	0.00000
2005	 5	10	24	0.00000	0.00000	0.00000
2005	 5	11	24	0.00000	0.00000	0.00000
2005	 5	12	24	0.00000	0.00000	0.00000
2005	 5	13	24	0.00000	0.00000	0.00000
2005	 5	14	24	0.00000	0.00000	0.00000
2005	 5	15	24	0.00000	0.00000	0.00000
2005	 5	16	24	0.00061	0.00978	0.00385
2005	 5	17	24	0.00033	0.00529	0.00208
2005	 5	18	24	0.00018	0.00286	0.00112
2005	 5	19	24	0.00010	0.00155	0.00061
2005	 5	20	24	0.00005	0.00084	0.00033
2005	 5	21	24	0.00003	0.00045	0.00018
2005	 5	22	24	0.00002	0.00024	0.00010
2005	 5	23	24	0.00026	0.00021	0.00024
2005	 5	24	24	0.00014	0.00011	0.00013
2005	 5	25	24	0.00008	0.00006	0.00007
2005	 5	26	24	0.00004	0.00003	0.00004
2005	 5	27	24	0.00002	0.00002	0.00002
2005	 5	28	24	0.00001	0.00001	0.00001
2005	 5	29	24	0.00001	0.00001	0.00001
2005	 5	30	24	0.00000	0.00000	0.00000
2005	 5	31	24	0.00000	0.00000	0.00000
2005	 6	 1	24	0.00000	0.00000	0.00000
2005	 6	 2	24	0.00000	0.00000	0.00000
2005	 6	 3	24	0.00000	0.00000	0.00000
2005	 6	 4	24	0.00000	0.00000	0.00000
2005	 6	 5	24	0.00000	0.00000	0.00000
2005	 6	 6	24	0.00000	0.00000	0.00000
2005	 6	 7	24	0.00000	0.00000	0.00000
2005	 6	 8	24	0.00000	0.00000	0.00000
2005	 6	 9	24	0.00000	0.00000	0.00000
2005	 6	10	24	0.00000	0.00000	0.00000
2005	 6	11	24	0.00000	0.00000	0.00000
2005	 6	12	24	0.00000	0.00000	0.00000
2005	 6	13	24	0.00000	0.00000	0.00000
2005	 6	14	24	0.03427	0.22459	0.10147
2005	 6	15	24	0.01853	0.12142	0.05486
2005	 6	16	24	0.01002	0.06564	0.02966
2005	 6	17	24	0.00541	0.03549	0.01603
2005	 6	18	24	0.00293	0.01919	0.00867
2005	 6	19	24	0.00158	0.01037	0.00469
2005	 6	20	24	0.00086	0.00561	0.00253
2005	 6	21	24	0.00046	0.00303	0.00137
2005	 6	22	24	0.00025	0.00164	0.00074
2005	 6	23	24	0.00014	0.00089	0.00040
2005	 6	24	24	0.00007	0.00048	0.00022
2005	 6	25	24	0.00004	0.00026	0.00012
2005	 6	26	24	0.00002	0.00014	0.00006
2005	 6	27	24	0.00001	0.00008	0.00003
2005	 6	28	24	0.00001	0.00004	0.00002
2005	 6	29	24	0.00000	0.00002	0.00001
2005	 6	30	24	0.00000	0.00001	0.00001
2005	 7	 1	24	0.00000	0.00001	0.00000
2005	 7	 2	24	0.00000	0.00000	0.00000
2005	 7	 3	24	0.00000	0.00000	0.00000
2005	 7	 4	24	0.00000	0.00000	0.00000
2005	 7	 5	24	0.00415	0.00818	0.00557
2005	 7	 6	24	0.00224	0.00442	0.00301
2005	 7	 7	24	0.00121	0.00239	0.00163
2005	 7	 8	24	0.00077	0.00133	0.00097
2005	 7	 9	24	0.00042	0.00072	0.00052
2005	 7	10	24	0.00023	0.00039	0.00028
2005	 7	11	24	0.00012	0.00021	0.00015
2005	 7	12	24	0.00007	0.00011	0.00008
2005	 7	13	24	0.00004	0.00006	0.00004
2005	 7	14	24	0.00002	0.00003	0.00002
2005	 7	15	24	0.00001	0.00002	0.00001
2005	 7	16	24	0.00001	0.00001	0.00001
2005	 7	17	24	0.00000	0.00001	0.00000
2005	 7	18	24	0.00000	0.00000	0.00000
2005	 7	19	24	0.00032	0.00003	0.00022
2005	 7	20	24	0.00017	0.00001	0.00012
2005	 7	21	24	0.00009	0.00001	0.00006
2005	 7	22	24	0.00005	0.00000	0.00003
2005	 7	23	24	0.00003	0.00000	0.00002
2005	 7	24	24	0.00001	0.00000	0.00001
2005	 7	25	24	0.00001	0.00000	0.00001
2005	 7	26	24	0.00000	0.00000	0.00000
2005	 7	27	24	0.00000	0.00000	0.00000
2005	 7	28	24	0.00000	0.00000	0.00000
2005	 7	29	24	0.00000	0.00000	0.00000
2005	 7	30	24	0.00000	0.00000	0.00000
2005	 7	31	24	0.00000	0.00000	0.00000
2005	 8	 1	24	0.00000	0.00000	0.00000
2005	 8	 2	24	0.00000	0.00000	0.00000
2005	 8	 3	24	0.00000	0.00000	0.00000
2005	 8	 4	24	0.00000	0.00000	0.00000
2005	 8	 5	24	0.00000	0.00000	0.00000
2005	 8	 6	24	0.00000	0.00000	0.00000
2005	 8	 7	24	0.00000	0.00000	0.00000
2005	 8	 8	24	0.00000	0.00000	0.00000
2005	 8	 9	24	0.00000	0.00000	0.00000
2005	 8	10	24	0.00000	0.00000	0.00000
2005	 8	11	24	0.00000	0.00000	0.00000
2005	 8	12	24	0.00000	0.00000	0.00000
2005	 8	13	24	0.00000	0.00000	0.00000
2005	 8	14	24	0.00000	0.00000	0.00000
2005	 8	15	24	0.00000	0.00000	0.00000
2005	 8	16	24	0.00000	0.00000	0.00000
2005	 8	17	24	0.00000	0.00000	0.00000
2005	 8	18	24	0.00000	0.00000	0.00000
2005	 8	19	24	0.00000	0.00000	0.00000
2005	 8	20	24	0.00000	0.00005	0.00002
2005	 8	21	24	0.00000	0.00003	0.00001
2005	 8	22	24	0.00412	0.05201	0.02103
2005	 8	23	24	0.00223	0.02812	0.01137
2005	 8	24	24	0.00120	0.01520	0.00615
2005	 8	25	24	0.00065	0.00822	0.00332
2005	 8	26	24	0.00035	0.00444	0.00180
2005	 8	27	24	0.00019	0.00240	0.00097
2005	 8	28	24	0.00010	0.00130	0.00053
2005	 8	29	24	0.00006	0.00070	0.00028
2005	 8	30	24	0.00003	0.00038	0.00015
2005	 8	31	24	0.00002	0.00021	0.00008
2005	 9	 1	24	0.00001	0.00011	0.00004
2005	 9	 2	24	0.00000	0.00006	0.00002
2005	 9	 3	24	0.00000	0.00003	0.00001
2005	 9	 4	24	0.00000	0.00002	0.00001
2005	 9	 5	24	0.00000	0.00001	0.00000
2005	 9	 6	24	0.00000	0.00001	0.00000
2005	 9	 7	24	0.00000	0.00000	0.00000
2005	 9	 8	24	0.00000	0.00000	0.00000
2005	 9	 9	24	0.00000	0.00000	0.00000
2005	 9	10	24	0.04473	0.08191	0.05786
2005	 9	11	24	0.02418	0.04428	0.03128
2005	 9	12	24	0.03535	0.05830	0.04345
2005	 9	13	24	0.01911	0.03152	0.02349
2005	 9	14	24	0.01033	0.01704	0.01270
2005	 9	15	24	0.00559	0.00921	0.00687
2005	 9	16	24	0.00302	0.00498	0.00371
2005	 9	17	24	0.00163	0.00269	0.00201
2005	 9	18	24	0.00088	0.00146	0.00108
2005	 9	19	24	0.00048	0.00079	0.00059
2005	 9	20	24	0.00026	0.00043	0.00032
2005	 9	21	24	0.00014	0.00023	0.00017
2005	 9	22	24	0.00008	0.00012	0.00009
2005	 9	23	24	0.00004	0.00007	0.00005
2005	 9	24	24	0.00002	0.00004	0.00003
2005	 9	25	24	0.00001	0.00002	0.00001
2005	 9	26	24	0.00001	0.00001	0.00001
2005	 9	27	24	0.00000	0.00001	0.00000
2005	 9	28	24	0.00000	0.00000	0.00000
2005	 9	29	24	0.00000	0.00000	0.00000
2005	 9	30	24	0.00000	0.00000	0.00000
2005	10	 1	24	0.00000	0.00000	0.00000
2005	10	 2	24	0.00000	0.00000	0.00000
2005	10	 3	24	0.00000	0.00000	0.00000
2005	10	 4	24	0.00000	0.00000	0.00000
2005	10	 5	24	0.00000	0.00000	0.00000
2005	10	 6	24	0.00000	0.00000	0.00000
2005	10	 7	24	0.00000	0.00000	0.00000
2005	10	 8	24	0.00000	0.00000	0.00000
2005	10	 9	24	0.00000	0.00000	0.00000
2005	10	10	24	0.00000	0.00000	0.00000
2005	10	11	24	0.00000	0.00000	0.00000
2005	10	12	24	0.00000	0.00000	0.00000
2005	10	13	24	0.00000	0.00000	0.00000
2005	10	14	24	0.00000	0.00000	0.00000
2005	10	15	24	0.00000	0.00000	0.00000
2005	10	16	24	0.00000	0.00000	0.00000
2005	10	17	24	0.00000	0.00000	0.00000
2005	10	18	24	0.00000	0.00000	0.00000
2005	10	19	24	0.00000	0.00000	0.00000
2005	10	20	24	0.00000	0.00000	0.00000
2005	10	21	24	0.00000	0.00000	0.00000
2005	10	22	24	0.00000	0.00000	0.00000
2005	10	23	24	0.00000	0.00000	0.00000
2005	10	24	24	0.00000	0.00000	0.00000
2005	10	25	24	0.00000	0.00000	0.00000
2005	10	26	24	0.00000	0.00000	0.00000
2005	10	27	24	0.00000	0.00000	0.00000
2005	10	28	24	0.00000	0.00000	0.00000
2005	10	29	24	0.00000	0.00000	0.00000
2005	10	30	24	0.00000	0.00000	0.00000
2005	10	31	24	0.00000	0.00000	0.00000
2005	11	 1	24	0.00000	0.00000	0.00000
2005	11	 2	24	0.00000	0.00000	0.00000
2005	11	 3	24	0.00000	0.00000	0.00000
2005	11	 4	24	0.00000	0.00000	0.00000
2005	11	 5	24	0.00000	0.00000	0.00000
2005	11	 6	24	0.00000	0.00000	0.00000
2005	11	 7	24	0.00000	0.00000	0.00000
2005	11	 8	24	0.00000	0.00000	0.00000
2005	11	 9	24	0.00000	0.00000	0.00000
2005	11	10	24	0.00000	0.00000	0.00000
2005	11	11	24	0.00000	0.00000	0.00000
2005	11	12	24	0.00000	0.00000	0.00000
2005	11	13	24	0.00000	0.00000	0.00000
2005	11	14	24	0.00000	0.00000	0.00000
2005	11	15	24	0.00000	0.00000	0.00000
2005	11	16	24	0.00000	0.00000	0.00000
2005	11	17	24	0.00000	0.00000	0.00000
2005	11	18	24	0.00000	0.00000	0.00000
2005	11	19	24	0.00000	0.00000	0.00000
2005	11	20	24	0.00000	0.00000	0.00000
2005	11	21	24	0.00000	0.00000	0.00000
2005	11	22	24	0.00000	0.00000	0.00000
2005	11	23	24	0.00000	0.00000	0.00000
2005	11	24	24	0.00000	0.00000	0.00000
2005	11	25	24	0.00003	0.00000	0.00002
2005	11	26	24	0.00039	0.00000	0.00025
2005	11	27	24	0.00034	0.00000	0.00022
2005	11	28	24	0.00032	0.00000	0.00021
2005	11	29	24	0.00027	0.00000	0.00018
2005	11	30	24	0.00020	0.00000	0.00013
2005	12	 1	24	0.00018	0.00000	0.00012
2005	12	 2	24	0.00015	0.00000	0.00010
2005	12	 3	24	0.00022	0.00000	0.00014
2005	12	 4	24	0.00202	0.00000	0.00131
2005	12	 5	24	0.00282	0.00000	0.00182
2005	12	 6	24	0.00294	0.00000	0.00190
2005	12	 7	24	0.00266	0.00000	0.00172
2005	12	 8	24	0.00279	0.00000	0.00180
2005	12	 9	24	0.00183	0.00000	0.00118
2005	12	10	24	0.00146	0.00000	0.00094
2005	12	11	24	0.00101	0.00000	0.00065
2005	12	12	24	0.00065	0.00000	0.00042
2005	12	13	24	0.00042	0.00000	0.00028
2005	12	14	24	0.00046	0.00023	0.00038
2005	12	15	24	0.00725	0.00124	0.00513
2005	12	16	24	0.10932	0.00070	0.07096
2005	12	17	24	0.05910	0.00038	0.03836
2005	12	18	24	0.03195	0.00020	0.02074
2005	12	19	24	0.01769	0.00011	0.01148
2005	12	20	24	0.01139	0.00006	0.00739
2005	12	21	24	0.00679	0.00003	0.00441
2005	12	22	24	0.00654	0.00002	0.00424
2005	12	23	24	0.00808	0.00001	0.00523
2005	12	24	24	0.00987	0.00001	0.00639
2005	12	25	24	0.00822	0.00000	0.00532
2005	12	26	24	0.01087	0.00000	0.00703
2005	12	27	24	0.00836	0.00000	0.00541
2005	12	28	24	0.00452	0.00000	0.00292
2005	12	29	24	0.00244	0.00000	0.00158
2005	12	30	24	0.00135	0.00000	0.00088
2005	12	31	24	0.00096	0.00000	0.00062
2006	 1	 1	24	0.00201	0.00000	0.00130
2006	 1	 2	24	0.00242	0.00000	0.00156
2006	 1	 3	24	0.00312	0.00000	0.00202
2006	 1	 4	24	0.00173	0.00000	0.00112
2006	 1	 5	24	0.00122	0.00000	0.00079
2006	 1	 6	24	0.00188	0.00000	0.00122
2006	 1	 7	24	0.00224	0.00000	0.00145
2006	 1	 8	24	0.00174	0.00000	0.00113
2006	 1	 9	24	0.00518	0.00000	0.00335
2006	 1	10	24	0.00665	0.00000	0.00430
2006	 1	11	24	0.00721	0.00000	0.00467
2006	 1	12	24	0.00535	0.00000	0.00346
2006	 1	13	24	0.00398	0.00000	0.00257
2006	 1	14	24	0.00337	0.00000	0.00218
2006	 1	15	24	0.00240	0.00000	0.00156
2006	 1	16	24	0.00185	0.00000	0.00120
2006	 1	17	24	0.00255	0.00000	0.00165
2006	 1	18	24	0.00202	0.00000	0.00131
2006	 1	19	24	0.00109	0.00000	0.00071
2006	 1	20	24	0.00140	0.00000	0.00091
2006	 1	21	24	0.01935	0.00000	0.01252
2006	 1	22	24	0.01046	0.00000	0.00677
2006	 1	23	24	0.00567	0.00000	0.00367
2006	 1	24	24	0.00416	0.00000	0.00269
2006	 1	25	24	0.00226	0.00000	0.00146
2006	 1	26	24	0.00124	0.00000	0.00080
2006	 1	27	24	0.00131	0.00000	0.00084
2006	 1	28	24	0.00227	0.00000	0.00147
2006	 1	29	24	0.00257	0.00000	0.00166
2006	 1	30	24	0.00256	0.00000	0.00165
2006	 1	31	24	0.00250	0.00000	0.00162
2006	 2	 1	24	0.00314	0.00059	0.00224
2006	 2	 2	24	0.00302	0.00074	0.00222
2006	 2	 3	24	0.00175	0.00041	0.00128
2006	 2	 4	24	0.00095	0.00022	0.00069
2006	 2	 5	24	0.00051	0.00012	0.00037
2006	 2	 6	24	0.00028	0.00006	0.00020
2006	 2	 7	24	0.07230	0.00069	0.04701
2006	 2	 8	24	0.05542	0.00044	0.03601
2006	 2	 9	24	0.03431	0.00029	0.02229
2006	 2	10	24	0.02220	0.00016	0.01442
2006	 2	11	24	0.01316	0.00008	0.00854
2006	 2	12	24	0.00875	0.00005	0.00568
2006	 2	13	24	0.00743	0.00002	0.00481
2006	 2	14	24	0.00799	0.00001	0.00517
2006	 2	15	24	0.00877	0.00001	0.00568
2006	 2	16	24	0.01221	0.00000	0.00790
2006	 2	17	24	0.01569	0.00015	0.01020
2006	 2	18	24	0.01640	0.00035	0.01073
2006	 2	19	24	0.01755	0.00084	0.01165
2006	 2	20	24	0.01539	0.00094	0.01029
2006	 2	21	24	0.01151	0.00090	0.00776
2006	 2	22	24	0.00624	0.00049	0.00421
2006	 2	23	24	0.00353	0.00026	0.00238
2006	 2	24	24	0.00296	0.00014	0.00196
2006	 2	25	24	0.00168	0.00008	0.00111
2006	 2	26	24	0.00091	0.00004	0.00060
2006	 2	27	24	0.00049	0.00002	0.00032
2006	 2	28	24	0.00026	0.00001	0.00018
2006	 3	 1	24	0.00015	0.00001	0.00010
2006	 3	 2	24	0.00019	0.00000	0.00012
2006	 3	 3	24	0.00052	0.00000	0.00034
2006	 3	 4	24	0.00066	0.00000	0.00043
2006	 3	 5	24	0.00125	0.00000	0.00081
2006	 3	 6	24	0.00170	0.00000	0.00110
2006	 3	 7	24	0.00179	0.00000	0.00116
2006	 3	 8	24	0.00227	0.00000	0.00147
2006	 3	 9	24	0.00575	0.00000	0.00372
2006	 3	10	24	0.00756	0.00000	0.00489
2006	 3	11	24	0.00889	0.00000	0.00575
2006	 3	12	24	0.00481	0.00000	0.00311
2006	 3	13	24	0.00260	0.00000	0.00168
2006	 3	14	24	0.00141	0.00000	0.00091
2006	 3	15	24	0.00076	0.00000	0.00049
2006	 3	16	24	0.00041	0.00000	0.00027
2006	 3	17	24	0.00023	0.00000	0.00015
2006	 3	18	24	0.00014	0.00000	0.00009
2006	 3	19	24	0.00025	0.00000	0.00016
2006	 3	20	24	0.00101	0.00000	0.00065
2006	 3	21	24	0.00230	0.00000	0.00148
2006	 3	22	24	0.00295	0.00000	0.00191
2006	 3	23	24	0.00337	0.00000	0.00218
2006	 3	24	24	0.00376	0.00025	0.00252
2006	 3	25	24	0.00604	0.00104	0.00428
2006	 3	26	24	0.03462	0.18269	0.08691
2006	 3	27	24	0.28154	1.02923	0.54556
2006	 3	28	24	0.30407	1.32145	0.66332
2006	 3	29	24	0.23909	1.42051	0.65626
2006	 3	30	24	0.56996	3.37294	1.55972
2006	 3	31	24	0.53558	3.69343	1.65065
2006	 4	 1	24	0.52003	3.99668	1.74767
2006	 4	 2	24	0.48595	4.10681	1.76451
2006	 4	 3	24	0.32194	3.23708	1.35131
2006	 4	 4	24	0.17837	1.80008	0.75101
2006	 4	 5	24	0.09906	1.00277	0.41817
2006	 4	 6	24	0.05735	0.58975	0.24535
2006	 4	 7	24	0.03597	0.39450	0.16257
2006	 4	 8	24	0.02537	0.33230	0.13375
2006	 4	 9	24	0.01802	0.34719	0.13426
2006	 4	10	24	0.01207	0.25011	0.09613
2006	 4	11	24	0.00773	0.16897	0.06466
2006	 4	12	24	0.00518	0.12201	0.04643
2006	 4	13	24	0.00518	0.16558	0.06182
2006	 4	14	24	0.00555	0.22973	0.08471
2006	 4	15	24	0.02323	0.50152	0.19212
2006	 4	16	24	0.04979	1.85295	0.68651
2006	 4	17	24	0.03038	2.42502	0.87595
2006	 4	18	24	0.01642	1.84514	0.66216
2006	 4	19	24	0.00888	1.39692	0.49901
2006	 4	20	24	0.00480	1.34208	0.47701
2006	 4	21	24	0.00259	1.10525	0.39195
2006	 4	22	24	0.00140	0.68809	0.24388
2006	 4	23	24	0.00076	0.38094	0.13500
2006	 4	24	24	0.00041	0.20668	0.07325
2006	 4	25	24	0.00022	0.11174	0.03960
2006	 4	26	24	0.00012	0.06041	0.02141
2006	 4	27	24	0.00006	0.03266	0.01157
2006	 4	28	24	0.00004	0.01766	0.00626
2006	 4	29	24	0.00002	0.00954	0.00338
