YY	MM	DD	HH	"1"	"2"	tot_average
gebildeter Gesamtabfluss in mm je Zone (Summe aus QBB, QB, QI und QD)soil_model
--	--	--	--	0.6468891	0.3531109	1.0000
2000	 8	 1	24	0.51394	0.63571	0.55694
2000	 8	 2	24	0.50115	0.61693	0.54203
2000	 8	 3	24	0.48986	0.59945	0.52856
2000	 8	 4	24	0.47963	0.58312	0.51618
2000	 8	 5	24	0.47032	0.56768	0.50470
2000	 8	 6	24	0.46175	0.55313	0.49402
2000	 8	 7	24	0.45435	0.54159	0.48516
2000	 8	 8	24	0.44805	0.52936	0.47676
2000	 8	 9	24	0.44097	0.51670	0.46771
2000	 8	10	24	0.43422	0.50467	0.45909
2000	 8	11	24	0.42791	0.49323	0.45097
2000	 8	12	24	0.42173	0.48231	0.44312
2000	 8	13	24	0.41577	0.47190	0.43559
2000	 8	14	24	0.41002	0.46195	0.42836
2000	 8	15	24	0.40448	0.45243	0.42141
2000	 8	16	24	0.40320	0.48839	0.43328
2000	 8	17	24	0.39844	0.48852	0.43025
2000	 8	18	24	0.39340	0.48296	0.42503
2000	 8	19	24	0.38846	0.47568	0.41926
2000	 8	20	24	0.42955	0.46700	0.44277
2000	 8	21	24	2.12287	0.94085	1.70549
2000	 8	22	24	1.66647	1.09535	1.46480
2000	 8	23	24	1.32547	1.04752	1.22732
2000	 8	24	24	1.08490	0.95042	1.03742
2000	 8	25	24	0.91818	0.87446	0.90274
2000	 8	26	24	0.79856	0.81755	0.80527
2000	 8	27	24	0.70966	0.76878	0.73054
2000	 8	28	24	0.68115	0.72819	0.69776
2000	 8	29	24	0.62215	0.69436	0.64765
2000	 8	30	24	0.57485	0.66569	0.60693
2000	 8	31	24	0.53796	0.64053	0.57418
2000	 9	 1	24	0.51527	0.61983	0.55219
2000	 9	 2	24	0.49866	0.61446	0.53955
2000	 9	 3	24	3.15559	2.76293	3.01693
2000	 9	 4	24	2.34333	2.39237	2.36064
2000	 9	 5	24	1.79077	2.00930	1.86793
2000	 9	 6	24	2.03487	2.45320	2.18259
2000	 9	 7	24	1.60719	2.22346	1.82480
2000	 9	 8	24	1.29802	1.87021	1.50007
2000	 9	 9	24	1.08387	1.64969	1.28367
2000	 9	10	24	0.92957	1.50937	1.13430
2000	 9	11	24	0.81549	1.40299	1.02294
2000	 9	12	24	0.72931	1.30745	0.93346
2000	 9	13	24	0.66338	1.22549	0.86187
2000	 9	14	24	0.61342	1.15431	0.80441
2000	 9	15	24	0.57316	1.09041	0.75581
2000	 9	16	24	0.54124	1.03602	0.71595
2000	 9	17	24	0.51648	0.98969	0.68357
2000	 9	18	24	0.49580	0.94873	0.65574
2000	 9	19	24	0.47868	0.91240	0.63183
2000	 9	20	24	0.46422	0.87994	0.61102
2000	 9	21	24	0.45182	0.85067	0.59266
2000	 9	22	24	0.44209	0.82507	0.57732
2000	 9	23	24	0.43265	0.80024	0.56245
2000	 9	24	24	0.42423	0.77655	0.54864
2000	 9	25	24	0.41667	0.75378	0.53571
2000	 9	26	24	0.40978	0.73250	0.52374
2000	 9	27	24	0.40338	0.71256	0.51255
2000	 9	28	24	0.39752	0.69393	0.50218
2000	 9	29	24	0.39187	0.67636	0.49233
2000	 9	30	24	0.38646	0.65953	0.48288
2000	10	 1	24	1.16122	1.54802	1.29780
2000	10	 2	24	1.01878	1.81459	1.29979
2000	10	 3	24	0.86442	1.71446	1.16458
2000	10	 4	24	0.74837	1.56984	1.03844
2000	10	 5	24	0.78545	1.47845	1.03016
2000	10	 6	24	1.53960	1.75803	1.61673
2000	10	 7	24	4.26572	2.95810	3.80399
2000	10	 8	24	3.12415	2.80485	3.01140
2000	10	 9	24	2.33401	2.36168	2.34378
2000	10	10	24	1.81698	2.06581	1.90484
2000	10	11	24	1.46621	1.85106	1.60210
2000	10	12	24	1.21751	1.68487	1.38254
2000	10	13	24	1.03444	1.55042	1.21664
2000	10	14	24	0.89652	1.43560	1.08687
2000	10	15	24	0.79114	1.34107	0.98533
2000	10	16	24	0.70921	1.26176	0.90432
2000	10	17	24	0.64564	1.19412	0.83931
2000	10	18	24	0.74908	1.14120	0.88754
2000	10	19	24	0.68942	1.26423	0.89239
2000	10	20	24	0.63096	1.21253	0.83632
2000	10	21	24	0.58530	1.15739	0.78731
2000	10	22	24	0.54928	1.10835	0.74669
2000	10	23	24	0.52046	1.06390	0.71236
2000	10	24	24	0.49740	1.02082	0.68223
2000	10	25	24	0.47875	0.98147	0.65627
2000	10	26	24	0.60089	0.94611	0.72280
2000	10	27	24	0.58157	0.98246	0.72313
2000	10	28	24	0.54566	0.94970	0.68833
2000	10	29	24	0.51563	0.91697	0.65735
2000	10	30	24	0.49106	0.88595	0.63050
2000	10	31	24	0.47078	0.85562	0.60667
2000	11	 1	24	0.45405	0.82668	0.58563
2000	11	 2	24	0.44002	0.79965	0.56701
2000	11	 3	24	0.52961	0.77419	0.61598
2000	11	 4	24	0.51601	0.83352	0.62813
2000	11	 5	24	0.48919	0.81499	0.60423
2000	11	 6	24	0.46623	0.79202	0.58127
2000	11	 7	24	0.46645	0.76774	0.57284
2000	11	 8	24	0.45048	0.77526	0.56516
2000	11	 9	24	0.43391	0.75087	0.54583
2000	11	10	24	0.42003	0.72756	0.52862
2000	11	11	24	0.40825	0.70560	0.51324
2000	11	12	24	0.39814	0.68490	0.49940
2000	11	13	24	0.38937	0.66535	0.48682
2000	11	14	24	0.39320	0.64688	0.48278
2000	11	15	24	0.38927	0.63907	0.47748
2000	11	16	24	0.38182	0.62220	0.46670
2000	11	17	24	0.52064	0.60737	0.55126
2000	11	18	24	0.50601	0.62546	0.54819
2000	11	19	24	0.47380	0.61204	0.52262
2000	11	20	24	0.44712	0.59650	0.49987
2000	11	21	24	0.42536	0.58342	0.48117
2000	11	22	24	0.40764	0.56989	0.46493
2000	11	23	24	0.39261	0.55580	0.45023
2000	11	24	24	0.73810	0.58730	0.68486
2000	11	25	24	1.16144	0.76197	1.02038
2000	11	26	24	1.26329	0.92460	1.14369
2000	11	27	24	1.06731	0.95108	1.02627
2000	11	28	24	0.91264	0.92161	0.91581
2000	11	29	24	0.78343	0.86292	0.81150
2000	11	30	24	0.68580	0.81015	0.72971
2000	12	 1	24	0.61076	0.76522	0.66531
2000	12	 2	24	0.55253	0.72786	0.61445
2000	12	 3	24	0.50674	0.69641	0.57371
2000	12	 4	24	0.47038	0.66957	0.54071
2000	12	 5	24	0.44112	0.64547	0.51328
2000	12	 6	24	0.41746	0.62401	0.49040
2000	12	 7	24	0.39820	0.60400	0.47087
2000	12	 8	24	0.38238	0.58455	0.45377
2000	12	 9	24	0.36947	0.56740	0.43936
2000	12	10	24	0.36698	0.55318	0.43273
2000	12	11	24	0.42460	0.70942	0.52517
2000	12	12	24	0.48029	0.81442	0.59828
2000	12	13	24	0.45020	0.77049	0.56330
2000	12	14	24	0.45119	0.80436	0.57590
2000	12	15	24	1.20948	1.08531	1.16564
2000	12	16	24	1.37048	1.09596	1.27355
2000	12	17	24	1.14636	0.99008	1.09118
2000	12	18	24	0.98404	0.91101	0.95825
2000	12	19	24	0.84056	0.85407	0.84533
2000	12	20	24	0.72700	0.79614	0.75141
2000	12	21	24	0.63947	0.74565	0.67697
2000	12	22	24	0.57138	0.70362	0.61807
2000	12	23	24	0.51768	0.66756	0.57060
2000	12	24	24	0.47511	0.63577	0.53184
2000	12	25	24	0.44136	0.61100	0.50126
2000	12	26	24	0.41457	0.58689	0.47542
2000	12	27	24	0.39247	0.56571	0.45365
2000	12	28	24	0.37567	0.54700	0.43617
2000	12	29	24	0.37154	0.53457	0.42911
2000	12	30	24	0.41415	0.51953	0.45136
2000	12	31	24	0.41642	0.50525	0.44779
2001	 1	 1	24	0.46563	0.49199	0.47494
2001	 1	 2	24	0.51840	0.47966	0.50472
2001	 1	 3	24	0.50823	0.46817	0.49408
2001	 1	 4	24	0.49114	0.46267	0.48108
2001	 1	 5	24	1.25407	0.52651	0.99716
2001	 1	 6	24	1.31310	0.79828	1.13131
2001	 1	 7	24	1.11914	1.05765	1.09742
2001	 1	 8	24	0.93077	1.05868	0.97594
2001	 1	 9	24	0.79093	0.96616	0.85281
2001	 1	10	24	0.74493	0.88450	0.79422
2001	 1	11	24	0.65390	0.81073	0.70928
2001	 1	12	24	0.57865	0.75113	0.63955
2001	 1	13	24	0.51957	0.70157	0.58384
2001	 1	14	24	0.47310	0.66130	0.53955
2001	 1	15	24	0.43628	0.62773	0.50389
2001	 1	16	24	0.40690	0.59934	0.47485
2001	 1	17	24	0.38326	0.57472	0.45087
2001	 1	18	24	0.36411	0.55321	0.43088
2001	 1	19	24	0.34857	0.53399	0.41404
2001	 1	20	24	0.33588	0.51638	0.39961
2001	 1	21	24	0.32542	0.50058	0.38727
2001	 1	22	24	0.31697	0.48641	0.37680
2001	 1	23	24	0.32789	0.47354	0.37932
2001	 1	24	24	0.77780	0.46167	0.66618
2001	 1	25	24	1.16198	0.45060	0.91079
2001	 1	26	24	1.11422	0.44226	0.87694
2001	 1	27	24	1.00948	0.43755	0.80752
2001	 1	28	24	0.91916	0.42897	0.74607
2001	 1	29	24	0.79665	0.42754	0.66631
2001	 1	30	24	0.76616	0.42037	0.64406
2001	 1	31	24	0.67955	0.41245	0.58523
2001	 2	 1	24	0.62963	0.40485	0.55026
2001	 2	 2	24	0.58285	0.39736	0.51735
2001	 2	 3	24	0.52075	0.39019	0.47465
2001	 2	 4	24	0.64512	0.38332	0.55268
2001	 2	 5	24	1.71850	0.40924	1.25619
2001	 2	 6	24	3.09690	0.89536	2.31951
2001	 2	 7	24	4.16089	1.72777	3.30173
2001	 2	 8	24	4.38826	2.09507	3.57851
2001	 2	 9	24	3.90809	2.39385	3.37340
2001	 2	10	24	3.00543	2.09684	2.68460
2001	 2	11	24	2.54121	2.02891	2.36031
2001	 2	12	24	2.56497	2.93395	2.69526
2001	 2	13	24	2.06455	2.87200	2.34967
2001	 2	14	24	1.68091	2.62367	2.01381
2001	 2	15	24	1.43503	2.97322	1.97818
2001	 2	16	24	1.17576	2.95769	1.80498
2001	 2	17	24	0.97826	2.65651	1.57087
2001	 2	18	24	0.84413	2.32739	1.36789
2001	 2	19	24	0.79685	2.08857	1.25297
2001	 2	20	24	0.76502	1.92584	1.17492
2001	 2	21	24	1.13254	1.79499	1.36646
2001	 2	22	24	2.81476	1.66053	2.40719
2001	 2	23	24	2.28464	1.54197	2.02240
2001	 2	24	24	1.83208	1.44271	1.69459
2001	 2	25	24	1.49574	1.35537	1.44617
2001	 2	26	24	1.28715	1.27856	1.28412
2001	 2	27	24	1.27848	1.21305	1.25537
2001	 2	28	24	1.42467	1.15660	1.33001
2001	 3	 1	24	1.73841	1.10576	1.51502
2001	 3	 2	24	1.75444	1.06011	1.50926
2001	 3	 3	24	2.09519	1.01957	1.71538
2001	 3	 4	24	2.46032	0.98290	1.93863
2001	 3	 5	24	2.11011	0.94959	1.70032
2001	 3	 6	24	2.10428	0.91713	1.68509
2001	 3	 7	24	2.46075	0.89047	1.90626
2001	 3	 8	24	3.82407	0.92411	2.80006
2001	 3	 9	24	5.22368	1.58732	3.93964
2001	 3	10	24	6.22267	2.70055	4.97897
2001	 3	11	24	6.65817	3.92575	5.69332
2001	 3	12	24	9.73026	7.81080	9.05248
2001	 3	13	24	8.22022	8.58233	8.34809
2001	 3	14	24	6.55473	7.66401	6.94643
2001	 3	15	24	5.36102	6.77369	5.85985
2001	 3	16	24	4.51050	6.43267	5.18924
2001	 3	17	24	5.24472	7.09337	5.89750
2001	 3	18	24	4.98447	8.15079	6.10253
2001	 3	19	24	4.71529	8.18464	5.94036
2001	 3	20	24	3.83483	7.28357	5.05262
2001	 3	21	24	3.23863	6.11842	4.25552
2001	 3	22	24	3.77911	5.19327	4.27847
2001	 3	23	24	4.30096	4.76812	4.46592
2001	 3	24	24	6.06111	6.66855	6.27560
2001	 3	25	24	6.04807	9.83740	7.38612
2001	 3	26	24	4.88045	9.63714	6.56009
2001	 3	27	24	3.95292	7.74242	5.29103
2001	 3	28	24	3.33569	6.34158	4.39710
2001	 3	29	24	2.76351	5.31659	3.66503
2001	 3	30	24	2.32664	4.54548	3.11014
2001	 3	31	24	1.97294	4.06173	2.71051
2001	 4	 1	24	1.69093	3.54788	2.34664
2001	 4	 2	24	1.45296	3.10947	2.03789
2001	 4	 3	24	1.25979	2.74771	1.78519
2001	 4	 4	24	1.33903	2.46555	1.73682
2001	 4	 5	24	1.20119	2.45319	1.64328
2001	 4	 6	24	1.07822	2.23267	1.48587
2001	 4	 7	24	1.16137	2.05874	1.47824
2001	 4	 8	24	1.30341	1.98997	1.54584
2001	 4	 9	24	1.17212	1.88681	1.42449
2001	 4	10	24	1.06166	1.75446	1.30630
2001	 4	11	24	0.97265	1.62888	1.20437
2001	 4	12	24	0.97575	1.51941	1.16773
2001	 4	13	24	1.34427	1.48878	1.39530
2001	 4	14	24	1.80333	1.39669	1.65974
2001	 4	15	24	2.45264	1.31563	2.05115
2001	 4	16	24	2.98987	1.24398	2.37338
2001	 4	17	24	2.81324	1.26123	2.26521
2001	 4	18	24	2.74327	1.26080	2.21979
2001	 4	19	24	2.44409	1.33288	2.05171
2001	 4	20	24	2.52235	1.43715	2.13915
2001	 4	21	24	2.96670	1.56620	2.47217
2001	 4	22	24	2.66180	1.50262	2.25248
2001	 4	23	24	2.24914	1.40700	1.95177
2001	 4	24	24	1.91858	1.31667	1.70604
2001	 4	25	24	1.94427	1.27996	1.70970
2001	 4	26	24	1.68486	1.36699	1.57262
2001	 4	27	24	1.45433	1.28958	1.39615
2001	 4	28	24	1.28238	1.21373	1.25814
2001	 4	29	24	1.15192	1.14646	1.14999
2001	 4	30	24	1.04713	1.08629	1.06096
2001	 5	 1	24	0.96323	1.03279	0.98780
2001	 5	 2	24	0.89817	0.98492	0.92880
2001	 5	 3	24	1.09397	0.94180	1.04024
2001	 5	 4	24	5.19580	2.15073	4.12055
2001	 5	 5	24	5.06070	2.94060	4.31207
2001	 5	 6	24	4.04663	2.90045	3.64190
2001	 5	 7	24	3.28430	2.65378	3.06165
2001	 5	 8	24	2.71728	2.41968	2.61220
2001	 5	 9	24	2.28381	2.24101	2.26870
2001	 5	10	24	1.92840	2.04544	1.96972
2001	 5	11	24	1.62468	1.86893	1.71093
2001	 5	12	24	1.40573	1.71717	1.51570
2001	 5	13	24	1.24632	1.59317	1.36880
2001	 5	14	24	1.12710	1.48970	1.25514
2001	 5	15	24	1.94718	1.40218	1.75473
2001	 5	16	24	1.67216	1.45891	1.59686
2001	 5	17	24	1.50578	1.38522	1.46321
2001	 5	18	24	1.31563	1.32720	1.31971
2001	 5	19	24	1.17523	1.26213	1.20591
2001	 5	20	24	1.06981	1.20143	1.11629
2001	 5	21	24	0.98916	1.14454	1.04403
2001	 5	22	24	0.92633	1.09069	0.98436
2001	 5	23	24	0.87653	1.04009	0.93428
2001	 5	24	24	0.83644	0.99364	0.89195
2001	 5	25	24	0.80372	0.95127	0.85582
2001	 5	26	24	0.77659	0.91249	0.82458
2001	 5	27	24	0.75379	0.87671	0.79720
2001	 5	28	24	0.91064	0.85321	0.89037
2001	 5	29	24	0.90854	1.01263	0.94529
2001	 5	30	24	0.85862	1.01056	0.91227
2001	 5	31	24	0.88568	1.05392	0.94508
2001	 6	 1	24	0.84280	1.12420	0.94216
2001	 6	 2	24	0.80461	1.10138	0.90941
2001	 6	 3	24	0.87844	1.26869	1.01624
2001	 6	 4	24	1.55480	2.22220	1.79047
2001	 6	 5	24	1.40071	2.34553	1.73434
2001	 6	 6	24	1.21622	2.06097	1.51451
2001	 6	 7	24	1.08135	1.82637	1.34443
2001	 6	 8	24	0.98169	1.64138	1.21463
2001	 6	 9	24	0.90534	1.49978	1.11524
2001	 6	10	24	0.87883	1.38653	1.05811
2001	 6	11	24	0.83575	1.32717	1.00928
2001	 6	12	24	0.79335	1.24510	0.95286
2001	 6	13	24	0.75724	1.17158	0.90355
2001	 6	14	24	0.72749	1.10725	0.86158
2001	 6	15	24	0.70260	1.04948	0.82509
2001	 6	16	24	0.68194	0.99681	0.79312
2001	 6	17	24	0.66509	0.95116	0.76611
2001	 6	18	24	0.65828	0.90868	0.74670
2001	 6	19	24	0.65243	0.89126	0.73676
2001	 6	20	24	0.63816	0.85504	0.71475
2001	 6	21	24	0.85467	0.82237	0.84327
2001	 6	22	24	0.87681	0.91800	0.89136
2001	 6	23	24	0.81500	0.99175	0.87741
2001	 6	24	24	0.76223	0.95832	0.83147
2001	 6	25	24	0.72014	0.92269	0.79166
2001	 6	26	24	0.68622	0.88631	0.75687
2001	 6	27	24	0.65838	0.85020	0.72611
2001	 6	28	24	0.63502	0.81683	0.69922
2001	 6	29	24	0.61727	0.78682	0.67714
2001	 6	30	24	0.60005	0.75848	0.65599
2001	 7	 1	24	0.58850	0.77622	0.65478
2001	 7	 2	24	0.57511	0.75268	0.63781
2001	 7	 3	24	0.56299	0.72748	0.62107
2001	 7	 4	24	0.55194	0.70385	0.60558
2001	 7	 5	24	0.54189	0.68181	0.59130
2001	 7	 6	24	0.53247	0.66117	0.57791
2001	 7	 7	24	1.93622	0.95245	1.58884
2001	 7	 8	24	1.73385	1.20510	1.54714
2001	 7	 9	24	1.43364	1.16596	1.33912
2001	 7	10	24	1.20367	1.08761	1.16269
2001	 7	11	24	1.03944	1.01479	1.03074
2001	 7	12	24	0.91931	0.95391	0.93153
2001	 7	13	24	0.82940	0.90253	0.85523
2001	 7	14	24	0.76070	0.85857	0.79526
2001	 7	15	24	1.42054	1.01013	1.27562
2001	 7	16	24	1.87342	1.22849	1.64569
2001	 7	17	24	1.79077	1.27923	1.61014
2001	 7	18	24	1.45883	1.19386	1.36527
2001	 7	19	24	1.22554	1.09482	1.17938
2001	 7	20	24	2.01231	1.88497	1.96735
2001	 7	21	24	1.66243	1.98414	1.77603
2001	 7	22	24	1.37192	1.72465	1.49647
2001	 7	23	24	1.16808	1.53177	1.29651
2001	 7	24	24	1.02022	1.37608	1.14588
2001	 7	25	24	0.90866	1.25416	1.03066
2001	 7	26	24	0.82335	1.15874	0.94178
2001	 7	27	24	0.75726	1.07970	0.87112
2001	 7	28	24	0.70495	1.01401	0.81408
2001	 7	29	24	0.66277	0.95880	0.76730
2001	 7	30	24	0.62888	0.91103	0.72851
2001	 7	31	24	0.60073	0.86782	0.69505
2001	 8	 1	24	0.57862	0.83033	0.66750
2001	 8	 2	24	0.55901	0.79487	0.64230
2001	 8	 3	24	0.54226	0.76309	0.62024
2001	 8	 4	24	0.52794	0.73434	0.60083
2001	 8	 5	24	0.51709	0.70780	0.58443
2001	 8	 6	24	0.50591	0.68329	0.56854
2001	 8	 7	24	0.49592	0.66086	0.55416
2001	 8	 8	24	0.48674	0.64009	0.54089
2001	 8	 9	24	0.47839	0.62088	0.52870
2001	 8	10	24	0.47104	0.60317	0.51770
2001	 8	11	24	0.46369	0.58639	0.50702
2001	 8	12	24	0.45677	0.57067	0.49699
2001	 8	13	24	0.45020	0.55585	0.48750
2001	 8	14	24	0.44410	0.54199	0.47867
2001	 8	15	24	0.43807	0.52876	0.47009
2001	 8	16	24	0.43225	0.51621	0.46190
2001	 8	17	24	0.42883	0.50454	0.45556
2001	 8	18	24	0.43957	0.55310	0.47966
2001	 8	19	24	1.66178	0.55480	1.27089
2001	 8	20	24	2.89353	0.95182	2.20789
2001	 8	21	24	2.15907	1.16001	1.80629
2001	 8	22	24	1.66843	1.11488	1.47297
2001	 8	23	24	1.34123	1.02446	1.22938
2001	 8	24	24	1.11850	0.95802	1.06183
2001	 8	25	24	0.96035	0.89887	0.93864
2001	 8	26	24	1.02176	1.46861	1.17955
2001	 8	27	24	0.94346	1.57068	1.16494
2001	 8	28	24	0.83344	1.38464	1.02807
2001	 8	29	24	0.74937	1.23528	0.92095
2001	 8	30	24	0.68521	1.12025	0.83883
2001	 8	31	24	0.74106	1.05473	0.85182
2001	 9	 1	24	3.26789	2.58032	3.02511
2001	 9	 2	24	2.41901	2.47728	2.43959
2001	 9	 3	24	1.90133	2.16339	1.99387
2001	 9	 4	24	1.52164	1.87645	1.64693
2001	 9	 5	24	1.26000	1.67586	1.40684
2001	 9	 6	24	1.07304	1.51277	1.22831
2001	 9	 7	24	1.97789	2.03683	1.99870
2001	 9	 8	24	2.11283	2.65185	2.30316
2001	 9	 9	24	3.35495	3.53459	3.41838
2001	 9	10	24	4.62409	5.30569	4.86477
2001	 9	11	24	3.23892	4.90824	3.82837
2001	 9	12	24	2.99547	4.57214	3.55221
2001	 9	13	24	3.07126	4.73171	3.65758
2001	 9	14	24	2.38233	4.49266	3.12751
2001	 9	15	24	1.90792	3.98066	2.63983
2001	 9	16	24	1.58196	3.47049	2.24883
2001	 9	17	24	1.34764	3.07032	1.95594
2001	 9	18	24	1.36609	2.76242	1.85915
2001	 9	19	24	1.35409	2.87842	1.89234
2001	 9	20	24	1.31124	2.99167	1.90462
2001	 9	21	24	1.24340	2.83087	1.80395
2001	 9	22	24	1.09931	2.56813	1.61797
2001	 9	23	24	1.03423	2.34933	1.49861
2001	 9	24	24	0.99070	2.30534	1.45491
2001	 9	25	24	1.01962	2.22534	1.44537
2001	 9	26	24	0.94346	2.06398	1.33913
2001	 9	27	24	0.90130	1.91784	1.26025
2001	 9	28	24	0.83992	1.79153	1.17594
2001	 9	29	24	0.78363	1.67471	1.09828
2001	 9	30	24	0.80596	1.57127	1.07620
2001	10	 1	24	1.54577	1.55459	1.54889
2001	10	 2	24	1.37182	1.71186	1.49189
2001	10	 3	24	2.24695	1.89553	2.12286
2001	10	 4	24	2.07182	2.19940	2.11687
2001	10	 5	24	1.71045	2.03037	1.82341
2001	10	 6	24	1.44245	1.86095	1.59023
2001	10	 7	24	1.24130	1.71415	1.40827
2001	10	 8	24	1.08775	1.58962	1.26497
2001	10	 9	24	0.97112	1.48241	1.15167
2001	10	10	24	0.87951	1.38778	1.05899
2001	10	11	24	0.80756	1.30524	0.98330
2001	10	12	24	0.75077	1.23261	0.92092
2001	10	13	24	0.70529	1.16770	0.86857
2001	10	14	24	0.66831	1.10850	0.82375
2001	10	15	24	0.63797	1.05485	0.78517
2001	10	16	24	0.61277	1.00623	0.75171
2001	10	17	24	0.59159	0.96216	0.72244
2001	10	18	24	0.57354	0.92200	0.69658
2001	10	19	24	0.55798	0.88524	0.67354
2001	10	20	24	0.54441	0.85156	0.65287
2001	10	21	24	0.53239	0.82050	0.63412
2001	10	22	24	0.53210	0.84737	0.64343
2001	10	23	24	0.53298	0.90013	0.66263
2001	10	24	24	0.52794	0.87568	0.65073
2001	10	25	24	0.52403	0.87215	0.64696
2001	10	26	24	0.51482	0.84343	0.63086
2001	10	27	24	0.50993	0.81430	0.61741
2001	10	28	24	0.57669	0.78812	0.65135
2001	10	29	24	0.57081	0.79025	0.64830
2001	10	30	24	0.54976	0.76440	0.62555
2001	10	31	24	0.53444	0.73966	0.60691
2001	11	 1	24	0.60592	0.71727	0.64524
2001	11	 2	24	0.62303	0.75346	0.66909
2001	11	 3	24	0.58966	0.74028	0.64285
2001	11	 4	24	0.55991	0.71902	0.61610
2001	11	 5	24	0.53505	0.69709	0.59227
2001	11	 6	24	0.53438	0.67903	0.58546
2001	11	 7	24	1.22205	0.72978	1.04822
2001	11	 8	24	4.27034	1.67842	3.35511
2001	11	 9	24	3.12363	1.88517	2.68631
2001	11	10	24	2.40419	1.77195	2.18094
2001	11	11	24	1.91118	1.61151	1.80536
2001	11	12	24	1.96779	1.61086	1.84176
2001	11	13	24	1.64357	1.50770	1.59559
2001	11	14	24	1.37815	1.38965	1.38221
2001	11	15	24	1.20813	1.29179	1.23767
2001	11	16	24	1.05165	1.21109	1.10795
2001	11	17	24	0.93028	1.13925	1.00407
2001	11	18	24	0.84845	1.07591	0.92877
2001	11	19	24	1.22272	1.07298	1.16985
2001	11	20	24	1.10123	1.13358	1.11265
2001	11	21	24	0.99615	1.10317	1.03394
2001	11	22	24	3.42453	1.98645	2.91673
2001	11	23	24	2.70745	2.13273	2.50451
2001	11	24	24	2.16646	1.90157	2.07292
2001	11	25	24	1.87425	1.69694	1.81164
2001	11	26	24	2.66737	2.13316	2.47873
2001	11	27	24	2.57241	2.31574	2.48178
2001	11	28	24	2.71053	2.11195	2.49917
2001	11	29	24	3.40940	2.07488	2.93817
2001	11	30	24	2.74023	1.94651	2.45996
2001	12	 1	24	2.21834	1.75303	2.05403
2001	12	 2	24	1.84097	1.59279	1.75333
2001	12	 3	24	1.55630	1.47546	1.52776
2001	12	 4	24	1.43401	1.36975	1.41132
2001	12	 5	24	5.24101	2.73553	4.35630
2001	12	 6	24	7.43321	4.64996	6.45041
2001	12	 7	24	5.66533	4.49348	5.25154
2001	12	 8	24	4.41327	3.92270	4.24004
2001	12	 9	24	3.51542	3.48269	3.50386
2001	12	10	24	3.05119	3.08243	3.06222
2001	12	11	24	2.92638	2.74278	2.86155
2001	12	12	24	3.18127	2.45258	2.92396
2001	12	13	24	2.64556	2.20910	2.49144
2001	12	14	24	2.21445	2.00724	2.14128
2001	12	15	24	1.87805	1.83837	1.86404
2001	12	16	24	1.61495	1.69114	1.64185
2001	12	17	24	1.40853	1.56607	1.46416
2001	12	18	24	1.24518	1.45927	1.32078
2001	12	19	24	1.71320	1.36628	1.59070
2001	12	20	24	1.50131	1.28234	1.42399
2001	12	21	24	1.39895	1.20631	1.33093
2001	12	22	24	1.41624	1.13858	1.31819
2001	12	23	24	1.25022	1.07845	1.18956
2001	12	24	24	1.14734	1.02481	1.10407
2001	12	25	24	1.81898	0.97669	1.52156
2001	12	26	24	1.90589	0.93329	1.56245
2001	12	27	24	2.18173	0.89403	1.72703
2001	12	28	24	3.40651	0.85834	2.50672
2001	12	29	24	3.48304	0.82571	2.54471
2001	12	30	24	3.02847	0.79574	2.24007
2001	12	31	24	2.51989	0.76807	1.90130
2002	 1	 1	24	2.11971	0.74243	1.63337
2002	 1	 2	24	1.85919	0.71858	1.45643
2002	 1	 3	24	1.61898	0.69630	1.29317
2002	 1	 4	24	1.52158	0.67545	1.22280
2002	 1	 5	24	1.60594	0.65591	1.27048
2002	 1	 6	24	1.93551	0.63753	1.47718
2002	 1	 7	24	1.92241	0.62018	1.46258
2002	 1	 8	24	1.79623	0.60367	1.37512
2002	 1	 9	24	2.06530	0.58794	1.54363
2002	 1	10	24	2.28852	0.58068	1.68546
2002	 1	11	24	2.45548	0.59818	1.79965
2002	 1	12	24	2.74536	0.59532	1.98616
2002	 1	13	24	2.62628	0.58238	1.90456
2002	 1	14	24	2.73051	0.56801	1.96691
2002	 1	15	24	2.32749	0.55560	1.70182
2002	 1	16	24	2.03169	0.54217	1.50572
2002	 1	17	24	1.87322	0.52929	1.39866
2002	 1	18	24	1.78734	0.51700	1.33877
2002	 1	19	24	2.45054	0.50525	1.76364
2002	 1	20	24	4.07437	0.49420	2.81018
2002	 1	21	24	5.30575	0.53363	3.62066
2002	 1	22	24	5.93179	0.78986	4.11612
2002	 1	23	24	6.26484	1.01732	4.41188
2002	 1	24	24	7.14284	1.62461	5.19429
2002	 1	25	24	6.81474	1.92097	5.08670
2002	 1	26	24	7.69870	2.37748	5.81972
2002	 1	27	24	11.00514	4.39066	8.66950
2002	 1	28	24	12.37045	6.50894	10.30069
2002	 1	29	24	11.77189	7.59636	10.29747
2002	 1	30	24	10.74411	8.32021	9.88820
2002	 1	31	24	9.29792	9.01523	9.19810
2002	 2	 1	24	7.65114	8.95000	8.10978
2002	 2	 2	24	6.93394	9.83225	7.95736
2002	 2	 3	24	5.87693	10.16352	7.39057
2002	 2	 4	24	5.00590	10.17661	6.83174
2002	 2	 5	24	4.50613	10.55800	6.64311
2002	 2	 6	24	3.93646	10.95237	6.41386
2002	 2	 7	24	3.40250	10.38801	5.86916
2002	 2	 8	24	2.99582	9.10900	5.15445
2002	 2	 9	24	3.59930	9.53597	5.69560
2002	 2	10	24	3.66874	11.08209	6.28647
2002	 2	11	24	3.47973	10.29461	5.88614
2002	 2	12	24	6.48249	13.38189	8.91875
2002	 2	13	24	5.76492	16.26624	9.47305
2002	 2	14	24	4.79055	12.11909	7.37834
2002	 2	15	24	4.01012	9.17047	5.83230
2002	 2	16	24	3.39106	7.29865	4.77087
2002	 2	17	24	2.88215	5.96821	3.97187
2002	 2	18	24	2.47774	4.96029	3.35436
2002	 2	19	24	2.32771	4.20588	2.99092
2002	 2	20	24	3.55603	3.65056	3.58941
2002	 2	21	24	3.16812	3.71591	3.36155
2002	 2	22	24	3.59495	3.26695	3.47913
2002	 2	23	24	4.53592	2.90284	3.95927
2002	 2	24	24	4.51134	2.75201	3.89010
2002	 2	25	24	5.06524	2.47641	4.15109
2002	 2	26	24	6.49345	2.26212	4.99932
2002	 2	27	24	7.86251	2.58637	5.99944
2002	 2	28	24	7.80531	3.02747	6.11820
2002	 3	 1	24	7.21125	3.11522	5.76490
2002	 3	 2	24	6.00827	3.01853	4.95256
2002	 3	 3	24	5.03175	2.70916	4.21162
2002	 3	 4	24	4.36054	2.44773	3.68511
2002	 3	 5	24	3.98842	2.40667	3.42989
2002	 3	 6	24	3.75595	2.93914	3.46753
2002	 3	 7	24	3.50889	4.18818	3.74875
2002	 3	 8	24	3.10811	5.01618	3.78187
2002	 3	 9	24	2.72890	5.29731	3.63583
2002	 3	10	24	2.41290	5.22301	3.40518
2002	 3	11	24	2.14846	4.65194	3.03247
2002	 3	12	24	1.92865	4.01612	2.66576
2002	 3	13	24	1.75388	3.45778	2.35555
2002	 3	14	24	1.61722	3.00317	2.10661
2002	 3	15	24	1.50941	2.63934	1.90840
2002	 3	16	24	1.41979	2.34437	1.74627
2002	 3	17	24	1.34540	2.10579	1.61391
2002	 3	18	24	1.28248	1.91056	1.50426
2002	 3	19	24	1.23147	1.74870	1.41411
2002	 3	20	24	1.20480	1.64987	1.36196
2002	 3	21	24	1.22068	1.80947	1.42859
2002	 3	22	24	1.39521	1.77036	1.52768
2002	 3	23	24	1.91062	1.89030	1.90345
2002	 3	24	24	2.05042	1.76488	1.94959
2002	 3	25	24	1.87703	1.64146	1.79384
2002	 3	26	24	1.70884	1.52787	1.64494
2002	 3	27	24	1.70992	1.42873	1.61063
2002	 3	28	24	2.17451	1.34161	1.88040
2002	 3	29	24	2.44529	1.55763	2.13185
2002	 3	30	24	2.34330	2.88639	2.53507
2002	 3	31	24	2.03868	3.37486	2.51050
2002	 4	 1	24	1.78373	3.11638	2.25431
2002	 4	 2	24	1.58270	2.78155	2.00603
2002	 4	 3	24	1.42847	2.46089	1.79303
2002	 4	 4	24	1.31073	2.20248	1.62562
2002	 4	 5	24	1.21826	1.99937	1.49407
2002	 4	 6	24	1.14386	1.83122	1.38658
2002	 4	 7	24	1.08266	1.68427	1.29510
2002	 4	 8	24	1.03095	1.55487	1.21595
2002	 4	 9	24	0.98661	1.44191	1.14738
2002	 4	10	24	0.94817	1.34508	1.08832
2002	 4	11	24	0.91458	1.26138	1.03704
2002	 4	12	24	0.88496	1.18847	0.99214
2002	 4	13	24	0.85844	1.12455	0.95241
2002	 4	14	24	1.30058	1.08473	1.22436
2002	 4	15	24	1.81812	1.49105	1.70263
2002	 4	16	24	1.60949	1.59236	1.60344
2002	 4	17	24	1.42068	1.54292	1.46384
2002	 4	18	24	1.27614	1.46556	1.34303
2002	 4	19	24	1.16583	1.38365	1.24274
2002	 4	20	24	1.07944	1.31328	1.16201
2002	 4	21	24	1.00742	1.24867	1.09261
2002	 4	22	24	0.94871	1.18679	1.03277
2002	 4	23	24	0.90009	1.12891	0.98089
2002	 4	24	24	0.85944	1.07319	0.93491
2002	 4	25	24	0.82486	1.02257	0.89468
2002	 4	26	24	0.79787	0.97683	0.86106
2002	 4	27	24	0.78858	0.98359	0.85744
2002	 4	28	24	0.76550	0.94391	0.82849
2002	 4	29	24	0.74367	0.90577	0.80091
2002	 4	30	24	0.72399	0.87105	0.77592
2002	 5	 1	24	0.70575	0.83865	0.75268
2002	 5	 2	24	0.68888	0.80875	0.73121
2002	 5	 3	24	0.67330	0.78120	0.71140
2002	 5	 4	24	0.65824	0.75531	0.69252
2002	 5	 5	24	0.94925	0.73124	0.87227
2002	 5	 6	24	1.15067	0.89309	1.05972
2002	 5	 7	24	1.04384	0.97570	1.01978
2002	 5	 8	24	0.94741	0.95692	0.95077
2002	 5	 9	24	0.87334	0.92724	0.89238
2002	 5	10	24	0.81434	0.89413	0.84252
2002	 5	11	24	0.76659	0.86332	0.80075
2002	 5	12	24	0.73181	0.83584	0.76855
2002	 5	13	24	0.70226	0.81013	0.74035
2002	 5	14	24	0.67378	0.78439	0.71284
2002	 5	15	24	0.64916	0.75759	0.68745
2002	 5	16	24	0.62801	0.73219	0.66480
2002	 5	17	24	0.60930	0.70858	0.64436
2002	 5	18	24	0.59268	0.68662	0.62585
2002	 5	19	24	0.57774	0.66612	0.60894
2002	 5	20	24	0.56622	0.64768	0.59498
2002	 5	21	24	0.55367	0.62954	0.58046
2002	 5	22	24	0.54205	0.61246	0.56691
2002	 5	23	24	0.53185	0.59633	0.55462
2002	 5	24	24	0.53207	0.59493	0.55426
2002	 5	25	24	0.59600	0.57995	0.59033
2002	 5	26	24	0.59725	0.63146	0.60933
2002	 5	27	24	0.58572	0.62767	0.60054
2002	 5	28	24	0.56825	0.61754	0.58566
2002	 5	29	24	0.55103	0.60467	0.56997
2002	 5	30	24	0.53519	0.59034	0.55467
2002	 5	31	24	0.52107	0.57556	0.54031
2002	 6	 1	24	0.50849	0.56139	0.52717
2002	 6	 2	24	0.49720	0.54789	0.51510
2002	 6	 3	24	0.48694	0.53500	0.50391
2002	 6	 4	24	0.47753	0.52267	0.49347
2002	 6	 5	24	0.46881	0.51085	0.48365
2002	 6	 6	24	0.46236	0.50042	0.47580
2002	 6	 7	24	3.46115	1.29118	2.69491
2002	 6	 8	24	4.44038	2.52638	3.76453
2002	 6	 9	24	2.83822	2.14715	2.59420
2002	 6	10	24	2.07671	1.82693	1.98851
2002	 6	11	24	1.62146	1.63591	1.62656
2002	 6	12	24	1.32499	1.45369	1.37044
2002	 6	13	24	1.34336	1.47207	1.38881
2002	 6	14	24	1.14839	1.39889	1.23684
2002	 6	15	24	1.08494	1.31065	1.16464
2002	 6	16	24	0.95551	1.23440	1.05399
2002	 6	17	24	0.85576	1.16056	0.96339
2002	 6	18	24	0.78073	1.09819	0.89283
2002	 6	19	24	0.72352	1.04507	0.83706
2002	 6	20	24	0.89249	0.99724	0.92948
2002	 6	21	24	0.96793	0.96429	0.96665
2002	 6	22	24	0.86238	0.92963	0.88613
2002	 6	23	24	0.78132	0.89383	0.82104
2002	 6	24	24	0.72063	0.86240	0.77069
2002	 6	25	24	0.67371	0.83347	0.73013
2002	 6	26	24	0.63707	0.80724	0.69716
2002	 6	27	24	0.60802	0.78327	0.66990
2002	 6	28	24	0.58457	0.76105	0.64688
2002	 6	29	24	0.56534	0.74040	0.62716
2002	 6	30	24	0.54923	0.72074	0.60979
2002	 7	 1	24	0.53507	0.70192	0.59399
2002	 7	 2	24	0.53583	0.68399	0.58815
2002	 7	 3	24	0.54589	0.71988	0.60733
2002	 7	 4	24	0.53274	0.72347	0.60009
2002	 7	 5	24	0.51898	0.70562	0.58488
2002	 7	 6	24	0.57486	0.68967	0.61540
2002	 7	 7	24	0.55547	0.68402	0.60087
2002	 7	 8	24	0.53390	0.66604	0.58056
2002	 7	 9	24	0.51586	0.64888	0.56283
2002	 7	10	24	0.55562	0.63235	0.58271
2002	 7	11	24	0.53542	0.61755	0.56442
2002	 7	12	24	0.51430	0.60201	0.54527
2002	 7	13	24	0.97328	0.63855	0.85508
2002	 7	14	24	0.86760	0.74183	0.82319
2002	 7	15	24	0.76419	0.72696	0.75104
2002	 7	16	24	1.96245	1.09633	1.65661
2002	 7	17	24	1.58501	1.19380	1.44687
2002	 7	18	24	1.28578	1.08590	1.21520
2002	 7	19	24	1.07683	0.99378	1.04750
2002	 7	20	24	0.92790	0.92085	0.92541
2002	 7	21	24	0.81848	0.86276	0.83412
2002	 7	22	24	0.73651	0.81488	0.76419
2002	 7	23	24	0.67358	0.77443	0.70919
2002	 7	24	24	0.62410	0.73935	0.66480
2002	 7	25	24	0.58477	0.70885	0.62859
2002	 7	26	24	0.55318	0.68185	0.59862
2002	 7	27	24	0.52750	0.65769	0.57348
2002	 7	28	24	0.50595	0.63512	0.55156
2002	 7	29	24	0.48789	0.61471	0.53267
2002	 7	30	24	0.47260	0.59602	0.51618
2002	 7	31	24	0.45951	0.57872	0.50160
2002	 8	 1	24	3.64345	0.56321	2.55578
2002	 8	 2	24	2.43940	0.55871	1.77531
2002	 8	 3	24	1.80890	0.54523	1.36269
2002	 8	 4	24	2.04354	0.59510	1.53208
2002	 8	 5	24	1.61364	0.74363	1.30643
2002	 8	 6	24	1.30380	0.73093	1.10151
2002	 8	 7	24	2.16513	1.18574	1.81930
2002	 8	 8	24	2.43347	1.35705	2.05337
2002	 8	 9	24	1.86473	1.21777	1.63628
2002	 8	10	24	1.47976	1.08016	1.33866
2002	 8	11	24	4.51562	5.51252	4.86764
2002	 8	12	24	76.09949	79.36449	77.25240
2002	 8	13	24	43.46574	49.64746	45.64857
2002	 8	14	24	24.14560	30.06503	26.23582
2002	 8	15	24	13.95379	21.26614	16.53586
2002	 8	16	24	8.35623	18.64079	11.98782
2002	 8	17	24	6.18880	15.85874	9.60336
2002	 8	18	24	4.17397	14.78087	7.91938
2002	 8	19	24	2.98824	10.45235	5.62390
2002	 8	20	24	2.24895	7.77016	4.19855
2002	 8	21	24	1.78683	6.14264	3.32491
2002	 8	22	24	1.49712	5.06580	2.75726
2002	 8	23	24	1.29980	4.30312	2.36030
2002	 8	24	24	1.16873	3.73906	2.07634
2002	 8	25	24	1.07963	3.30616	1.86584
2002	 8	26	24	1.01801	2.96387	1.70512
2002	 8	27	24	0.97500	2.68663	1.57939
2002	 8	28	24	0.94481	2.45759	1.47899
2002	 8	29	24	0.92347	2.26527	1.39727
2002	 8	30	24	0.90752	2.08518	1.32337
2002	 8	31	24	0.90865	1.93113	1.26970
2002	 9	 1	24	0.89665	1.88679	1.24628
2002	 9	 2	24	0.88257	1.75988	1.19236
2002	 9	 3	24	0.87125	1.63653	1.14148
2002	 9	 4	24	0.86233	1.52433	1.09609
2002	 9	 5	24	1.47516	1.43092	1.45954
2002	 9	 6	24	1.37767	1.73255	1.50298
2002	 9	 7	24	1.24558	1.70237	1.40687
2002	 9	 8	24	1.14557	1.61420	1.31105
2002	 9	 9	24	1.06842	1.52365	1.22917
2002	 9	10	24	1.19720	1.43189	1.28007
2002	 9	11	24	1.11685	1.37462	1.20787
2002	 9	12	24	1.04359	1.29344	1.13181
2002	 9	13	24	0.98714	1.21846	1.06882
2002	 9	14	24	1.06085	1.15098	1.09268
2002	 9	15	24	1.36965	1.23825	1.32325
2002	 9	16	24	1.24974	1.22120	1.23966
2002	 9	17	24	1.14123	1.16645	1.15014
2002	 9	18	24	1.05977	1.10755	1.07664
2002	 9	19	24	0.99689	1.05127	1.01609
2002	 9	20	24	0.94767	0.99905	0.96581
2002	 9	21	24	0.90850	0.95144	0.92366
2002	 9	22	24	1.08034	0.90760	1.01934
2002	 9	23	24	1.20649	1.06561	1.15674
2002	 9	24	24	1.10999	1.07154	1.09641
2002	 9	25	24	1.03150	1.04546	1.03643
2002	 9	26	24	3.52065	1.07496	2.65705
2002	 9	27	24	2.80943	1.38234	2.30551
2002	 9	28	24	2.25384	1.44644	1.96874
2002	 9	29	24	1.87639	1.44409	1.72374
2002	 9	30	24	1.60894	1.39737	1.53423
2002	10	 1	24	1.41393	1.33511	1.38610
2002	10	 2	24	1.26786	1.27698	1.27108
2002	10	 3	24	1.15648	1.22384	1.18027
2002	10	 4	24	1.07506	1.18857	1.11514
2002	10	 5	24	1.18594	1.15424	1.17475
2002	10	 6	24	2.69243	1.54098	2.28584
2002	10	 7	24	2.53747	1.90602	2.31450
2002	10	 8	24	2.11449	1.89249	2.03610
2002	10	 9	24	1.78684	1.77189	1.78156
2002	10	10	24	1.55041	1.64634	1.58428
2002	10	11	24	1.37592	1.54046	1.43402
2002	10	12	24	1.24304	1.44999	1.31612
2002	10	13	24	1.14059	1.36813	1.22094
2002	10	14	24	1.06041	1.29248	1.14236
2002	10	15	24	1.04806	1.22433	1.11030
2002	10	16	24	1.59784	1.44505	1.54389
2002	10	17	24	1.43900	1.53994	1.47464
2002	10	18	24	1.28220	1.44827	1.34084
2002	10	19	24	1.43385	1.42761	1.43165
2002	10	20	24	1.29537	1.49342	1.36530
2002	10	21	24	1.48743	1.46862	1.48079
2002	10	22	24	1.84395	1.65438	1.77701
2002	10	23	24	1.60018	1.74111	1.64995
2002	10	24	24	1.40134	1.60789	1.47428
2002	10	25	24	2.53692	2.26678	2.44153
2002	10	26	24	2.13767	2.69809	2.33556
2002	10	27	24	2.44405	3.10543	2.67759
2002	10	28	24	2.65843	3.74605	3.04248
2002	10	29	24	2.18364	3.61688	2.68973
2002	10	30	24	1.83575	3.16430	2.30487
2002	10	31	24	1.58461	2.78949	2.01007
2002	11	 1	24	1.42387	2.49570	1.80235
2002	11	 2	24	1.71651	2.33030	1.93325
2002	11	 3	24	2.32891	2.49323	2.38693
2002	11	 4	24	2.16389	2.27666	2.20371
2002	11	 5	24	1.84026	2.08525	1.92677
2002	11	 6	24	1.59918	1.90910	1.70862
2002	11	 7	24	1.43684	1.75674	1.54980
2002	11	 8	24	3.55992	1.62566	2.87691
2002	11	 9	24	3.92876	1.53331	3.08290
2002	11	10	24	3.54170	1.62001	2.86313
2002	11	11	24	3.72961	1.76334	3.03530
2002	11	12	24	3.37695	2.38681	3.02732
2002	11	13	24	2.97570	2.95805	2.96947
2002	11	14	24	2.61643	3.25498	2.84191
2002	11	15	24	2.45928	3.94240	2.98299
2002	11	16	24	2.30409	5.46752	3.42113
2002	11	17	24	1.96310	6.47283	3.55554
2002	11	18	24	1.76767	7.18715	3.68135
2002	11	19	24	5.73779	10.08710	7.27358
2002	11	20	24	4.37761	11.14617	6.76766
2002	11	21	24	3.46268	8.87908	5.37527
2002	11	22	24	5.19594	7.67342	6.07076
2002	11	23	24	4.51912	9.06030	6.12266
2002	11	24	24	3.66866	7.84719	5.14414
2002	11	25	24	3.03803	6.36417	4.21253
2002	11	26	24	2.56619	5.30696	3.53398
2002	11	27	24	2.22774	4.48572	3.02506
2002	11	28	24	1.95705	4.12967	2.72423
2002	11	29	24	3.19705	3.65874	3.36008
2002	11	30	24	5.13694	5.02556	5.09761
2002	12	 1	24	4.25547	5.37536	4.65092
2002	12	 2	24	3.52671	4.66073	3.92715
2002	12	 3	24	2.97227	3.98450	3.32970
2002	12	 4	24	2.53866	3.44039	2.85707
2002	12	 5	24	2.19616	3.01316	2.48465
2002	12	 6	24	1.92597	2.67784	2.19146
2002	12	 7	24	1.71007	2.38785	1.94940
2002	12	 8	24	1.53668	2.14861	1.75276
2002	12	 9	24	1.39685	1.94987	1.59212
2002	12	10	24	1.28321	1.78256	1.45953
2002	12	11	24	1.18995	1.64068	1.34911
2002	12	12	24	1.11288	1.51917	1.25635
2002	12	13	24	1.04875	1.41386	1.17767
2002	12	14	24	0.99499	1.32215	1.11052
2002	12	15	24	0.94920	1.24170	1.05249
2002	12	16	24	0.91004	1.17064	1.00206
2002	12	17	24	0.87885	1.10742	0.95956
2002	12	18	24	0.85608	1.05078	0.92483
2002	12	19	24	0.83066	0.99979	0.89038
2002	12	20	24	0.83611	0.95360	0.87759
2002	12	21	24	0.85765	0.91149	0.87666
2002	12	22	24	1.06474	0.87298	0.99703
2002	12	23	24	1.02274	0.83759	0.95736
2002	12	24	24	0.95309	0.80489	0.90076
2002	12	25	24	0.96518	0.77468	0.89791
2002	12	26	24	1.04525	0.74671	0.93983
2002	12	27	24	1.22945	0.72065	1.04979
2002	12	28	24	1.57634	0.69633	1.26560
2002	12	29	24	3.61929	0.67357	2.57912
2002	12	30	24	8.72375	0.85014	5.94349
2002	12	31	24	6.41924	1.13817	4.55444
2003	 1	 1	24	4.99911	1.23668	3.67055
2003	 1	 2	24	9.97037	3.29288	7.61248
2003	 1	 3	24	10.91841	5.42422	8.97835
2003	 1	 4	24	8.01633	5.30429	7.05868
2003	 1	 5	24	6.05290	4.74829	5.59223
2003	 1	 6	24	4.71879	4.24317	4.55085
2003	 1	 7	24	3.78603	3.86466	3.81380
2003	 1	 8	24	3.11221	3.50481	3.25084
2003	 1	 9	24	2.62690	3.15515	2.81343
2003	 1	10	24	2.24959	2.85052	2.46178
2003	 1	11	24	1.95906	2.57672	2.17716
2003	 1	12	24	1.73146	2.33838	1.94577
2003	 1	13	24	1.81441	2.13532	1.92772
2003	 1	14	24	2.41686	1.96455	2.25715
2003	 1	15	24	2.79014	1.87969	2.46865
2003	 1	16	24	3.02126	1.76856	2.57892
2003	 1	17	24	3.11554	1.66700	2.60404
2003	 1	18	24	2.95242	1.59229	2.47214
2003	 1	19	24	2.69585	1.51534	2.27900
2003	 1	20	24	2.55707	1.44155	2.16317
2003	 1	21	24	2.26090	1.38197	1.95054
2003	 1	22	24	2.04288	1.31236	1.78492
2003	 1	23	24	3.32291	1.33078	2.61946
2003	 1	24	24	3.32247	1.42099	2.65103
2003	 1	25	24	3.03544	1.34536	2.43866
2003	 1	26	24	2.67494	1.26945	2.17865
2003	 1	27	24	4.02839	2.00670	3.31451
2003	 1	28	24	5.06128	3.46428	4.49736
2003	 1	29	24	4.84061	3.55602	4.38701
2003	 1	30	24	4.18276	3.22321	3.84393
2003	 1	31	24	3.50385	2.88888	3.28669
2003	 2	 1	24	2.96289	2.57593	2.82625
2003	 2	 2	24	2.55274	2.30310	2.46459
2003	 2	 3	24	2.57715	2.07506	2.39986
2003	 2	 4	24	2.58815	1.88563	2.34008
2003	 2	 5	24	2.66333	1.72352	2.33147
2003	 2	 6	24	2.30699	1.58243	2.05114
2003	 2	 7	24	2.11286	1.46092	1.88265
2003	 2	 8	24	1.86219	1.35589	1.68341
2003	 2	 9	24	1.65871	1.26499	1.51969
2003	 2	10	24	1.52657	1.18504	1.40597
2003	 2	11	24	1.50168	1.11556	1.36534
2003	 2	12	24	1.59187	1.05453	1.40213
2003	 2	13	24	1.64878	1.00066	1.41992
2003	 2	14	24	1.63570	0.95284	1.39458
2003	 2	15	24	1.47020	0.91006	1.27241
2003	 2	16	24	1.33063	0.87150	1.16851
2003	 2	17	24	1.21737	0.83644	1.08286
2003	 2	18	24	1.12482	0.80449	1.01171
2003	 2	19	24	1.04813	0.77524	0.95177
2003	 2	20	24	1.00661	0.74799	0.91529
2003	 2	21	24	1.23502	0.72489	1.05489
2003	 2	22	24	1.35390	0.72107	1.13044
2003	 2	23	24	1.36238	0.70427	1.13000
2003	 2	24	24	1.40537	0.69243	1.15362
2003	 2	25	24	1.46908	0.72936	1.20788
2003	 2	26	24	1.44838	0.82661	1.22883
2003	 2	27	24	1.48940	0.97596	1.30809
2003	 2	28	24	1.60300	1.66153	1.62367
2003	 3	 1	24	1.64127	2.58050	1.97292
2003	 3	 2	24	1.54240	2.98467	2.05168
2003	 3	 3	24	1.42820	3.12954	2.02896
2003	 3	 4	24	1.28890	2.95879	1.87856
2003	 3	 5	24	1.18588	2.75513	1.74000
2003	 3	 6	24	1.11723	2.48713	1.60096
2003	 3	 7	24	1.06654	2.22176	1.47447
2003	 3	 8	24	1.09384	2.32267	1.52775
2003	 3	 9	24	1.07567	2.75981	1.67036
2003	 3	10	24	1.05782	3.84278	2.04122
2003	 3	11	24	1.18347	5.58968	2.73935
2003	 3	12	24	1.73024	7.18143	3.65512
2003	 3	13	24	1.58245	6.55528	3.33841
2003	 3	14	24	1.38781	5.53073	2.85072
2003	 3	15	24	1.23021	4.73229	2.46683
2003	 3	16	24	1.10269	4.13587	2.17374
2003	 3	17	24	0.99939	3.67508	1.94420
2003	 3	18	24	0.91578	3.25877	1.74311
2003	 3	19	24	0.84788	2.93269	1.58405
2003	 3	20	24	0.79207	2.64002	1.44460
2003	 3	21	24	0.74666	2.36928	1.31962
2003	 3	22	24	0.70909	2.14224	1.21515
2003	 3	23	24	0.67810	1.95086	1.12753
2003	 3	24	24	0.65216	1.79306	1.05502
2003	 3	25	24	0.63010	1.66042	0.99391
2003	 3	26	24	0.61098	1.54689	0.94146
2003	 3	27	24	0.59421	1.44828	0.89579
2003	 3	28	24	0.57946	1.36239	0.85592
2003	 3	29	24	0.56603	1.28655	0.82045
2003	 3	30	24	0.55384	1.21937	0.78884
2003	 3	31	24	0.54266	1.15932	0.76041
2003	 4	 1	24	0.53231	1.10516	0.73459
2003	 4	 2	24	0.52346	1.05608	0.71153
2003	 4	 3	24	0.51804	1.01205	0.69248
2003	 4	 4	24	0.51168	0.97221	0.67430
2003	 4	 5	24	0.50332	0.93368	0.65528
2003	 4	 6	24	0.49556	0.90096	0.63871
2003	 4	 7	24	0.49231	0.86784	0.62491
2003	 4	 8	24	0.48513	0.83703	0.60939
2003	 4	 9	24	0.47874	0.80836	0.59514
2003	 4	10	24	0.47212	0.78163	0.58141
2003	 4	11	24	0.46775	0.77214	0.57523
2003	 4	12	24	0.46160	0.74912	0.56313
2003	 4	13	24	0.45523	0.75027	0.55941
2003	 4	14	24	0.44897	0.72738	0.54728
2003	 4	15	24	0.44289	0.70562	0.53566
2003	 4	16	24	0.43699	0.68495	0.52455
2003	 4	17	24	0.43125	0.66528	0.51389
2003	 4	18	24	0.52719	0.64670	0.56939
2003	 4	19	24	2.16863	0.76119	1.67165
2003	 4	20	24	1.72421	0.94338	1.44849
2003	 4	21	24	1.38083	0.98702	1.24177
2003	 4	22	24	1.13662	0.98917	1.08455
2003	 4	23	24	0.96540	0.98587	0.97263
2003	 4	24	24	0.84319	0.96862	0.88748
2003	 4	25	24	0.75358	0.94557	0.82137
2003	 4	26	24	0.68926	0.91848	0.77020
2003	 4	27	24	0.63871	0.89395	0.72884
2003	 4	28	24	0.59832	0.86803	0.69356
2003	 4	29	24	0.56599	0.84342	0.66395
2003	 4	30	24	0.54015	0.82020	0.63904
2003	 5	 1	24	0.51889	0.79774	0.61736
2003	 5	 2	24	0.50107	0.77560	0.59801
2003	 5	 3	24	0.48596	0.75357	0.58046
2003	 5	 4	24	0.47306	0.73241	0.56463
2003	 5	 5	24	0.46181	0.71192	0.55013
2003	 5	 6	24	0.45181	0.69150	0.53645
2003	 5	 7	24	0.44290	0.67174	0.52370
2003	 5	 8	24	0.70740	0.65286	0.68814
2003	 5	 9	24	0.68747	0.70337	0.69308
2003	 5	10	24	0.62851	0.69846	0.65321
2003	 5	11	24	0.58156	0.68295	0.61736
2003	 5	12	24	0.54462	0.66495	0.58711
2003	 5	13	24	0.51724	0.64797	0.56340
2003	 5	14	24	0.49369	0.63026	0.54192
2003	 5	15	24	0.47296	0.61312	0.52246
2003	 5	16	24	0.45608	0.59775	0.50610
2003	 5	17	24	0.44169	0.58228	0.49134
2003	 5	18	24	0.47421	0.56783	0.50727
2003	 5	19	24	0.65529	0.63059	0.64657
2003	 5	20	24	0.61553	0.67881	0.63788
2003	 5	21	24	0.56531	0.66324	0.59989
2003	 5	22	24	0.52550	0.64456	0.56754
2003	 5	23	24	0.49355	0.62587	0.54028
2003	 5	24	24	0.46796	0.60797	0.51740
2003	 5	25	24	0.44724	0.59066	0.49788
2003	 5	26	24	0.53205	0.57835	0.54840
2003	 5	27	24	0.50519	0.58671	0.53398
2003	 5	28	24	0.47595	0.57179	0.50979
2003	 5	29	24	0.45194	0.55616	0.48874
2003	 5	30	24	0.43223	0.54145	0.47079
2003	 5	31	24	0.41613	0.52766	0.45551
2003	 6	 1	24	0.40291	0.51486	0.44244
2003	 6	 2	24	0.39164	0.50260	0.43082
2003	 6	 3	24	0.38204	0.49099	0.42051
2003	 6	 4	24	0.37375	0.47996	0.41125
2003	 6	 5	24	0.39475	0.46945	0.42113
2003	 6	 6	24	0.38864	0.45973	0.41374
2003	 6	 7	24	0.37899	0.45016	0.40412
2003	 6	 8	24	0.37001	0.44101	0.39508
2003	 6	 9	24	0.36216	0.43302	0.38718
2003	 6	10	24	0.35518	0.42456	0.37968
2003	 6	11	24	0.34900	0.41644	0.37281
2003	 6	12	24	0.43335	0.40952	0.42494
2003	 6	13	24	0.41961	0.45430	0.43186
2003	 6	14	24	0.39965	0.45498	0.41918
2003	 6	15	24	0.38301	0.44987	0.40662
2003	 6	16	24	0.36917	0.44367	0.39548
2003	 6	17	24	0.35767	0.43645	0.38549
2003	 6	18	24	0.34806	0.42879	0.37657
2003	 6	19	24	0.34158	0.42511	0.37108
2003	 6	20	24	0.33514	0.41720	0.36411
2003	 6	21	24	0.32900	0.40918	0.35731
2003	 6	22	24	0.32357	0.40149	0.35108
2003	 6	23	24	0.31896	0.40940	0.35090
2003	 6	24	24	0.31630	0.42527	0.35478
2003	 6	25	24	0.31227	0.41720	0.34933
2003	 6	26	24	0.30846	0.40834	0.34373
2003	 6	27	24	0.30489	0.39910	0.33816
2003	 6	28	24	0.30152	0.39052	0.33295
2003	 6	29	24	0.29833	0.38256	0.32807
2003	 6	30	24	0.45937	0.48488	0.46838
2003	 7	 1	24	0.95821	0.81696	0.90834
2003	 7	 2	24	0.81271	0.81086	0.81206
2003	 7	 3	24	0.68187	0.74380	0.70373
2003	 7	 4	24	0.61710	0.77718	0.67363
2003	 7	 5	24	0.54797	0.76083	0.62314
2003	 7	 6	24	0.49189	0.70503	0.56716
2003	 7	 7	24	0.44901	0.65889	0.52312
2003	 7	 8	24	0.41600	0.62310	0.48913
2003	 7	 9	24	0.39079	0.59430	0.46265
2003	 7	10	24	0.37117	0.57090	0.44169
2003	 7	11	24	0.35472	0.55062	0.42389
2003	 7	12	24	0.34131	0.53322	0.40908
2003	 7	13	24	0.33021	0.51779	0.39645
2003	 7	14	24	0.32093	0.50408	0.38560
2003	 7	15	24	0.31309	0.49165	0.37614
2003	 7	16	24	0.30638	0.48039	0.36783
2003	 7	17	24	0.32885	0.47048	0.37886
2003	 7	18	24	0.32359	0.47603	0.37742
2003	 7	19	24	0.31480	0.46770	0.36879
2003	 7	20	24	0.30707	0.45858	0.36057
2003	 7	21	24	0.30026	0.44986	0.35308
2003	 7	22	24	0.29450	0.44168	0.34647
2003	 7	23	24	0.29145	0.43357	0.34164
2003	 7	24	24	1.02240	0.73533	0.92103
2003	 7	25	24	0.88049	0.81974	0.85904
2003	 7	26	24	0.73410	0.76873	0.74633
2003	 7	27	24	1.32840	2.13254	1.61235
2003	 7	28	24	1.26738	1.88053	1.48389
2003	 7	29	24	1.01595	1.60747	1.22483
2003	 7	30	24	0.83055	1.40617	1.03381
2003	 7	31	24	0.69941	1.23379	0.88810
2003	 8	 1	24	0.60370	1.11125	0.78292
2003	 8	 2	24	0.53242	1.02457	0.70621
2003	 8	 3	24	0.47834	0.95910	0.64811
2003	 8	 4	24	0.43688	0.90480	0.60211
2003	 8	 5	24	0.40469	0.85998	0.56546
2003	 8	 6	24	0.37950	0.82143	0.53555
2003	 8	 7	24	0.35955	0.78820	0.51091
2003	 8	 8	24	0.34352	0.75809	0.48991
2003	 8	 9	24	0.33047	0.73167	0.47214
2003	 8	10	24	0.31969	0.70763	0.45667
2003	 8	11	24	0.31066	0.68598	0.44319
2003	 8	12	24	0.30301	0.66653	0.43138
2003	 8	13	24	0.29691	0.64889	0.42120
2003	 8	14	24	0.29345	0.64511	0.41762
2003	 8	15	24	0.28880	0.62967	0.40916
2003	 8	16	24	0.28439	0.61505	0.40115
2003	 8	17	24	0.28044	0.60116	0.39369
2003	 8	18	24	0.27686	0.58781	0.38666
2003	 8	19	24	0.27362	0.57502	0.38005
2003	 8	20	24	0.27099	0.56337	0.37423
2003	 8	21	24	0.26813	0.55116	0.36807
2003	 8	22	24	0.26543	0.53940	0.36217
2003	 8	23	24	0.26288	0.52805	0.35651
2003	 8	24	24	0.26049	0.51712	0.35111
2003	 8	25	24	0.25814	0.50639	0.34580
2003	 8	26	24	0.25588	0.49597	0.34066
2003	 8	27	24	0.25368	0.48591	0.33568
2003	 8	28	24	0.25155	0.47615	0.33086
2003	 8	29	24	0.24960	0.46675	0.32628
2003	 8	30	24	0.24821	0.45805	0.32231
2003	 8	31	24	0.24630	0.44917	0.31794
2003	 9	 1	24	0.24452	0.44068	0.31379
2003	 9	 2	24	0.24365	0.43360	0.31072
2003	 9	 3	24	0.24208	0.42571	0.30692
2003	 9	 4	24	0.24021	0.41783	0.30293
2003	 9	 5	24	0.23837	0.41020	0.29905
2003	 9	 6	24	0.23656	0.40278	0.29526
2003	 9	 7	24	0.23478	0.39557	0.29156
2003	 9	 8	24	0.23302	0.38854	0.28794
2003	 9	 9	24	0.23128	0.38175	0.28442
2003	 9	10	24	0.23245	0.37796	0.28383
2003	 9	11	24	0.24648	0.39487	0.29888
2003	 9	12	24	0.35593	0.39732	0.37055
2003	 9	13	24	0.45253	0.40427	0.43549
2003	 9	14	24	0.40646	0.40242	0.40503
2003	 9	15	24	0.36622	0.39690	0.37705
2003	 9	16	24	0.33597	0.39133	0.35552
2003	 9	17	24	0.31283	0.38564	0.33854
2003	 9	18	24	0.29491	0.37969	0.32485
2003	 9	19	24	0.28087	0.37343	0.31356
2003	 9	20	24	0.26963	0.36717	0.30407
2003	 9	21	24	0.26046	0.36108	0.29599
2003	 9	22	24	0.25298	0.35517	0.28907
2003	 9	23	24	0.24676	0.34946	0.28302
2003	 9	24	24	0.24164	0.34396	0.27777
2003	 9	25	24	0.23721	0.33860	0.27301
2003	 9	26	24	0.23339	0.33340	0.26870
2003	 9	27	24	0.23005	0.32836	0.26477
2003	 9	28	24	0.22710	0.32346	0.26113
2003	 9	29	24	0.22483	0.31904	0.25810
2003	 9	30	24	0.22251	0.31451	0.25500
2003	10	 1	24	0.22031	0.31002	0.25199
2003	10	 2	24	0.21827	0.30565	0.24913
2003	10	 3	24	0.21661	0.30162	0.24663
2003	10	 4	24	0.21500	0.29780	0.24424
2003	10	 5	24	0.21363	0.29430	0.24212
2003	10	 6	24	0.25115	0.30126	0.26885
2003	10	 7	24	0.73329	0.30218	0.58106
2003	10	 8	24	3.43438	1.65008	2.80433
2003	10	 9	24	2.58874	1.81149	2.31429
2003	10	10	24	1.90392	1.53144	1.77239
2003	10	11	24	1.47180	1.31055	1.41486
2003	10	12	24	1.16656	1.15224	1.16150
2003	10	13	24	0.93960	1.04863	0.97810
2003	10	14	24	0.77269	0.95758	0.83797
2003	10	15	24	0.64904	0.87391	0.72845
2003	10	16	24	0.55678	0.81024	0.64628
2003	10	17	24	0.48617	0.75990	0.58283
2003	10	18	24	0.43153	0.72261	0.53431
2003	10	19	24	0.38938	0.69468	0.49718
2003	10	20	24	0.35694	0.67321	0.46862
2003	10	21	24	0.50568	0.65584	0.55870
2003	10	22	24	0.45972	0.64121	0.52381
2003	10	23	24	0.41249	0.62561	0.48774
2003	10	24	24	0.37549	0.61099	0.45864
2003	10	25	24	0.34651	0.59767	0.43520
2003	10	26	24	0.32432	0.58581	0.41665
2003	10	27	24	0.30665	0.57653	0.40195
2003	10	28	24	0.29247	0.56453	0.38854
2003	10	29	24	0.86232	0.58723	0.76519
2003	10	30	24	0.82552	0.69014	0.77771
2003	10	31	24	0.69414	0.68875	0.69224
2003	11	 1	24	0.59083	0.66389	0.61663
2003	11	 2	24	0.51236	0.63507	0.55569
2003	11	 3	24	0.45216	0.61091	0.50822
2003	11	 4	24	0.40642	0.59112	0.47164
2003	11	 5	24	0.37058	0.57321	0.44213
2003	11	 6	24	0.34258	0.55746	0.41845
2003	11	 7	24	0.32062	0.54342	0.39929
2003	11	 8	24	0.30331	0.53075	0.38362
2003	11	 9	24	0.28961	0.51919	0.37068
2003	11	10	24	0.27870	0.50856	0.35987
2003	11	11	24	0.26994	0.49872	0.35072
2003	11	12	24	0.26281	0.48954	0.34287
2003	11	13	24	0.25694	0.48088	0.33602
2003	11	14	24	0.25208	0.47266	0.32997
2003	11	15	24	0.24801	0.46481	0.32457
2003	11	16	24	0.24812	0.45730	0.32198
2003	11	17	24	0.27997	0.46053	0.34372
2003	11	18	24	0.27441	0.51083	0.35789
2003	11	19	24	0.26603	0.51022	0.35226
2003	11	20	24	0.25881	0.50076	0.34424
2003	11	21	24	0.25283	0.49039	0.33672
2003	11	22	24	0.24786	0.48067	0.33007
2003	11	23	24	0.24364	0.47160	0.32414
2003	11	24	24	0.24003	0.46304	0.31878
2003	11	25	24	0.23691	0.45490	0.31389
2003	11	26	24	0.23420	0.44711	0.30938
2003	11	27	24	0.23203	0.44017	0.30552
2003	11	28	24	0.25777	0.43327	0.31974
2003	11	29	24	0.37056	0.46351	0.40338
2003	11	30	24	0.35081	0.49303	0.40103
2003	12	 1	24	0.32355	0.47954	0.37863
2003	12	 2	24	0.30206	0.46663	0.36017
2003	12	 3	24	0.28484	0.45483	0.34487
2003	12	 4	24	0.27106	0.44418	0.33219
2003	12	 5	24	0.27235	0.43737	0.33062
2003	12	 6	24	0.50524	0.47496	0.49455
2003	12	 7	24	0.46443	0.51205	0.48125
2003	12	 8	24	0.41196	0.51702	0.44906
2003	12	 9	24	0.37005	0.52007	0.42302
2003	12	10	24	0.33726	0.50671	0.39710
2003	12	11	24	0.31458	0.51456	0.38519
2003	12	12	24	0.37852	0.49258	0.41880
2003	12	13	24	1.96434	1.86800	1.93032
2003	12	14	24	3.36084	3.33841	3.35292
2003	12	15	24	2.38058	2.61199	2.46230
2003	12	16	24	1.78490	2.12783	1.90600
2003	12	17	24	1.59049	1.82466	1.67318
2003	12	18	24	1.74940	1.83264	1.77879
2003	12	19	24	1.52081	1.81536	1.62482
2003	12	20	24	1.24175	1.78594	1.43391
2003	12	21	24	1.20965	1.73122	1.39382
2003	12	22	24	1.14267	1.55967	1.28991
2003	12	23	24	1.19988	1.40779	1.27330
2003	12	24	24	1.13388	1.29211	1.18975
2003	12	25	24	1.07133	1.20360	1.11804
2003	12	26	24	0.90847	1.14950	0.99358
2003	12	27	24	0.76348	1.08226	0.87605
2003	12	28	24	0.65219	1.02458	0.78368
2003	12	29	24	0.56615	0.97681	0.71116
2003	12	30	24	0.49928	0.93476	0.65305
2003	12	31	24	0.46049	0.89563	0.61414
2004	 1	 1	24	0.42778	0.85921	0.58012
2004	 1	 2	24	0.39847	0.82744	0.54994
2004	 1	 3	24	0.36911	0.79929	0.52101
2004	 1	 4	24	0.34564	0.77381	0.49683
2004	 1	 5	24	0.32701	0.74981	0.47631
2004	 1	 6	24	0.73230	0.72785	0.73073
2004	 1	 7	24	0.94340	0.70777	0.86020
2004	 1	 8	24	1.08518	0.68917	0.94535
2004	 1	 9	24	1.31305	0.67182	1.08663
2004	 1	10	24	2.39204	0.65861	1.77994
2004	 1	11	24	3.93204	0.86319	2.84840
2004	 1	12	24	3.81203	1.38534	2.95514
2004	 1	13	24	4.88589	2.10110	3.90255
2004	 1	14	24	4.61900	2.23961	3.77881
2004	 1	15	24	4.09277	2.04199	3.36862
2004	 1	16	24	3.75111	1.78611	3.05725
2004	 1	17	24	3.48657	1.60966	2.82381
2004	 1	18	24	2.86684	1.45342	2.36775
2004	 1	19	24	3.25250	1.32296	2.57116
2004	 1	20	24	2.92518	1.21670	2.32190
2004	 1	21	24	2.31354	1.12877	1.89518
2004	 1	22	24	1.85700	1.05594	1.57414
2004	 1	23	24	1.54649	0.99409	1.35143
2004	 1	24	24	1.50122	0.93986	1.30300
2004	 1	25	24	1.33518	0.89295	1.17902
2004	 1	26	24	1.38440	0.85178	1.19632
2004	 1	27	24	1.16552	0.81560	1.04196
2004	 1	28	24	1.00974	0.78344	0.92983
2004	 1	29	24	1.07089	0.75460	0.95920
2004	 1	30	24	1.21868	0.72861	1.04563
2004	 1	31	24	1.72762	0.70502	1.36653
2004	 2	 1	24	3.61526	0.69694	2.58477
2004	 2	 2	24	9.29908	3.92863	7.40272
2004	 2	 3	24	8.72614	4.89344	7.37277
2004	 2	 4	24	8.33041	5.76565	7.42476
2004	 2	 5	24	7.01279	6.69515	6.90063
2004	 2	 6	24	5.82685	7.54538	6.43368
2004	 2	 7	24	4.86395	7.99858	5.97082
2004	 2	 8	24	5.14638	7.76123	6.06971
2004	 2	 9	24	4.45597	7.07070	5.37926
2004	 2	10	24	3.90249	6.53519	4.83213
2004	 2	11	24	3.28543	5.83986	4.18743
2004	 2	12	24	2.71357	5.10518	3.55808
2004	 2	13	24	2.83833	4.45034	3.40755
2004	 2	14	24	3.06138	3.89760	3.35666
2004	 2	15	24	2.97958	3.49896	3.16298
2004	 2	16	24	2.79913	3.13844	2.91895
2004	 2	17	24	2.97739	2.84815	2.93176
2004	 2	18	24	2.75639	2.67392	2.72727
2004	 2	19	24	2.31137	2.44440	2.35835
2004	 2	20	24	2.46385	2.24911	2.38803
2004	 2	21	24	2.42440	2.09302	2.30739
2004	 2	22	24	2.09288	1.95866	2.04548
2004	 2	23	24	1.76694	1.82133	1.78614
2004	 2	24	24	1.66138	1.70220	1.67579
2004	 2	25	24	1.49908	1.59823	1.53409
2004	 2	26	24	1.48616	1.50641	1.49331
2004	 2	27	24	1.32749	1.42452	1.36175
2004	 2	28	24	1.20598	1.35032	1.25695
2004	 2	29	24	1.07452	1.28208	1.14781
2004	 3	 1	24	1.12717	1.21896	1.15958
2004	 3	 2	24	1.92181	1.16119	1.65323
2004	 3	 3	24	2.00111	1.11607	1.68859
2004	 3	 4	24	1.75754	1.06703	1.51371
2004	 3	 5	24	1.94776	1.02183	1.62081
2004	 3	 6	24	2.08813	0.98067	1.69707
2004	 3	 7	24	2.29441	0.94242	1.81701
2004	 3	 8	24	2.06148	0.91123	1.65532
2004	 3	 9	24	2.18917	0.87743	1.72598
2004	 3	10	24	2.09737	0.84591	1.65547
2004	 3	11	24	2.36792	0.81648	1.82009
2004	 3	12	24	2.97061	0.79580	2.20266
2004	 3	13	24	3.17657	0.78447	2.33190
2004	 3	14	24	2.95297	0.80861	2.19577
2004	 3	15	24	2.78225	0.96024	2.13888
2004	 3	16	24	2.68021	1.52655	2.27284
2004	 3	17	24	2.76922	3.16710	2.90971
2004	 3	18	24	2.80853	5.91817	3.90658
2004	 3	19	24	2.58417	9.27970	4.94843
2004	 3	20	24	2.38674	11.90328	5.74713
2004	 3	21	24	1.95088	12.55634	5.69578
2004	 3	22	24	1.62144	11.78381	5.20989
2004	 3	23	24	2.06373	11.17710	5.28176
2004	 3	24	24	5.15023	10.76605	7.13324
2004	 3	25	24	4.30533	9.84796	6.26250
2004	 3	26	24	3.78569	8.00036	5.27393
2004	 3	27	24	3.29574	6.55762	4.44755
2004	 3	28	24	2.82095	5.49751	3.76607
2004	 3	29	24	2.38957	5.00718	3.31388
2004	 3	30	24	2.01320	5.06154	3.08960
2004	 3	31	24	1.69680	5.00864	2.86625
2004	 4	 1	24	1.44485	4.73715	2.60739
2004	 4	 2	24	1.26047	4.37054	2.35867
2004	 4	 3	24	1.12441	3.95150	2.12268
2004	 4	 4	24	1.02200	3.44365	1.87711
2004	 4	 5	24	0.94378	3.03437	1.68199
2004	 4	 6	24	0.88460	2.70830	1.52857
2004	 4	 7	24	0.83688	2.43697	1.40189
2004	 4	 8	24	0.79924	2.21003	1.29741
2004	 4	 9	24	0.76871	2.02003	1.21056
2004	 4	10	24	0.74358	1.85660	1.13660
2004	 4	11	24	0.72336	1.71745	1.07438
2004	 4	12	24	0.70540	1.59771	1.02048
2004	 4	13	24	0.68998	1.49396	0.97387
2004	 4	14	24	0.67660	1.40244	0.93290
2004	 4	15	24	0.66490	1.32094	0.89656
2004	 4	16	24	0.65453	1.24815	0.86415
2004	 4	17	24	0.64517	1.18298	0.83508
2004	 4	18	24	0.63661	1.12421	0.80879
2004	 4	19	24	0.62969	1.18608	0.82616
2004	 4	20	24	0.62961	1.18042	0.82411
2004	 4	21	24	0.62238	1.12735	0.80069
2004	 4	22	24	0.61543	1.07488	0.77767
2004	 4	23	24	0.60877	1.02660	0.75631
2004	 4	24	24	0.65613	0.98298	0.77154
2004	 4	25	24	0.65960	1.05109	0.79784
2004	 4	26	24	0.64352	1.01746	0.77556
2004	 4	27	24	0.62971	0.97742	0.75249
2004	 4	28	24	0.61772	0.93747	0.73063
2004	 4	29	24	0.60727	0.90054	0.71082
2004	 4	30	24	0.59801	0.86636	0.69277
2004	 5	 1	24	0.58968	0.83470	0.67620
2004	 5	 2	24	0.58475	0.80588	0.66283
2004	 5	 3	24	0.94530	0.78907	0.89013
2004	 5	 4	24	0.89600	0.86260	0.88421
2004	 5	 5	24	1.63282	0.84878	1.35597
2004	 5	 6	24	3.65071	0.92742	2.68908
2004	 5	 7	24	2.80474	1.16520	2.22580
2004	 5	 8	24	2.18449	1.21816	1.84327
2004	 5	 9	24	1.78503	1.20540	1.58035
2004	 5	10	24	5.19469	1.85115	4.01405
2004	 5	11	24	3.73897	2.15703	3.18037
2004	 5	12	24	2.83611	2.02178	2.54856
2004	 5	13	24	2.28970	1.88040	2.14517
2004	 5	14	24	1.89132	1.74099	1.83824
2004	 5	15	24	3.66999	2.29621	3.18489
2004	 5	16	24	2.96065	2.63295	2.84493
2004	 5	17	24	2.38591	2.38675	2.38621
2004	 5	18	24	1.96543	2.13971	2.02697
2004	 5	19	24	1.64597	1.94020	1.74987
2004	 5	20	24	1.40406	1.78158	1.53737
2004	 5	21	24	1.28227	1.65205	1.41284
2004	 5	22	24	1.60080	1.57818	1.59281
2004	 5	23	24	2.88099	2.25607	2.66033
2004	 5	24	24	2.39242	2.61524	2.47110
2004	 5	25	24	1.97428	2.38969	2.12096
2004	 5	26	24	1.66122	2.13985	1.83023
2004	 5	27	24	1.42978	1.94249	1.61082
2004	 5	28	24	1.25469	1.78231	1.44100
2004	 5	29	24	1.12413	1.64848	1.30928
2004	 5	30	24	1.02508	1.53402	1.20479
2004	 5	31	24	0.94833	1.43397	1.11982
2004	 6	 1	24	0.89126	1.34689	1.05215
2004	 6	 2	24	0.85707	1.29540	1.01185
2004	 6	 3	24	0.82047	1.29678	0.98866
2004	 6	 4	24	0.78680	1.22889	0.94291
2004	 6	 5	24	0.76651	1.17555	0.91095
2004	 6	 6	24	0.74465	1.13033	0.88084
2004	 6	 7	24	0.72301	1.07670	0.84790
2004	 6	 8	24	0.70431	1.02716	0.81831
2004	 6	 9	24	0.68803	0.98210	0.79187
2004	 6	10	24	0.67367	0.94105	0.76808
2004	 6	11	24	0.71482	0.90325	0.78135
2004	 6	12	24	0.71839	1.01139	0.82185
2004	 6	13	24	0.69846	0.99517	0.80323
2004	 6	14	24	0.67902	0.96390	0.77961
2004	 6	15	24	0.66229	0.92848	0.75628
2004	 6	16	24	0.64889	0.89750	0.73668
2004	 6	17	24	0.63633	0.86470	0.71697
2004	 6	18	24	0.62774	0.87432	0.71481
2004	 6	19	24	0.61740	0.84362	0.69728
2004	 6	20	24	0.60789	0.81776	0.68200
2004	 6	21	24	0.59868	0.78905	0.66590
2004	 6	22	24	0.58997	0.76314	0.65112
2004	 6	23	24	0.58455	0.73896	0.63907
2004	 6	24	24	0.57656	0.71557	0.62564
2004	 6	25	24	0.56862	0.69348	0.61271
2004	 6	26	24	0.56092	0.67266	0.60038
2004	 6	27	24	0.55348	0.65305	0.58864
2004	 6	28	24	0.54664	0.63466	0.57772
2004	 6	29	24	0.53965	0.61727	0.56706
2004	 6	30	24	0.53288	0.60087	0.55689
2004	 7	 1	24	0.53984	0.58516	0.55584
2004	 7	 2	24	0.54233	0.57472	0.55377
2004	 7	 3	24	0.53502	0.56045	0.54400
2004	 7	 4	24	0.52804	0.54933	0.53556
2004	 7	 5	24	0.52021	0.53642	0.52594
2004	 7	 6	24	0.51306	0.52428	0.51702
2004	 7	 7	24	0.50568	0.51217	0.50797
2004	 7	 8	24	1.67319	2.44384	1.94531
2004	 7	 9	24	1.36966	2.23200	1.67416
2004	 7	10	24	1.13691	2.02545	1.45067
2004	 7	11	24	0.97349	1.86403	1.28795
2004	 7	12	24	0.95660	1.85200	1.27278
2004	 7	13	24	0.85200	1.78303	1.18076
2004	 7	14	24	0.77260	1.65119	1.08284
2004	 7	15	24	0.71264	1.54427	1.00630
2004	 7	16	24	0.66616	1.46322	0.94761
2004	 7	17	24	0.62955	1.40307	0.90269
2004	 7	18	24	0.60025	1.35047	0.86516
2004	 7	19	24	0.57673	1.29516	0.83041
2004	 7	20	24	0.55710	1.24093	0.79857
2004	 7	21	24	0.54321	1.19252	0.77249
2004	 7	22	24	1.56606	2.17478	1.78101
2004	 7	23	24	1.34920	2.50362	1.75683
2004	 7	24	24	1.13000	2.24661	1.52429
2004	 7	25	24	0.97290	2.00736	1.33818
2004	 7	26	24	0.95046	1.81327	1.25513
2004	 7	27	24	0.84482	1.67795	1.13900
2004	 7	28	24	0.76301	1.54740	1.03999
2004	 7	29	24	0.70073	1.43877	0.96134
2004	 7	30	24	0.65211	1.34810	0.89788
2004	 7	31	24	0.61358	1.27119	0.84579
2004	 8	 1	24	0.58259	1.20500	0.80237
2004	 8	 2	24	0.55709	1.14730	0.76550
2004	 8	 3	24	0.53586	1.09624	0.73374
2004	 8	 4	24	0.51803	1.05046	0.70604
2004	 8	 5	24	0.50287	1.00904	0.68160
2004	 8	 6	24	0.48978	0.97107	0.65973
2004	 8	 7	24	0.47833	0.93582	0.63987
2004	 8	 8	24	0.46821	0.90299	0.62173
2004	 8	 9	24	0.45915	0.87236	0.60506
2004	 8	10	24	0.45094	0.84341	0.58952
2004	 8	11	24	0.44343	0.81608	0.57501
2004	 8	12	24	0.58889	0.84362	0.67884
2004	 8	13	24	0.59050	1.09311	0.76798
2004	 8	14	24	0.56160	1.11923	0.75851
2004	 8	15	24	0.53313	1.09331	0.73094
2004	 8	16	24	0.50949	1.05484	0.70206
2004	 8	17	24	0.63867	1.01272	0.77075
2004	 8	18	24	0.59375	0.97378	0.72794
2004	 8	19	24	0.55328	0.93711	0.68881
2004	 8	20	24	0.52173	0.90483	0.65701
2004	 8	21	24	0.49654	0.87128	0.62886
2004	 8	22	24	0.47609	0.84035	0.60471
2004	 8	23	24	0.45905	0.81148	0.58350
2004	 8	24	24	0.62968	0.80526	0.69168
2004	 8	25	24	0.59697	0.94246	0.71897
2004	 8	26	24	0.93686	1.41169	1.10452
2004	 8	27	24	0.82570	1.58511	1.09385
2004	 8	28	24	0.72461	1.43370	0.97500
2004	 8	29	24	0.64952	1.30610	0.88136
2004	 8	30	24	0.63426	1.25343	0.85289
2004	 8	31	24	0.58284	1.20567	0.80277
2004	 9	 1	24	0.53995	1.12294	0.74581
2004	 9	 2	24	0.50621	1.05374	0.69955
2004	 9	 3	24	0.47925	0.99446	0.66118
2004	 9	 4	24	0.45748	0.94256	0.62876
2004	 9	 5	24	0.43966	0.89694	0.60113
2004	 9	 6	24	0.42488	0.85658	0.57732
2004	 9	 7	24	0.41246	0.82053	0.55656
2004	 9	 8	24	0.40187	0.78810	0.53825
2004	 9	 9	24	0.39274	0.75874	0.52198
2004	 9	10	24	0.38477	0.73192	0.50735
2004	 9	11	24	0.37770	0.70708	0.49401
2004	 9	12	24	0.40569	0.68442	0.50411
2004	 9	13	24	0.39887	0.69084	0.50197
2004	 9	14	24	0.38830	0.67038	0.48791
2004	 9	15	24	0.37905	0.65048	0.47490
2004	 9	16	24	0.37092	0.63163	0.46298
2004	 9	17	24	0.36375	0.61384	0.45206
2004	 9	18	24	0.35740	0.59707	0.44203
2004	 9	19	24	0.35169	0.58124	0.43274
2004	 9	20	24	0.34654	0.56623	0.42412
2004	 9	21	24	0.45456	0.57474	0.49700
2004	 9	22	24	1.10422	1.21049	1.14174
2004	 9	23	24	1.61757	2.06634	1.77604
2004	 9	24	24	1.87414	2.44807	2.07680
2004	 9	25	24	2.00495	2.49360	2.17750
2004	 9	26	24	1.54282	2.14050	1.75387
2004	 9	27	24	1.23049	1.85350	1.45048
2004	 9	28	24	1.01619	1.66317	1.24465
2004	 9	29	24	1.52762	1.95559	1.67874
2004	 9	30	24	1.25961	1.94058	1.50007
2004	10	 1	24	1.03833	1.73500	1.28433
2004	10	 2	24	0.90370	1.61891	1.15625
2004	10	 3	24	0.78271	1.52340	1.04425
2004	10	 4	24	0.68950	1.41108	0.94430
2004	10	 5	24	0.61767	1.31646	0.86442
2004	10	 6	24	0.62315	1.23501	0.83921
2004	10	 7	24	0.57007	1.18123	0.78588
2004	10	 8	24	0.52554	1.12098	0.73580
2004	10	 9	24	0.49200	1.07040	0.69624
2004	10	10	24	0.46480	1.02426	0.66235
2004	10	11	24	0.44288	0.98295	0.63359
2004	10	12	24	0.42515	0.94554	0.60891
2004	10	13	24	0.41067	0.91143	0.58749
2004	10	14	24	0.39866	0.87990	0.56859
2004	10	15	24	0.39610	0.85046	0.55654
2004	10	16	24	0.39495	0.84092	0.55243
2004	10	17	24	0.38701	0.85991	0.55400
2004	10	18	24	0.37865	0.83263	0.53896
2004	10	19	24	0.37137	0.80632	0.52496
2004	10	20	24	0.36492	0.78166	0.51208
2004	10	21	24	0.35970	0.75979	0.50097
2004	10	22	24	0.35444	0.73787	0.48983
2004	10	23	24	0.34960	0.71677	0.47925
2004	10	24	24	0.34508	0.69658	0.46920
2004	10	25	24	0.34082	0.67733	0.45964
2004	10	26	24	0.40718	0.66906	0.49965
2004	10	27	24	0.40330	0.71281	0.51259
2004	10	28	24	0.38821	0.70028	0.49841
2004	10	29	24	0.37936	0.68499	0.48728
2004	10	30	24	0.37210	0.71868	0.49448
2004	10	31	24	0.36166	0.74927	0.49853
2004	11	 1	24	0.35205	0.72731	0.48456
2004	11	 2	24	0.34405	0.70558	0.47171
2004	11	 3	24	0.33725	0.68422	0.45977
2004	11	 4	24	0.33106	0.66331	0.44839
2004	11	 5	24	0.32594	0.64406	0.43827
2004	11	 6	24	0.54663	0.81369	0.64093
2004	11	 7	24	1.13602	1.20280	1.15960
2004	11	 8	24	1.77432	1.29026	1.60339
2004	11	 9	24	3.60620	1.30652	2.79416
2004	11	10	24	2.56177	1.20940	2.08424
2004	11	11	24	2.13514	1.51115	1.91481
2004	11	12	24	1.93541	2.06401	1.98082
2004	11	13	24	1.78051	2.12497	1.90214
2004	11	14	24	1.41755	1.88471	1.58251
2004	11	15	24	1.17021	1.68263	1.35115
2004	11	16	24	1.92707	2.44595	2.11029
2004	11	17	24	1.85900	3.68466	2.50366
2004	11	18	24	5.06208	7.61775	5.96452
2004	11	19	24	3.88801	6.30396	4.74110
2004	11	20	24	3.00167	5.19443	3.77596
2004	11	21	24	2.44854	4.41747	3.14379
2004	11	22	24	4.81424	5.34101	5.00025
2004	11	23	24	4.82326	6.51036	5.41899
2004	11	24	24	3.52075	6.11593	4.43713
2004	11	25	24	2.70224	5.25819	3.60477
2004	11	26	24	2.18881	4.60963	3.04363
2004	11	27	24	2.03778	4.42934	2.88226
2004	11	28	24	1.71628	4.56268	2.72138
2004	11	29	24	1.45834	4.23804	2.43988
2004	11	30	24	1.24297	3.92273	2.18922
2004	12	 1	24	1.18554	3.70062	2.07364
2004	12	 2	24	1.03706	3.64734	1.95878
2004	12	 3	24	0.91595	3.26724	1.74621
2004	12	 4	24	0.82490	2.95820	1.57819
2004	12	 5	24	0.75600	2.74853	1.45958
2004	12	 6	24	0.69884	2.56494	1.35778
2004	12	 7	24	0.65263	2.38555	1.26455
2004	12	 8	24	0.61588	2.22152	1.18285
2004	12	 9	24	0.58594	2.11785	1.12688
2004	12	10	24	0.56161	2.10579	1.10688
2004	12	11	24	0.54162	2.17824	1.11953
2004	12	12	24	0.52535	2.13212	1.09272
2004	12	13	24	0.51209	1.96219	1.02414
2004	12	14	24	0.50108	1.81043	0.96343
2004	12	15	24	0.49183	1.67842	0.91083
2004	12	16	24	0.48397	1.56649	0.86622
2004	12	17	24	0.52687	1.46562	0.85836
2004	12	18	24	1.14742	1.37640	1.22827
2004	12	19	24	1.07462	1.29761	1.15336
2004	12	20	24	1.07361	1.22764	1.12800
2004	12	21	24	1.05275	1.16559	1.09259
2004	12	22	24	0.98416	1.11445	1.03016
2004	12	23	24	1.16971	1.06181	1.13161
2004	12	24	24	1.18763	1.19879	1.19157
2004	12	25	24	1.40008	1.66071	1.49211
2004	12	26	24	2.75036	1.98580	2.48039
2004	12	27	24	2.45072	1.89615	2.25489
2004	12	28	24	2.06833	1.74968	1.95581
2004	12	29	24	1.85503	1.61988	1.77200
2004	12	30	24	1.70048	1.52442	1.63831
2004	12	31	24	1.91257	1.70767	1.84022
2005	 1	 1	24	1.77709	2.15638	1.91102
2005	 1	 2	24	1.56275	2.47469	1.88476
2005	 1	 3	24	2.47781	2.47622	2.47725
2005	 1	 4	24	2.29564	2.54913	2.38515
2005	 1	 5	24	2.45114	3.00487	2.64666
2005	 1	 6	24	2.16611	3.31163	2.57060
2005	 1	 7	24	1.89385	3.84321	2.58219
2005	 1	 8	24	1.64710	4.83784	2.77378
2005	 1	 9	24	1.40098	5.23587	2.75512
2005	 1	10	24	1.20028	5.28183	2.64152
2005	 1	11	24	1.04320	5.19094	2.50781
2005	 1	12	24	0.92173	4.91044	2.33018
2005	 1	13	24	0.92324	4.90501	2.32925
2005	 1	14	24	0.87400	4.41176	2.12322
2005	 1	15	24	0.79837	3.83502	1.87064
2005	 1	16	24	0.73324	3.35836	1.66020
2005	 1	17	24	0.68092	2.97622	1.49142
2005	 1	18	24	0.63850	2.63179	1.34235
2005	 1	19	24	0.69056	2.34399	1.27441
2005	 1	20	24	5.08462	4.18841	4.76816
2005	 1	21	24	5.51955	5.22908	5.41698
2005	 1	22	24	4.89293	5.09738	4.96512
2005	 1	23	24	4.21404	4.51998	4.32207
2005	 1	24	24	3.40579	3.96602	3.60361
2005	 1	25	24	2.78019	3.47613	3.02593
2005	 1	26	24	2.29746	3.04643	2.56193
2005	 1	27	24	1.92264	2.69281	2.19460
2005	 1	28	24	1.63009	2.39436	1.89996
2005	 1	29	24	1.40057	2.14153	1.66221
2005	 1	30	24	1.21980	1.93110	1.47097
2005	 1	31	24	2.10634	1.75594	1.98261
2005	 2	 1	24	2.03926	1.60886	1.88728
2005	 2	 2	24	2.58795	1.48447	2.19830
2005	 2	 3	24	2.60265	1.38703	2.17340
2005	 2	 4	24	2.42507	1.29942	2.02759
2005	 2	 5	24	2.46825	1.22230	2.02829
2005	 2	 6	24	2.46350	1.15339	2.00089
2005	 2	 7	24	2.41552	1.09068	1.94770
2005	 2	 8	24	2.33690	1.03529	1.87729
2005	 2	 9	24	2.49789	0.98520	1.96374
2005	 2	10	24	3.61163	0.94224	2.66904
2005	 2	11	24	4.72074	0.95908	3.39245
2005	 2	12	24	7.07612	2.05546	5.30327
2005	 2	13	24	6.84240	3.00116	5.48602
2005	 2	14	24	5.48518	2.93474	4.58459
2005	 2	15	24	4.42251	2.67311	3.80478
2005	 2	16	24	3.62099	2.41686	3.19580
2005	 2	17	24	2.98019	2.18635	2.69988
2005	 2	18	24	2.48225	1.98428	2.30641
2005	 2	19	24	2.09332	1.81280	1.99426
2005	 2	20	24	1.88055	1.66387	1.80404
2005	 2	21	24	1.81406	1.53834	1.71670
2005	 2	22	24	1.57343	1.43009	1.52282
2005	 2	23	24	1.39147	1.33516	1.37159
2005	 2	24	24	1.25460	1.25247	1.25385
2005	 2	25	24	1.14348	1.17908	1.15605
2005	 2	26	24	1.12632	1.11088	1.12087
2005	 2	27	24	1.02523	1.05033	1.03409
2005	 2	28	24	0.94202	0.99673	0.96134
2005	 3	 1	24	0.89673	0.94912	0.91523
2005	 3	 2	24	1.05629	0.90605	1.00324
2005	 3	 3	24	1.24173	0.86683	1.10935
2005	 3	 4	24	1.33788	0.83125	1.15899
2005	 3	 5	24	1.45154	0.79878	1.22105
2005	 3	 6	24	1.28039	0.76898	1.09981
2005	 3	 7	24	1.23262	0.74159	1.05923
2005	 3	 8	24	1.30494	0.71632	1.09709
2005	 3	 9	24	1.53192	0.69289	1.23565
2005	 3	10	24	1.75941	0.67107	1.37511
2005	 3	11	24	2.46194	0.65068	1.82236
2005	 3	12	24	2.93983	0.63157	2.12476
2005	 3	13	24	2.78931	0.61357	2.02103
2005	 3	14	24	2.90328	0.59698	2.08890
2005	 3	15	24	3.57327	0.58430	2.51783
2005	 3	16	24	5.11275	0.76049	3.57592
2005	 3	17	24	7.67743	3.06200	6.04767
2005	 3	18	24	10.92258	7.62232	9.75722
2005	 3	19	24	8.59181	6.86615	7.98246
2005	 3	20	24	7.11468	6.13884	6.77010
2005	 3	21	24	6.15757	5.90074	6.06688
2005	 3	22	24	5.55260	5.93031	5.68597
2005	 3	23	24	5.21164	6.55232	5.68505
2005	 3	24	24	5.23203	8.37637	6.34233
2005	 3	25	24	5.62475	10.93039	7.49823
2005	 3	26	24	5.11070	12.42907	7.69490
2005	 3	27	24	4.60575	13.29352	7.67350
2005	 3	28	24	4.08887	13.71754	7.48886
2005	 3	29	24	3.67565	14.08761	7.35223
2005	 3	30	24	3.20127	13.90483	6.98082
2005	 3	31	24	2.74529	13.03403	6.37836
2005	 4	 1	24	2.37765	11.68284	5.66342
2005	 4	 2	24	2.08747	11.23945	5.31913
2005	 4	 3	24	1.81722	12.07524	5.43944
2005	 4	 4	24	1.56916	13.62369	5.82575
2005	 4	 5	24	1.38149	13.65449	5.71522
2005	 4	 6	24	1.24520	12.15131	5.09626
2005	 4	 7	24	1.14673	10.60830	4.48771
2005	 4	 8	24	1.07132	8.89853	3.83519
2005	 4	 9	24	1.02407	7.25814	3.22539
2005	 4	10	24	0.99092	6.56048	2.95759
2005	 4	11	24	0.95121	5.40488	2.52385
2005	 4	12	24	0.91765	4.60184	2.21858
2005	 4	13	24	0.88859	3.92806	1.96186
2005	 4	14	24	0.86348	3.38229	1.75290
2005	 4	15	24	0.84136	2.96023	1.58956
2005	 4	16	24	0.82150	2.62872	1.45965
2005	 4	17	24	0.80361	2.36118	1.35361
2005	 4	18	24	0.78837	2.15027	1.26927
2005	 4	19	24	0.77314	1.96409	1.19368
2005	 4	20	24	0.75892	1.80682	1.12894
2005	 4	21	24	0.74561	1.67233	1.07285
2005	 4	22	24	0.73302	1.55657	1.02382
2005	 4	23	24	0.72110	1.45567	0.98048
2005	 4	24	24	0.70976	1.36696	0.94183
2005	 4	25	24	0.69890	1.28852	0.90710
2005	 4	26	24	0.68975	1.23690	0.88296
2005	 4	27	24	0.67996	1.17219	0.85377
2005	 4	28	24	0.67393	1.13202	0.83568
2005	 4	29	24	0.66422	1.07637	0.80976
2005	 4	30	24	0.65474	1.02499	0.78548
2005	 5	 1	24	0.64540	0.97781	0.76278
2005	 5	 2	24	0.63627	0.93428	0.74150
2005	 5	 3	24	0.62767	0.89433	0.72183
2005	 5	 4	24	0.70941	0.95192	0.79504
2005	 5	 5	24	0.71242	1.04089	0.82841
2005	 5	 6	24	0.75976	1.01672	0.85049
2005	 5	 7	24	0.92577	1.03042	0.96273
2005	 5	 8	24	0.87248	1.11920	0.95960
2005	 5	 9	24	0.81402	1.09228	0.91228
2005	 5	10	24	0.76650	1.05409	0.86805
2005	 5	11	24	0.72802	1.01540	0.82950
2005	 5	12	24	0.69821	0.99311	0.80234
2005	 5	13	24	0.67238	0.95523	0.77226
2005	 5	14	24	0.65063	0.91734	0.74481
2005	 5	15	24	0.63319	0.88240	0.72119
2005	 5	16	24	1.11843	0.85832	1.02658
2005	 5	17	24	1.03784	1.04109	1.03899
2005	 5	18	24	0.93165	1.06809	0.97982
2005	 5	19	24	0.85004	1.05980	0.92411
2005	 5	20	24	0.78587	1.03109	0.87246
2005	 5	21	24	0.73473	0.99736	0.82747
2005	 5	22	24	0.69501	0.96665	0.79092
2005	 5	23	24	1.35329	1.01807	1.23492
2005	 5	24	24	1.19860	1.21065	1.20285
2005	 5	25	24	1.04039	1.20211	1.09749
2005	 5	26	24	0.92478	1.15855	1.00733
2005	 5	27	24	0.83807	1.11025	0.93418
2005	 5	28	24	0.77112	1.06545	0.87505
2005	 5	29	24	0.71872	1.02117	0.82552
2005	 5	30	24	0.67706	0.97969	0.78392
2005	 5	31	24	0.64397	0.94136	0.74898
2005	 6	 1	24	0.61633	0.90284	0.71750
2005	 6	 2	24	0.59332	0.86691	0.68993
2005	 6	 3	24	0.57390	0.83295	0.66537
2005	 6	 4	24	0.55729	0.80137	0.64348
2005	 6	 5	24	0.54288	0.77188	0.62374
2005	 6	 6	24	0.53461	0.74456	0.60875
2005	 6	 7	24	0.54306	0.78446	0.62830
2005	 6	 8	24	0.53479	0.79624	0.62711
2005	 6	 9	24	0.52340	0.77490	0.61221
2005	 6	10	24	0.51263	0.75038	0.59658
2005	 6	11	24	0.50368	0.72635	0.58230
2005	 6	12	24	0.49467	0.70231	0.56799
2005	 6	13	24	0.48635	0.67949	0.55455
2005	 6	14	24	1.58545	1.73475	1.63817
2005	 6	15	24	1.31715	1.75479	1.47169
2005	 6	16	24	1.09349	1.72415	1.31618
2005	 6	17	24	0.94666	1.68713	1.20813
2005	 6	18	24	0.83551	1.62823	1.11542
2005	 6	19	24	0.75240	1.55372	1.03536
2005	 6	20	24	0.68946	1.49883	0.97526
2005	 6	21	24	0.64050	1.45257	0.92725
2005	 6	22	24	0.60182	1.39565	0.88213
2005	 6	23	24	0.57036	1.33568	0.84060
2005	 6	24	24	0.54481	1.27490	0.80261
2005	 6	25	24	0.67428	1.24702	0.87652
2005	 6	26	24	0.64510	1.31791	0.88268
2005	 6	27	24	0.60312	1.25416	0.83301
2005	 6	28	24	0.56928	1.19543	0.79038
2005	 6	29	24	0.54129	1.14329	0.75386
2005	 6	30	24	0.52295	1.09657	0.72550
2005	 7	 1	24	0.91425	1.12635	0.98915
2005	 7	 2	24	0.82803	1.22894	0.96960
2005	 7	 3	24	0.73703	1.16831	0.88932
2005	 7	 4	24	0.67185	1.14442	0.83872
2005	 7	 5	24	1.58576	1.70832	1.62904
2005	 7	 6	24	1.31496	1.88739	1.51709
2005	 7	 7	24	1.14498	1.72572	1.35005
2005	 7	 8	24	1.82922	2.12697	1.93436
2005	 7	 9	24	1.47089	2.26565	1.75153
2005	 7	10	24	1.19779	2.02352	1.48937
2005	 7	11	24	1.01168	1.82285	1.29811
2005	 7	12	24	0.87890	1.66091	1.15503
2005	 7	13	24	0.78093	1.53116	1.04585
2005	 7	14	24	0.70686	1.42250	0.95956
2005	 7	15	24	0.64955	1.33057	0.89002
2005	 7	16	24	0.60493	1.25197	0.83340
2005	 7	17	24	0.56866	1.18204	0.78525
2005	 7	18	24	0.53931	1.12044	0.74452
2005	 7	19	24	0.85530	1.08014	0.93469
2005	 7	20	24	0.96468	1.38661	1.11367
2005	 7	21	24	1.31006	1.99555	1.55211
2005	 7	22	24	1.11819	2.18357	1.49439
2005	 7	23	24	0.95084	1.97010	1.31075
2005	 7	24	24	0.82989	1.77801	1.16468
2005	 7	25	24	0.74105	1.63593	1.05704
2005	 7	26	24	0.67304	1.50825	0.96796
2005	 7	27	24	0.62006	1.40089	0.89578
2005	 7	28	24	0.57830	1.30794	0.83594
2005	 7	29	24	0.80029	1.28393	0.97107
2005	 7	30	24	0.88839	1.63505	1.15204
2005	 7	31	24	0.78203	1.57883	1.06339
2005	 8	 1	24	0.69971	1.46605	0.97031
2005	 8	 2	24	0.66958	1.36098	0.91372
2005	 8	 3	24	0.61922	1.27324	0.85016
2005	 8	 4	24	0.57588	1.19638	0.79498
2005	 8	 5	24	1.06266	1.21135	1.11517
2005	 8	 6	24	0.96247	1.41543	1.12241
2005	 8	 7	24	0.83355	1.34299	1.01344
2005	 8	 8	24	0.73776	1.26416	0.92364
2005	 8	 9	24	0.66579	1.18770	0.85008
2005	 8	10	24	0.60963	1.11748	0.78896
2005	 8	11	24	0.56570	1.05578	0.73875
2005	 8	12	24	0.76432	1.00555	0.84950
2005	 8	13	24	0.69669	1.04698	0.82038
2005	 8	14	24	0.63163	1.00282	0.76270
2005	 8	15	24	0.59441	1.02201	0.74540
2005	 8	16	24	0.55356	1.10135	0.74699
2005	 8	17	24	0.51936	1.04747	0.70584
2005	 8	18	24	0.49195	0.99334	0.66900
2005	 8	19	24	0.46973	0.94354	0.63704
2005	 8	20	24	0.82171	1.20911	0.95850
2005	 8	21	24	0.75482	1.41466	0.98782
2005	 8	22	24	1.96413	2.72980	2.23450
2005	 8	23	24	1.68622	2.70088	2.04451
2005	 8	24	24	1.33331	2.32978	1.68518
2005	 8	25	24	1.10027	2.04173	1.43271
2005	 8	26	24	0.93019	1.82656	1.24671
2005	 8	27	24	0.80658	1.65588	1.10648
2005	 8	28	24	0.71509	1.51802	0.99861
2005	 8	29	24	0.64575	1.40551	0.91403
2005	 8	30	24	0.59230	1.31227	0.84653
2005	 8	31	24	0.55030	1.23229	0.79112
2005	 9	 1	24	0.51663	1.16194	0.74450
2005	 9	 2	24	0.48935	1.09920	0.70469
2005	 9	 3	24	0.46700	1.04255	0.67023
2005	 9	 4	24	0.44856	0.99088	0.64006
2005	 9	 5	24	0.43315	0.94365	0.61341
2005	 9	 6	24	0.42017	0.90100	0.58996
2005	 9	 7	24	0.40908	0.86218	0.56908
2005	 9	 8	24	0.39950	0.82675	0.55037
2005	 9	 9	24	0.39112	0.79437	0.53351
2005	 9	10	24	1.76789	1.20831	1.57030
2005	 9	11	24	1.42733	1.62168	1.49596
2005	 9	12	24	3.10744	2.97582	3.06096
2005	 9	13	24	2.19749	2.84405	2.42580
2005	 9	14	24	1.64989	2.41566	1.92029
2005	 9	15	24	1.50551	2.37575	1.81280
2005	 9	16	24	1.93830	2.67957	2.20005
2005	 9	17	24	1.67883	2.54612	1.98508
2005	 9	18	24	1.34177	2.26681	1.66841
2005	 9	19	24	1.10590	2.05005	1.43929
2005	 9	20	24	0.93785	1.87145	1.26752
2005	 9	21	24	0.81524	1.72225	1.13552
2005	 9	22	24	0.72411	1.59619	1.03205
2005	 9	23	24	0.65515	1.49084	0.95024
2005	 9	24	24	0.60213	1.40136	0.88435
2005	 9	25	24	0.56077	1.32384	0.83022
2005	 9	26	24	0.52824	1.25536	0.78499
2005	 9	27	24	0.50237	1.19378	0.74652
2005	 9	28	24	0.48158	1.13825	0.71346
2005	 9	29	24	0.60227	1.08718	0.77349
2005	 9	30	24	0.57628	1.21467	0.80171
2005	10	 1	24	0.86423	1.19401	0.98068
2005	10	 2	24	1.09948	1.30792	1.17308
2005	10	 3	24	0.94356	1.35488	1.08880
2005	10	 4	24	0.81738	1.28033	0.98086
2005	10	 5	24	0.72292	1.21198	0.89561
2005	10	 6	24	0.65066	1.15015	0.82703
2005	10	 7	24	0.59465	1.09489	0.77129
2005	10	 8	24	0.55106	1.04493	0.72545
2005	10	 9	24	0.51651	0.99892	0.68685
2005	10	10	24	0.48884	0.95681	0.65408
2005	10	11	24	0.46643	0.91760	0.62574
2005	10	12	24	0.44805	0.88078	0.60085
2005	10	13	24	0.43282	0.84665	0.57895
2005	10	14	24	0.42005	0.81496	0.55950
2005	10	15	24	0.40919	0.78557	0.54210
2005	10	16	24	0.39981	0.75809	0.52632
2005	10	17	24	0.39157	0.73229	0.51189
2005	10	18	24	0.38425	0.70809	0.49860
2005	10	19	24	0.37770	0.68533	0.48632
2005	10	20	24	0.37176	0.66394	0.47493
2005	10	21	24	0.36631	0.64388	0.46432
2005	10	22	24	0.36122	0.62503	0.45438
2005	10	23	24	0.35667	0.60733	0.44518
2005	10	24	24	0.35649	0.62456	0.45115
2005	10	25	24	0.35244	0.61079	0.44367
2005	10	26	24	0.34851	0.59587	0.43586
2005	10	27	24	0.34450	0.57991	0.42762
2005	10	28	24	0.34062	0.56464	0.41973
2005	10	29	24	0.33688	0.55013	0.41218
2005	10	30	24	0.33325	0.53634	0.40497
2005	10	31	24	0.32971	0.52323	0.39805
2005	11	 1	24	0.32627	0.51074	0.39141
2005	11	 2	24	0.32300	0.49904	0.38516
2005	11	 3	24	0.31971	0.48764	0.37901
2005	11	 4	24	0.31662	0.47704	0.37327
2005	11	 5	24	0.31355	0.46679	0.36766
2005	11	 6	24	0.31260	0.47303	0.36925
2005	11	 7	24	0.30973	0.46427	0.36430
2005	11	 8	24	0.30674	0.45465	0.35897
2005	11	 9	24	0.30380	0.44514	0.35371
2005	11	10	24	0.30092	0.43601	0.34862
2005	11	11	24	0.29810	0.42724	0.34370
2005	11	12	24	0.29533	0.41881	0.33893
2005	11	13	24	0.29260	0.41071	0.33431
2005	11	14	24	0.28993	0.40295	0.32984
2005	11	15	24	0.28730	0.39542	0.32548
2005	11	16	24	0.28816	0.39201	0.32483
2005	11	17	24	0.30739	0.41409	0.34506
2005	11	18	24	0.31072	0.41248	0.34666
2005	11	19	24	0.30761	0.40791	0.34303
2005	11	20	24	0.67043	0.40228	0.57574
2005	11	21	24	0.81954	0.39931	0.67115
2005	11	22	24	0.73677	0.39327	0.61548
2005	11	23	24	0.63082	0.38688	0.54468
2005	11	24	24	0.55294	0.38054	0.49207
2005	11	25	24	0.49499	0.37425	0.45236
2005	11	26	24	0.63114	0.36800	0.53822
2005	11	27	24	0.56089	0.36215	0.49071
2005	11	28	24	0.51742	0.35614	0.46047
2005	11	29	24	0.52315	0.35024	0.46209
2005	11	30	24	0.50167	0.34491	0.44632
2005	12	 1	24	0.50944	0.33965	0.44949
2005	12	 2	24	0.48755	0.33494	0.43366
2005	12	 3	24	0.66746	0.32968	0.54818
2005	12	 4	24	0.95744	0.32457	0.73397
2005	12	 5	24	0.91612	0.32186	0.70628
2005	12	 6	24	0.86197	0.31819	0.66995
2005	12	 7	24	0.78868	0.32750	0.62583
2005	12	 8	24	0.78554	0.32519	0.62298
2005	12	 9	24	0.68783	0.32714	0.56047
2005	12	10	24	0.61442	0.32364	0.51174
2005	12	11	24	0.55409	0.31993	0.47141
2005	12	12	24	0.57906	0.31560	0.48603
2005	12	13	24	0.54750	0.32983	0.47064
2005	12	14	24	0.59342	0.32988	0.50036
2005	12	15	24	1.99676	0.32868	1.40774
2005	12	16	24	3.25235	0.36220	2.23180
2005	12	17	24	2.33109	0.36866	1.63814
2005	12	18	24	1.77044	0.37024	1.27601
2005	12	19	24	1.67227	0.36908	1.21210
2005	12	20	24	2.54346	0.36615	1.77462
2005	12	21	24	2.13301	0.36294	1.50798
2005	12	22	24	2.33051	0.36054	1.63489
2005	12	23	24	2.64617	0.36842	1.84187
2005	12	24	24	3.14661	0.41945	2.18362
2005	12	25	24	2.62146	0.45124	1.85513
2005	12	26	24	2.23919	0.44135	1.60435
2005	12	27	24	1.81905	0.42699	1.32750
2005	12	28	24	1.48111	0.41410	1.10434
2005	12	29	24	1.22867	0.40273	0.93702
2005	12	30	24	1.14731	0.39272	0.88086
2005	12	31	24	1.10071	0.38388	0.84759
2006	 1	 1	24	1.28223	0.37592	0.96220
2006	 1	 2	24	1.29562	0.36915	0.96848
2006	 1	 3	24	1.25465	0.36369	0.94005
2006	 1	 4	24	1.06303	0.35751	0.81390
2006	 1	 5	24	0.91842	0.35168	0.71830
2006	 1	 6	24	0.85056	0.34614	0.67244
2006	 1	 7	24	0.79763	0.34197	0.63673
2006	 1	 8	24	0.72015	0.33670	0.58475
2006	 1	 9	24	0.90936	0.33192	0.70546
2006	 1	10	24	1.09779	0.33977	0.83012
2006	 1	11	24	1.39491	0.38166	1.03712
2006	 1	12	24	1.31115	0.42034	0.99659
2006	 1	13	24	1.19615	0.40765	0.91772
2006	 1	14	24	1.17673	0.41918	0.90923
2006	 1	15	24	1.05489	0.40314	0.82475
2006	 1	16	24	0.95401	0.38734	0.75391
2006	 1	17	24	1.07220	0.37371	0.82556
2006	 1	18	24	1.03177	0.36184	0.79521
2006	 1	19	24	0.89214	0.35157	0.70126
2006	 1	20	24	1.99112	0.39617	1.42792
2006	 1	21	24	3.31665	0.52257	2.33003
2006	 1	22	24	2.66555	0.51330	1.90557
2006	 1	23	24	2.15062	0.47606	1.55932
2006	 1	24	24	1.94633	0.44568	1.41643
2006	 1	25	24	1.62757	0.42095	1.20150
2006	 1	26	24	1.35980	0.40049	1.02105
2006	 1	27	24	1.24720	0.38347	0.94221
2006	 1	28	24	1.28490	0.41413	0.97742
2006	 1	29	24	1.24140	0.48675	0.97492
2006	 1	30	24	1.17752	0.52617	0.94752
2006	 1	31	24	1.11236	0.56787	0.92009
2006	 2	 1	24	1.24325	0.81922	1.09352
2006	 2	 2	24	1.21275	0.96575	1.12553
2006	 2	 3	24	1.02784	0.88798	0.97845
2006	 2	 4	24	0.88607	0.78297	0.84966
2006	 2	 5	24	0.77790	0.70214	0.75115
2006	 2	 6	24	0.86593	0.63647	0.78490
2006	 2	 7	24	3.50986	1.35801	2.75002
2006	 2	 8	24	3.81745	1.46325	2.98615
2006	 2	 9	24	4.00112	1.33927	3.06119
2006	 2	10	24	4.08567	1.15790	3.05184
2006	 2	11	24	3.48975	1.01345	2.61534
2006	 2	12	24	3.06939	0.90030	2.30346
2006	 2	13	24	2.90417	0.81790	2.16748
2006	 2	14	24	2.94208	0.79906	2.18536
2006	 2	15	24	2.97187	0.73997	2.18376
2006	 2	16	24	3.20908	0.76164	2.34486
2006	 2	17	24	3.25895	0.90895	2.42914
2006	 2	18	24	2.97458	0.99509	2.27560
2006	 2	19	24	2.70850	1.15282	2.15917
2006	 2	20	24	2.37032	1.18496	1.95175
2006	 2	21	24	2.02531	1.08598	1.69362
2006	 2	22	24	1.69604	0.96830	1.43907
2006	 2	23	24	1.44149	0.87357	1.24096
2006	 2	24	24	1.33119	0.81791	1.14995
2006	 2	25	24	1.16182	0.75779	1.01915
2006	 2	26	24	1.01842	0.70597	0.90809
2006	 2	27	24	0.99116	0.66379	0.87556
2006	 2	28	24	1.29900	0.62901	1.06242
2006	 3	 1	24	1.60665	0.59951	1.25102
2006	 3	 2	24	1.79737	0.57454	1.36558
2006	 3	 3	24	1.93567	0.55402	1.44779
2006	 3	 4	24	1.69812	0.53582	1.28770
2006	 3	 5	24	1.74124	0.52001	1.31001
2006	 3	 6	24	1.83950	0.50821	1.36941
2006	 3	 7	24	1.95742	0.49634	1.44150
2006	 3	 8	24	2.07546	0.48492	1.51382
2006	 3	 9	24	3.02968	0.47675	2.12821
2006	 3	10	24	3.46486	0.52995	2.42851
2006	 3	11	24	3.81217	0.57558	2.66930
2006	 3	12	24	3.13518	0.55456	2.22393
2006	 3	13	24	2.58658	0.53320	1.86151
2006	 3	14	24	2.21353	0.51367	1.61329
2006	 3	15	24	1.88505	0.49573	1.39447
2006	 3	16	24	1.74785	0.47985	1.30010
2006	 3	17	24	1.59054	0.46564	1.19332
2006	 3	18	24	1.50904	0.45294	1.13612
2006	 3	19	24	2.05976	0.49415	1.50693
2006	 3	20	24	2.53122	0.67912	1.87723
2006	 3	21	24	2.71274	0.86620	2.06071
2006	 3	22	24	2.46784	0.99014	1.94605
2006	 3	23	24	2.20137	1.05315	1.79592
2006	 3	24	24	2.00859	1.15957	1.70880
2006	 3	25	24	2.01395	1.63267	1.87932
2006	 3	26	24	2.91049	3.62362	3.16230
2006	 3	27	24	3.07725	5.18181	3.82040
2006	 3	28	24	2.87993	5.72140	3.88328
2006	 3	29	24	2.62125	6.05567	3.83398
2006	 3	30	24	3.86036	8.45130	5.48147
2006	 3	31	24	3.57400	9.27026	5.58541
2006	 4	 1	24	3.26888	10.13365	5.69290
2006	 4	 2	24	2.96090	10.98832	5.79547
2006	 4	 3	24	2.60150	11.07040	5.59197
2006	 4	 4	24	2.18421	10.33121	5.06101
2006	 4	 5	24	1.85134	9.65716	4.60766
2006	 4	 6	24	1.63654	8.90092	4.20167
2006	 4	 7	24	1.51152	8.48790	3.97496
2006	 4	 8	24	1.45561	8.97629	4.11125
2006	 4	 9	24	1.36033	9.95443	4.39500
2006	 4	10	24	1.42702	9.83938	4.39751
2006	 4	11	24	1.28728	8.78319	3.93417
2006	 4	12	24	1.15776	7.44567	3.37809
2006	 4	13	24	1.12677	6.85734	3.15029
2006	 4	14	24	1.18078	8.09847	3.62349
2006	 4	15	24	1.12118	9.87863	4.21353
2006	 4	16	24	1.22342	12.28486	5.12933
2006	 4	17	24	1.11822	14.49030	5.84005
2006	 4	18	24	0.99864	14.27700	5.68737
2006	 4	19	24	0.90351	13.37881	5.30868
2006	 4	20	24	0.82690	12.74654	5.03586
2006	 4	21	24	0.76482	12.01509	4.73741
2006	 4	22	24	0.71660	10.70758	4.24452
2006	 4	23	24	0.68153	9.08487	3.64884
2006	 4	24	24	0.65467	7.44716	3.05317
2006	 4	25	24	0.63272	6.06180	2.54979
2006	 4	26	24	0.61479	4.91842	2.13445
2006	 4	27	24	0.60024	4.26849	1.89554
2006	 4	28	24	0.58842	3.63108	1.66282
2006	 4	29	24	0.82227	3.18064	1.65504
