YY	MM	DD	HH	"1"	"2"
routed discharge [mm per subbasi] routing_model
--	--	--	--	1.0000000	0.3531109
2000	 8	 1	24	0.55695	0.63571
2000	 8	 2	24	0.54590	0.61693
2000	 8	 3	24	0.53216	0.59945
2000	 8	 4	24	0.51954	0.58312
2000	 8	 5	24	0.50788	0.56768
2000	 8	 6	24	0.49701	0.55313
2000	 8	 7	24	0.48753	0.54159
2000	 8	 8	24	0.47946	0.52936
2000	 8	 9	24	0.47050	0.51670
2000	 8	10	24	0.46175	0.50467
2000	 8	11	24	0.45350	0.49323
2000	 8	12	24	0.44553	0.48231
2000	 8	13	24	0.43789	0.47190
2000	 8	14	24	0.43055	0.46195
2000	 8	15	24	0.42351	0.45243
2000	 8	16	24	0.42534	0.48839
2000	 8	17	24	0.43022	0.48852
2000	 8	18	24	0.42625	0.48296
2000	 8	19	24	0.42087	0.47568
2000	 8	20	24	0.44469	0.46700
2000	 8	21	24	1.62182	0.94085
2000	 8	22	24	1.43979	1.09535
2000	 8	23	24	1.23506	1.04752
2000	 8	24	24	1.05313	0.95042
2000	 8	25	24	0.91616	0.87446
2000	 8	26	24	0.81532	0.81755
2000	 8	27	24	0.73915	0.76878
2000	 8	28	24	0.70553	0.72819
2000	 8	29	24	0.65412	0.69436
2000	 8	30	24	0.61241	0.66569
2000	 8	31	24	0.57899	0.64053
2000	 9	 1	24	0.55646	0.61983
2000	 9	 2	24	0.54066	0.61446
2000	 9	 3	24	2.76403	2.76293
2000	 9	 4	24	2.40425	2.39237
2000	 9	 5	24	1.91303	2.00930
2000	 9	 6	24	2.13033	2.45320
2000	 9	 7	24	1.85184	2.22346
2000	 9	 8	24	1.54165	1.87021
2000	 9	 9	24	1.31287	1.64969
2000	 9	10	24	1.15289	1.50937
2000	 9	11	24	1.03860	1.40299
2000	 9	12	24	0.94752	1.30745
2000	 9	13	24	0.87393	1.22549
2000	 9	14	24	0.81489	1.15431
2000	 9	15	24	0.76615	1.09041
2000	 9	16	24	0.72476	1.03602
2000	 9	17	24	0.69107	0.98969
2000	 9	18	24	0.66297	0.94873
2000	 9	19	24	0.63824	0.91240
2000	 9	20	24	0.61675	0.87994
2000	 9	21	24	0.59783	0.85067
2000	 9	22	24	0.58184	0.82507
2000	 9	23	24	0.56683	0.80024
2000	 9	24	24	0.55282	0.77655
2000	 9	25	24	0.54006	0.75378
2000	 9	26	24	0.52781	0.73250
2000	 9	27	24	0.51637	0.71256
2000	 9	28	24	0.50575	0.69393
2000	 9	29	24	0.49569	0.67636
2000	 9	30	24	0.48610	0.65953
2000	10	 1	24	1.16707	1.54802
2000	10	 2	24	1.26448	1.81459
2000	10	 3	24	1.17784	1.71446
2000	10	 4	24	1.05759	1.56984
2000	10	 5	24	1.04226	1.47845
2000	10	 6	24	1.57971	1.75803
2000	10	 7	24	3.68037	2.95810
2000	10	 8	24	3.02718	2.80485
2000	10	 9	24	2.39595	2.36168
2000	10	10	24	1.93967	2.06581
2000	10	11	24	1.63054	1.85106
2000	10	12	24	1.40455	1.68487
2000	10	13	24	1.23445	1.55042
2000	10	14	24	1.10377	1.43560
2000	10	15	24	0.99923	1.34107
2000	10	16	24	0.91599	1.26176
2000	10	17	24	0.84926	1.19412
2000	10	18	24	0.89611	1.14120
2000	10	19	24	0.87429	1.26423
2000	10	20	24	0.84393	1.21253
2000	10	21	24	0.79624	1.15739
2000	10	22	24	0.75463	1.10835
2000	10	23	24	0.71955	1.06390
2000	10	24	24	0.68920	1.02082
2000	10	25	24	0.66264	0.98147
2000	10	26	24	0.72904	0.94611
2000	10	27	24	0.71671	0.98246
2000	10	28	24	0.69412	0.94970
2000	10	29	24	0.66313	0.91697
2000	10	30	24	0.63597	0.88595
2000	10	31	24	0.61203	0.85562
2000	11	 1	24	0.59074	0.82668
2000	11	 2	24	0.57178	0.79965
2000	11	 3	24	0.62047	0.77419
2000	11	 4	24	0.61765	0.83352
2000	11	 5	24	0.60750	0.81499
2000	11	 6	24	0.58533	0.79202
2000	11	 7	24	0.57749	0.76774
2000	11	 8	24	0.56373	0.77526
2000	11	 9	24	0.55050	0.75087
2000	11	10	24	0.53308	0.72756
2000	11	11	24	0.51744	0.70560
2000	11	12	24	0.50336	0.68490
2000	11	13	24	0.49056	0.66535
2000	11	14	24	0.48631	0.64688
2000	11	15	24	0.47909	0.63907
2000	11	16	24	0.47017	0.62220
2000	11	17	24	0.55432	0.60737
2000	11	18	24	0.54446	0.62546
2000	11	19	24	0.52538	0.61204
2000	11	20	24	0.50307	0.59650
2000	11	21	24	0.48387	0.58342
2000	11	22	24	0.46772	0.56989
2000	11	23	24	0.45313	0.55580
2000	11	24	24	0.67836	0.58730
2000	11	25	24	0.98697	0.76197
2000	11	26	24	1.11498	0.92460
2000	11	27	24	1.02159	0.95108
2000	11	28	24	0.92101	0.92161
2000	11	29	24	0.82186	0.86292
2000	11	30	24	0.73902	0.81015
2000	12	 1	24	0.67324	0.76522
2000	12	 2	24	0.62159	0.72786
2000	12	 3	24	0.57973	0.69641
2000	12	 4	24	0.54585	0.66957
2000	12	 5	24	0.51789	0.64547
2000	12	 6	24	0.49482	0.62401
2000	12	 7	24	0.47499	0.60400
2000	12	 8	24	0.45777	0.58455
2000	12	 9	24	0.44289	0.56740
2000	12	10	24	0.43566	0.55318
2000	12	11	24	0.49529	0.70942
2000	12	12	24	0.57974	0.81442
2000	12	13	24	0.57106	0.77049
2000	12	14	24	0.56992	0.80436
2000	12	15	24	1.12016	1.08531
2000	12	16	24	1.27182	1.09596
2000	12	17	24	1.10831	0.99008
2000	12	18	24	0.97221	0.91101
2000	12	19	24	0.85538	0.85407
2000	12	20	24	0.76164	0.79614
2000	12	21	24	0.68588	0.74565
2000	12	22	24	0.62612	0.70362
2000	12	23	24	0.57750	0.66756
2000	12	24	24	0.53792	0.63577
2000	12	25	24	0.50636	0.61100
2000	12	26	24	0.48038	0.58689
2000	12	27	24	0.45801	0.56571
2000	12	28	24	0.44002	0.54700
2000	12	29	24	0.43185	0.53457
2000	12	30	24	0.45468	0.51953
2000	12	31	24	0.45094	0.50525
2001	 1	 1	24	0.47787	0.49199
2001	 1	 2	24	0.50744	0.47966
2001	 1	 3	24	0.49662	0.46817
2001	 1	 4	24	0.48230	0.46267
2001	 1	 5	24	0.98307	0.52651
2001	 1	 6	24	1.08332	0.79828
2001	 1	 7	24	1.05544	1.05765
2001	 1	 8	24	0.97577	1.05868
2001	 1	 9	24	0.86778	0.96616
2001	 1	10	24	0.80864	0.88450
2001	 1	11	24	0.72230	0.81073
2001	 1	12	24	0.65008	0.75113
2001	 1	13	24	0.59332	0.70157
2001	 1	14	24	0.54726	0.66130
2001	 1	15	24	0.51080	0.62773
2001	 1	16	24	0.48070	0.59934
2001	 1	17	24	0.45594	0.57472
2001	 1	18	24	0.43531	0.55321
2001	 1	19	24	0.41800	0.53399
2001	 1	20	24	0.40350	0.51638
2001	 1	21	24	0.39076	0.50058
2001	 1	22	24	0.37993	0.48641
2001	 1	23	24	0.38216	0.47354
2001	 1	24	24	0.66880	0.46167
2001	 1	25	24	0.91323	0.45060
2001	 1	26	24	0.87891	0.44226
2001	 1	27	24	0.80863	0.43755
2001	 1	28	24	0.74809	0.42897
2001	 1	29	24	0.66665	0.42754
2001	 1	30	24	0.64574	0.42037
2001	 1	31	24	0.58710	0.41245
2001	 2	 1	24	0.55205	0.40485
2001	 2	 2	24	0.51912	0.39736
2001	 2	 3	24	0.47634	0.39019
2001	 2	 4	24	0.55430	0.38332
2001	 2	 5	24	1.25008	0.40924
2001	 2	 6	24	2.23368	0.89536
2001	 2	 7	24	3.19149	1.72777
2001	 2	 8	24	3.52987	2.09507
2001	 2	 9	24	3.33822	2.39385
2001	 2	10	24	2.71956	2.09684
2001	 2	11	24	2.36931	2.02891
2001	 2	12	24	2.60204	2.93395
2001	 2	13	24	2.35605	2.87200
2001	 2	14	24	2.03938	2.62367
2001	 2	15	24	1.94218	2.97322
2001	 2	16	24	1.80658	2.95769
2001	 2	17	24	1.60189	2.65651
2001	 2	18	24	1.40663	2.32739
2001	 2	19	24	1.28108	2.08857
2001	 2	20	24	1.19647	1.92584
2001	 2	21	24	1.38379	1.79499
2001	 2	22	24	2.42500	1.66053
2001	 2	23	24	2.03810	1.54197
2001	 2	24	24	1.70919	1.44271
2001	 2	25	24	1.45902	1.35537
2001	 2	26	24	1.29542	1.27856
2001	 2	27	24	1.26501	1.21305
2001	 2	28	24	1.33915	1.15660
2001	 3	 1	24	1.52324	1.10576
2001	 3	 2	24	1.51665	1.06011
2001	 3	 3	24	1.72194	1.01957
2001	 3	 4	24	1.94456	0.98290
2001	 3	 5	24	1.70620	0.94959
2001	 3	 6	24	1.69082	0.91713
2001	 3	 7	24	1.91097	0.89047
2001	 3	 8	24	2.79412	0.92411
2001	 3	 9	24	3.85182	1.58732
2001	 3	10	24	4.84793	2.70055
2001	 3	11	24	5.58515	3.92575
2001	 3	12	24	8.76662	7.81080
2001	 3	13	24	8.29130	8.58233
2001	 3	14	24	7.01400	7.66401
2001	 3	15	24	5.92536	6.77369
2001	 3	16	24	5.21434	6.43267
2001	 3	17	24	5.84889	7.09337
2001	 3	18	24	6.02473	8.15079
2001	 3	19	24	5.93786	8.18464
2001	 3	20	24	5.11891	7.28357
2001	 3	21	24	4.34125	6.11842
2001	 3	22	24	4.34654	5.19327
2001	 3	23	24	4.50346	4.76812
2001	 3	24	24	6.13578	6.66855
2001	 3	25	24	7.19958	9.83740
2001	 3	26	24	6.57187	9.63714
2001	 3	27	24	5.43044	7.74242
2001	 3	28	24	4.50018	6.34158
2001	 3	29	24	3.74045	5.31659
2001	 3	30	24	3.17822	4.54548
2001	 3	31	24	2.75323	4.06173
2001	 4	 1	24	2.39201	3.54788
2001	 4	 2	24	2.08305	3.10947
2001	 4	 3	24	1.82245	2.74771
2001	 4	 4	24	1.77003	2.46555
2001	 4	 5	24	1.64474	2.45319
2001	 4	 6	24	1.51183	2.23267
2001	 4	 7	24	1.49871	2.05874
2001	 4	 8	24	1.55495	1.98997
2001	 4	 9	24	1.43815	1.88681
2001	 4	10	24	1.32382	1.75446
2001	 4	11	24	1.22100	1.62888
2001	 4	12	24	1.18222	1.51941
2001	 4	13	24	1.39981	1.48878
2001	 4	14	24	1.67329	1.39669
2001	 4	15	24	2.06308	1.31563
2001	 4	16	24	2.38392	1.24398
2001	 4	17	24	2.26267	1.26123
2001	 4	18	24	2.21986	1.26080
2001	 4	19	24	2.04110	1.33288
2001	 4	20	24	2.12381	1.43715
2001	 4	21	24	2.45508	1.56620
2001	 4	22	24	2.26090	1.50262
2001	 4	23	24	1.96584	1.40700
2001	 4	24	24	1.71933	1.31667
2001	 4	25	24	1.71510	1.27996
2001	 4	26	24	1.55981	1.36699
2001	 4	27	24	1.40754	1.28958
2001	 4	28	24	1.26930	1.21373
2001	 4	29	24	1.16088	1.14646
2001	 4	30	24	1.07070	1.08629
2001	 5	 1	24	0.99645	1.03279
2001	 5	 2	24	0.93655	0.98492
2001	 5	 3	24	1.04785	0.94180
2001	 5	 4	24	3.97825	2.15073
2001	 5	 5	24	4.23071	2.94060
2001	 5	 6	24	3.64603	2.90045
2001	 5	 7	24	3.08706	2.65378
2001	 5	 8	24	2.63976	2.41968
2001	 5	 9	24	2.28973	2.24101
2001	 5	10	24	1.99275	2.04544
2001	 5	11	24	1.73430	1.86893
2001	 5	12	24	1.53580	1.71717
2001	 5	13	24	1.38522	1.59317
2001	 5	14	24	1.26884	1.48970
2001	 5	15	24	1.76761	1.40218
2001	 5	16	24	1.58851	1.45891
2001	 5	17	24	1.47405	1.38522
2001	 5	18	24	1.32825	1.32720
2001	 5	19	24	1.21549	1.26213
2001	 5	20	24	1.12522	1.20143
2001	 5	21	24	1.05324	1.14454
2001	 5	22	24	0.99308	1.09069
2001	 5	23	24	0.94247	1.04009
2001	 5	24	24	0.89947	0.99364
2001	 5	25	24	0.86330	0.95127
2001	 5	26	24	0.83143	0.91249
2001	 5	27	24	0.80352	0.87671
2001	 5	28	24	0.89451	0.85321
2001	 5	29	24	0.91715	1.01263
2001	 5	30	24	0.91264	1.01056
2001	 5	31	24	0.93807	1.05392
2001	 6	 1	24	0.93079	1.12420
2001	 6	 2	24	0.91310	1.10138
2001	 6	 3	24	0.99162	1.26869
2001	 6	 4	24	1.67822	2.22220
2001	 6	 5	24	1.71982	2.34553
2001	 6	 6	24	1.54801	2.06097
2001	 6	 7	24	1.37549	1.82637
2001	 6	 8	24	1.23913	1.64138
2001	 6	 9	24	1.13400	1.49978
2001	 6	10	24	1.07477	1.38653
2001	 6	11	24	1.01801	1.32717
2001	 6	12	24	0.96494	1.24510
2001	 6	13	24	0.91436	1.17158
2001	 6	14	24	0.87200	1.10725
2001	 6	15	24	0.83444	1.04948
2001	 6	16	24	0.80165	0.99681
2001	 6	17	24	0.77417	0.95116
2001	 6	18	24	0.75420	0.90868
2001	 6	19	24	0.73984	0.89126
2001	 6	20	24	0.72114	0.85504
2001	 6	21	24	0.84904	0.82237
2001	 6	22	24	0.87447	0.91800
2001	 6	23	24	0.86439	0.99175
2001	 6	24	24	0.83737	0.95832
2001	 6	25	24	0.79795	0.92269
2001	 6	26	24	0.76330	0.88631
2001	 6	27	24	0.73249	0.85020
2001	 6	28	24	0.70511	0.81683
2001	 6	29	24	0.68244	0.78682
2001	 6	30	24	0.66141	0.75848
2001	 7	 1	24	0.65139	0.77622
2001	 7	 2	24	0.64231	0.75268
2001	 7	 3	24	0.62589	0.72748
2001	 7	 4	24	0.61010	0.70385
2001	 7	 5	24	0.59551	0.68181
2001	 7	 6	24	0.58186	0.66117
2001	 7	 7	24	1.53741	0.95245
2001	 7	 8	24	1.50625	1.20510
2001	 7	 9	24	1.34545	1.16596
2001	 7	10	24	1.17537	1.08761
2001	 7	11	24	1.04252	1.01479
2001	 7	12	24	0.94138	0.95391
2001	 7	13	24	0.86430	0.90253
2001	 7	14	24	0.80302	0.85857
2001	 7	15	24	1.24886	1.01013
2001	 7	16	24	1.61356	1.22849
2001	 7	17	24	1.60267	1.27923
2001	 7	18	24	1.37783	1.19386
2001	 7	19	24	1.19541	1.09482
2001	 7	20	24	1.86271	1.88497
2001	 7	21	24	1.76289	1.98414
2001	 7	22	24	1.53083	1.72465
2001	 7	23	24	1.32205	1.53177
2001	 7	24	24	1.16879	1.37608
2001	 7	25	24	1.04860	1.25416
2001	 7	26	24	0.95582	1.15874
2001	 7	27	24	0.88391	1.07970
2001	 7	28	24	0.82471	1.01401
2001	 7	29	24	0.77624	0.95880
2001	 7	30	24	0.73694	0.91103
2001	 7	31	24	0.70268	0.86782
2001	 8	 1	24	0.67412	0.83033
2001	 8	 2	24	0.64856	0.79487
2001	 8	 3	24	0.62585	0.76309
2001	 8	 4	24	0.60632	0.73434
2001	 8	 5	24	0.58951	0.70780
2001	 8	 6	24	0.57323	0.68329
2001	 8	 7	24	0.55845	0.66086
2001	 8	 8	24	0.54517	0.64009
2001	 8	 9	24	0.53266	0.62088
2001	 8	10	24	0.52135	0.60317
2001	 8	11	24	0.51048	0.58639
2001	 8	12	24	0.50023	0.57067
2001	 8	13	24	0.49056	0.55585
2001	 8	14	24	0.48152	0.54199
2001	 8	15	24	0.47301	0.52876
2001	 8	16	24	0.46467	0.51621
2001	 8	17	24	0.45814	0.50454
2001	 8	18	24	0.46965	0.55310
2001	 8	19	24	1.27054	0.55480
2001	 8	20	24	2.13779	0.95182
2001	 8	21	24	1.77259	1.16001
2001	 8	22	24	1.48027	1.11488
2001	 8	23	24	1.24401	1.02446
2001	 8	24	24	1.07259	0.95802
2001	 8	25	24	0.94909	0.89887
2001	 8	26	24	1.09572	1.46861
2001	 8	27	24	1.15142	1.57068
2001	 8	28	24	1.05271	1.38464
2001	 8	29	24	0.94293	1.23528
2001	 8	30	24	0.85576	1.12025
2001	 8	31	24	0.86243	1.05473
2001	 9	 1	24	2.84552	2.58032
2001	 9	 2	24	2.45171	2.47728
2001	 9	 3	24	2.03082	2.16339
2001	 9	 4	24	1.68071	1.87645
2001	 9	 5	24	1.43341	1.67586
2001	 9	 6	24	1.24991	1.51277
2001	 9	 7	24	1.92930	2.03683
2001	 9	 8	24	2.23076	2.65185
2001	 9	 9	24	3.32745	3.53459
2001	 9	10	24	4.70840	5.30569
2001	 9	11	24	3.86346	4.90824
2001	 9	12	24	3.58189	4.57214
2001	 9	13	24	3.64350	4.73171
2001	 9	14	24	3.14862	4.49266
2001	 9	15	24	2.68503	3.98066
2001	 9	16	24	2.29387	3.47049
2001	 9	17	24	1.99716	3.07032
2001	 9	18	24	1.89086	2.76242
2001	 9	19	24	1.88040	2.87842
2001	 9	20	24	1.89295	2.99167
2001	 9	21	24	1.82051	2.83087
2001	 9	22	24	1.64890	2.56813
2001	 9	23	24	1.52437	2.34933
2001	 9	24	24	1.46009	2.30534
2001	 9	25	24	1.45479	2.22534
2001	 9	26	24	1.35812	2.06398
2001	 9	27	24	1.27961	1.91784
2001	 9	28	24	1.19267	1.79153
2001	 9	29	24	1.11375	1.67471
2001	 9	30	24	1.08990	1.57127
2001	10	 1	24	1.55110	1.55459
2001	10	 2	24	1.47107	1.71186
2001	10	 3	24	2.09854	1.89553
2001	10	 4	24	2.08110	2.19940
2001	10	 5	24	1.84331	2.03037
2001	10	 6	24	1.61267	1.86095
2001	10	 7	24	1.42771	1.71415
2001	10	 8	24	1.28146	1.58962
2001	10	 9	24	1.16586	1.48241
2001	10	10	24	1.07291	1.38778
2001	10	11	24	0.99544	1.30524
2001	10	12	24	0.93160	1.23261
2001	10	13	24	0.87812	1.16770
2001	10	14	24	0.83333	1.10850
2001	10	15	24	0.79386	1.05485
2001	10	16	24	0.75958	1.00623
2001	10	17	24	0.73022	0.96216
2001	10	18	24	0.70367	0.92200
2001	10	19	24	0.68003	0.88524
2001	10	20	24	0.65882	0.85156
2001	10	21	24	0.63961	0.82050
2001	10	22	24	0.63868	0.84737
2001	10	23	24	0.65331	0.90013
2001	10	24	24	0.65505	0.87568
2001	10	25	24	0.64758	0.87215
2001	10	26	24	0.63593	0.84343
2001	10	27	24	0.62255	0.81430
2001	10	28	24	0.65597	0.78812
2001	10	29	24	0.64789	0.79025
2001	10	30	24	0.63050	0.76440
2001	10	31	24	0.61164	0.73966
2001	11	 1	24	0.64952	0.71727
2001	11	 2	24	0.66216	0.75346
2001	11	 3	24	0.64537	0.74028
2001	11	 4	24	0.62016	0.71902
2001	11	 5	24	0.59646	0.69709
2001	11	 6	24	0.58891	0.67903
2001	11	 7	24	1.03851	0.72978
2001	11	 8	24	3.22948	1.67842
2001	11	 9	24	2.65893	1.88517
2001	11	10	24	2.19593	1.77195
2001	11	11	24	1.82661	1.61151
2001	11	12	24	1.84184	1.61086
2001	11	13	24	1.60925	1.50770
2001	11	14	24	1.39958	1.38965
2001	11	15	24	1.25207	1.29179
2001	11	16	24	1.11982	1.21109
2001	11	17	24	1.01569	1.13925
2001	11	18	24	0.93902	1.07591
2001	11	19	24	1.17032	1.07298
2001	11	20	24	1.10285	1.13358
2001	11	21	24	1.03886	1.10317
2001	11	22	24	2.79976	1.98645
2001	11	23	24	2.48729	2.13273
2001	11	24	24	2.10014	1.90157
2001	11	25	24	1.83874	1.69694
2001	11	26	24	2.42738	2.13316
2001	11	27	24	2.46029	2.31574
2001	11	28	24	2.52315	2.11195
2001	11	29	24	2.94253	2.07488
2001	11	30	24	2.47696	1.94651
2001	12	 1	24	2.07965	1.75303
2001	12	 2	24	1.77455	1.59279
2001	12	 3	24	1.54330	1.47546
2001	12	 4	24	1.42687	1.36975
2001	12	 5	24	4.19553	2.73553
2001	12	 6	24	6.28138	4.64996
2001	12	 7	24	5.26535	4.49348
2001	12	 8	24	4.29044	3.92270
2001	12	 9	24	3.54271	3.48269
2001	12	10	24	3.10345	3.08243
2001	12	11	24	2.89653	2.74278
2001	12	12	24	2.95813	2.45258
2001	12	13	24	2.52010	2.20910
2001	12	14	24	2.16504	2.00724
2001	12	15	24	1.88640	1.83837
2001	12	16	24	1.66135	1.69114
2001	12	17	24	1.48072	1.56607
2001	12	18	24	1.33492	1.45927
2001	12	19	24	1.60438	1.36628
2001	12	20	24	1.43634	1.28234
2001	12	21	24	1.34212	1.20631
2001	12	22	24	1.32916	1.13858
2001	12	23	24	1.19930	1.07845
2001	12	24	24	1.11275	1.02481
2001	12	25	24	1.52935	0.97669
2001	12	26	24	1.57012	0.93329
2001	12	27	24	1.73396	0.89403
2001	12	28	24	2.51302	0.85834
2001	12	29	24	2.55047	0.82571
2001	12	30	24	2.24536	0.79574
2001	12	31	24	1.90619	0.76807
2002	 1	 1	24	1.63828	0.74243
2002	 1	 2	24	1.46099	0.71858
2002	 1	 3	24	1.29743	0.69630
2002	 1	 4	24	1.22679	0.67545
2002	 1	 5	24	1.27421	0.65591
2002	 1	 6	24	1.48097	0.63753
2002	 1	 7	24	1.46615	0.62018
2002	 1	 8	24	1.37852	0.60367
2002	 1	 9	24	1.54687	0.58794
2002	 1	10	24	1.68696	0.58068
2002	 1	11	24	1.79604	0.59818
2002	 1	12	24	1.98675	0.59532
2002	 1	13	24	1.90722	0.58238
2002	 1	14	24	1.96987	0.56801
2002	 1	15	24	1.70437	0.55560
2002	 1	16	24	1.50849	0.54217
2002	 1	17	24	1.40151	0.52929
2002	 1	18	24	1.34148	0.51700
2002	 1	19	24	1.76623	0.50525
2002	 1	20	24	2.81261	0.49420
2002	 1	21	24	3.61196	0.53363
2002	 1	22	24	4.06711	0.78986
2002	 1	23	24	4.37507	1.01732
2002	 1	24	24	5.11387	1.62461
2002	 1	25	24	5.04745	1.92097
2002	 1	26	24	5.76598	2.37748
2002	 1	27	24	8.49175	4.39066
2002	 1	28	24	10.14483	6.50894
2002	 1	29	24	10.21745	7.59636
2002	 1	30	24	9.83494	8.32021
2002	 1	31	24	9.14696	9.01523
2002	 2	 1	24	8.11458	8.95000
2002	 2	 2	24	7.90543	9.83225
2002	 2	 3	24	7.37107	10.16352
2002	 2	 4	24	6.83096	10.17661
2002	 2	 5	24	6.62066	10.55800
2002	 2	 6	24	6.39064	10.95237
2002	 2	 7	24	5.90238	10.38801
2002	 2	 8	24	5.22974	9.10900
2002	 2	 9	24	5.66419	9.53597
2002	 2	10	24	6.19546	11.08209
2002	 2	11	24	5.93249	10.29461
2002	 2	12	24	8.73702	13.38189
2002	 2	13	24	9.30326	16.26624
2002	 2	14	24	7.62245	12.11909
2002	 2	15	24	6.00588	9.17047
2002	 2	16	24	4.90861	7.29865
2002	 2	17	24	4.06977	5.96821
2002	 2	18	24	3.42852	4.96029
2002	 2	19	24	3.05753	4.20588
2002	 2	20	24	3.63844	3.65056
2002	 2	21	24	3.35482	3.71591
2002	 2	22	24	3.52537	3.26695
2002	 2	23	24	3.99677	2.90284
2002	 2	24	24	3.90564	2.75201
2002	 2	25	24	4.18354	2.47641
2002	 2	26	24	5.02455	2.26212
2002	 2	27	24	5.96128	2.58637
2002	 2	28	24	6.07277	3.02747
2002	 3	 1	24	5.75586	3.11522
2002	 3	 2	24	4.96252	3.01853
2002	 3	 3	24	4.24348	2.70916
2002	 3	 4	24	3.71588	2.44773
2002	 3	 5	24	3.43472	2.40667
2002	 3	 6	24	3.41268	2.93914
2002	 3	 7	24	3.63847	4.18818
2002	 3	 8	24	3.70876	5.01618
2002	 3	 9	24	3.61101	5.29731
2002	 3	10	24	3.41174	5.22301
2002	 3	11	24	3.08289	4.65194
2002	 3	12	24	2.72190	4.01612
2002	 3	13	24	2.40485	3.45778
2002	 3	14	24	2.15344	3.00317
2002	 3	15	24	1.94587	2.63934
2002	 3	16	24	1.78099	2.34437
2002	 3	17	24	1.64199	2.10579
2002	 3	18	24	1.52724	1.91056
2002	 3	19	24	1.43555	1.74870
2002	 3	20	24	1.37505	1.64987
2002	 3	21	24	1.40745	1.80947
2002	 3	22	24	1.53286	1.77036
2002	 3	23	24	1.88757	1.89030
2002	 3	24	24	1.96620	1.76488
2002	 3	25	24	1.81019	1.64146
2002	 3	26	24	1.65998	1.52787
2002	 3	27	24	1.62521	1.42873
2002	 3	28	24	1.89322	1.34161
2002	 3	29	24	2.10324	1.55763
2002	 3	30	24	2.39820	2.88639
2002	 3	31	24	2.46018	3.37486
2002	 4	 1	24	2.28093	3.11638
2002	 4	 2	24	2.04052	2.78155
2002	 4	 3	24	1.83078	2.46089
2002	 4	 4	24	1.65604	2.20248
2002	 4	 5	24	1.51799	1.99937
2002	 4	 6	24	1.40885	1.83122
2002	 4	 7	24	1.31456	1.68427
2002	 4	 8	24	1.23309	1.55487
2002	 4	 9	24	1.16234	1.44191
2002	 4	10	24	1.10257	1.34508
2002	 4	11	24	1.04936	1.26138
2002	 4	12	24	1.00286	1.18847
2002	 4	13	24	0.96275	1.12455
2002	 4	14	24	1.23081	1.08473
2002	 4	15	24	1.64284	1.49105
2002	 4	16	24	1.59002	1.59236
2002	 4	17	24	1.47039	1.54292
2002	 4	18	24	1.35441	1.46556
2002	 4	19	24	1.25480	1.38365
2002	 4	20	24	1.17237	1.31328
2002	 4	21	24	1.10211	1.24867
2002	 4	22	24	1.04188	1.18679
2002	 4	23	24	0.99026	1.12891
2002	 4	24	24	0.94393	1.07319
2002	 4	25	24	0.90287	1.02257
2002	 4	26	24	0.86847	0.97683
2002	 4	27	24	0.85625	0.98359
2002	 4	28	24	0.83550	0.94391
2002	 4	29	24	0.80764	0.90577
2002	 4	30	24	0.78205	0.87105
2002	 5	 1	24	0.75840	0.83865
2002	 5	 2	24	0.73649	0.80875
2002	 5	 3	24	0.71626	0.78120
2002	 5	 4	24	0.69747	0.75531
2002	 5	 5	24	0.87687	0.73124
2002	 5	 6	24	1.03114	0.89309
2002	 5	 7	24	1.00519	0.97570
2002	 5	 8	24	0.95409	0.95692
2002	 5	 9	24	0.89762	0.92724
2002	 5	10	24	0.84836	0.89413
2002	 5	11	24	0.80619	0.86332
2002	 5	12	24	0.77340	0.83584
2002	 5	13	24	0.74489	0.81013
2002	 5	14	24	0.71738	0.78439
2002	 5	15	24	0.69257	0.75759
2002	 5	16	24	0.66965	0.73219
2002	 5	17	24	0.64887	0.70858
2002	 5	18	24	0.63005	0.68662
2002	 5	19	24	0.61287	0.66612
2002	 5	20	24	0.59851	0.64768
2002	 5	21	24	0.58420	0.62954
2002	 5	22	24	0.57043	0.61246
2002	 5	23	24	0.55794	0.59633
2002	 5	24	24	0.55455	0.59493
2002	 5	25	24	0.59342	0.57995
2002	 5	26	24	0.59872	0.63146
2002	 5	27	24	0.60132	0.62767
2002	 5	28	24	0.58775	0.61754
2002	 5	29	24	0.57262	0.60467
2002	 5	30	24	0.55762	0.59034
2002	 5	31	24	0.54335	0.57556
2002	 6	 1	24	0.53009	0.56139
2002	 6	 2	24	0.51788	0.54789
2002	 6	 3	24	0.50676	0.53500
2002	 6	 4	24	0.49619	0.52267
2002	 6	 5	24	0.48626	0.51085
2002	 6	 6	24	0.47810	0.50042
2002	 6	 7	24	2.57856	1.29118
2002	 6	 8	24	3.61912	2.52638
2002	 6	 9	24	2.63883	2.14715
2002	 6	10	24	2.02620	1.82693
2002	 6	11	24	1.65186	1.63591
2002	 6	12	24	1.39457	1.45369
2002	 6	13	24	1.38610	1.47207
2002	 6	14	24	1.24761	1.39889
2002	 6	15	24	1.17762	1.31065
2002	 6	16	24	1.06521	1.23440
2002	 6	17	24	0.97425	1.16056
2002	 6	18	24	0.90292	1.09819
2002	 6	19	24	0.84566	1.04507
2002	 6	20	24	0.93722	0.99724
2002	 6	21	24	0.97246	0.96429
2002	 6	22	24	0.89225	0.92963
2002	 6	23	24	0.82737	0.89383
2002	 6	24	24	0.77624	0.86240
2002	 6	25	24	0.73523	0.83347
2002	 6	26	24	0.70179	0.80724
2002	 6	27	24	0.67413	0.78327
2002	 6	28	24	0.65113	0.76105
2002	 6	29	24	0.63111	0.74040
2002	 6	30	24	0.61355	0.72074
2002	 7	 1	24	0.59759	0.70192
2002	 7	 2	24	0.59158	0.68399
2002	 7	 3	24	0.60046	0.71988
2002	 7	 4	24	0.59940	0.72347
2002	 7	 5	24	0.58830	0.70562
2002	 7	 6	24	0.61845	0.68967
2002	 7	 7	24	0.60195	0.68402
2002	 7	 8	24	0.58400	0.66604
2002	 7	 9	24	0.56611	0.64888
2002	 7	10	24	0.58612	0.63235
2002	 7	11	24	0.56747	0.61755
2002	 7	12	24	0.54847	0.60201
2002	 7	13	24	0.84756	0.63855
2002	 7	14	24	0.80344	0.74183
2002	 7	15	24	0.75388	0.72696
2002	 7	16	24	1.59683	1.09633
2002	 7	17	24	1.43109	1.19380
2002	 7	18	24	1.23266	1.08590
2002	 7	19	24	1.06241	0.99378
2002	 7	20	24	0.93829	0.92085
2002	 7	21	24	0.84437	0.86276
2002	 7	22	24	0.77264	0.81488
2002	 7	23	24	0.71633	0.77443
2002	 7	24	24	0.67151	0.73935
2002	 7	25	24	0.63442	0.70885
2002	 7	26	24	0.60378	0.68185
2002	 7	27	24	0.57810	0.65769
2002	 7	28	24	0.55621	0.63512
2002	 7	29	24	0.53688	0.61471
2002	 7	30	24	0.52003	0.59602
2002	 7	31	24	0.50517	0.57872
2002	 8	 1	24	2.55898	0.56321
2002	 8	 2	24	1.77623	0.55871
2002	 8	 3	24	1.36546	0.54523
2002	 8	 4	24	1.52180	0.59510
2002	 8	 5	24	1.27802	0.74363
2002	 8	 6	24	1.10394	0.73093
2002	 8	 7	24	1.74568	1.18574
2002	 8	 8	24	2.02816	1.35705
2002	 8	 9	24	1.65677	1.21777
2002	 8	10	24	1.35890	1.08016
2002	 8	11	24	4.47631	5.51252
2002	 8	12	24	73.24338	79.36449
2002	 8	13	24	47.11676	49.64746
2002	 8	14	24	27.42902	30.06503
2002	 8	15	24	17.08825	21.26614
2002	 8	16	24	12.17831	18.64079
2002	 8	17	24	9.78144	15.85874
2002	 8	18	24	7.98474	14.78087
2002	 8	19	24	5.87870	10.45235
2002	 8	20	24	4.35645	7.77016
2002	 8	21	24	3.44467	6.14264
2002	 8	22	24	2.83650	5.06580
2002	 8	23	24	2.42764	4.30312
2002	 8	24	24	2.12615	3.73906
2002	 8	25	24	1.91044	3.30616
2002	 8	26	24	1.74038	2.96387
2002	 8	27	24	1.60795	2.68663
2002	 8	28	24	1.50595	2.45759
2002	 8	29	24	1.41991	2.26527
2002	 8	30	24	1.34457	2.08518
2002	 8	31	24	1.29010	1.93113
2002	 9	 1	24	1.25216	1.88679
2002	 9	 2	24	1.20916	1.75988
2002	 9	 3	24	1.15781	1.63653
2002	 9	 4	24	1.11095	1.52433
2002	 9	 5	24	1.47328	1.43092
2002	 9	 6	24	1.46304	1.73255
2002	 9	 7	24	1.41087	1.70237
2002	 9	 8	24	1.32272	1.61420
2002	 9	 9	24	1.24116	1.52365
2002	 9	10	24	1.29358	1.43189
2002	 9	11	24	1.21630	1.37462
2002	 9	12	24	1.14376	1.29344
2002	 9	13	24	1.07985	1.21846
2002	 9	14	24	1.10261	1.15098
2002	 9	15	24	1.31041	1.23825
2002	 9	16	24	1.24217	1.22120
2002	 9	17	24	1.15820	1.16645
2002	 9	18	24	1.08617	1.10755
2002	 9	19	24	1.02520	1.05127
2002	 9	20	24	0.97426	0.99905
2002	 9	21	24	0.93207	0.95144
2002	 9	22	24	1.02708	0.90760
2002	 9	23	24	1.13117	1.06561
2002	 9	24	24	1.09545	1.07154
2002	 9	25	24	1.04065	1.04546
2002	 9	26	24	2.65228	1.07496
2002	 9	27	24	2.26028	1.38234
2002	 9	28	24	1.95930	1.44644
2002	 9	29	24	1.72408	1.44409
2002	 9	30	24	1.54111	1.39737
2002	10	 1	24	1.39526	1.33511
2002	10	 2	24	1.27963	1.27698
2002	10	 3	24	1.18809	1.22384
2002	10	 4	24	1.12033	1.18857
2002	10	 5	24	1.18030	1.15424
2002	10	 6	24	2.22893	1.54098
2002	10	 7	24	2.26615	1.90602
2002	10	 8	24	2.03789	1.89249
2002	10	 9	24	1.79753	1.77189
2002	10	10	24	1.60091	1.64634
2002	10	11	24	1.44804	1.54046
2002	10	12	24	1.32943	1.44999
2002	10	13	24	1.23298	1.36813
2002	10	14	24	1.15349	1.29248
2002	10	15	24	1.12033	1.22433
2002	10	16	24	1.51141	1.44505
2002	10	17	24	1.46068	1.53994
2002	10	18	24	1.35433	1.44827
2002	10	19	24	1.43469	1.42761
2002	10	20	24	1.35562	1.49342
2002	10	21	24	1.48443	1.46862
2002	10	22	24	1.75241	1.65438
2002	10	23	24	1.63846	1.74111
2002	10	24	24	1.49192	1.60789
2002	10	25	24	2.36397	2.26678
2002	10	26	24	2.28478	2.69809
2002	10	27	24	2.63563	3.10543
2002	10	28	24	2.97649	3.74605
2002	10	29	24	2.70304	3.61688
2002	10	30	24	2.35149	3.16430
2002	10	31	24	2.04867	2.78949
2002	11	 1	24	1.83693	2.49570
2002	11	 2	24	1.95272	2.33030
2002	11	 3	24	2.36775	2.49323
2002	11	 4	24	2.22920	2.27666
2002	11	 5	24	1.94930	2.08525
2002	11	 6	24	1.73194	1.90910
2002	11	 7	24	1.56998	1.75674
2002	11	 8	24	2.89427	1.62566
2002	11	 9	24	3.09513	1.53331
2002	11	10	24	2.85165	1.62001
2002	11	11	24	3.01632	1.76334
2002	11	12	24	2.95393	2.38681
2002	11	13	24	2.91063	2.95805
2002	11	14	24	2.81132	3.25498
2002	11	15	24	2.92229	3.94240
2002	11	16	24	3.28647	5.46752
2002	11	17	24	3.48156	6.47283
2002	11	18	24	3.62879	7.18715
2002	11	19	24	7.10287	10.08710
2002	11	20	24	6.70531	11.14617
2002	11	21	24	5.50872	8.87908
2002	11	22	24	6.15948	7.67342
2002	11	23	24	6.02062	9.06030
2002	11	24	24	5.23340	7.84719
2002	11	25	24	4.32165	6.36417
2002	11	26	24	3.61178	5.30696
2002	11	27	24	3.09757	4.48572
2002	11	28	24	2.75566	4.12967
2002	11	29	24	3.40166	3.65874
2002	11	30	24	4.97694	5.02556
2002	12	 1	24	4.62003	5.37536
2002	12	 2	24	3.99024	4.66073
2002	12	 3	24	3.38941	3.98450
2002	12	 4	24	2.90511	3.44039
2002	12	 5	24	2.52866	3.01316
2002	12	 6	24	2.22600	2.67784
2002	12	 7	24	1.98354	2.38785
2002	12	 8	24	1.78093	2.14861
2002	12	 9	24	1.61552	1.94987
2002	12	10	24	1.48169	1.78256
2002	12	11	24	1.36790	1.64068
2002	12	12	24	1.27244	1.51917
2002	12	13	24	1.19317	1.41386
2002	12	14	24	1.12401	1.32215
2002	12	15	24	1.06433	1.24170
2002	12	16	24	1.01252	1.17064
2002	12	17	24	0.96979	1.10742
2002	12	18	24	0.93400	1.05078
2002	12	19	24	0.89863	0.99979
2002	12	20	24	0.88575	0.95360
2002	12	21	24	0.88409	0.91149
2002	12	22	24	1.00383	0.87298
2002	12	23	24	0.96361	0.83759
2002	12	24	24	0.90653	0.80489
2002	12	25	24	0.90324	0.77468
2002	12	26	24	0.94518	0.74671
2002	12	27	24	1.05478	0.72065
2002	12	28	24	1.27025	0.69633
2002	12	29	24	2.58348	0.67357
2002	12	30	24	5.91232	0.85014
2002	12	31	24	4.50782	1.13817
2003	 1	 1	24	3.65605	1.23668
2003	 1	 2	24	7.40068	3.29288
2003	 1	 3	24	8.79017	5.42422
2003	 1	 4	24	7.06926	5.30429
2003	 1	 5	24	5.64132	4.74829
2003	 1	 6	24	4.59545	4.24317
2003	 1	 7	24	3.84722	3.86466
2003	 1	 8	24	3.28791	3.50481
2003	 1	 9	24	2.84945	3.15515
2003	 1	10	24	2.49316	2.85052
2003	 1	11	24	2.20939	2.57672
2003	 1	12	24	1.97383	2.33838
2003	 1	13	24	1.95163	2.13532
2003	 1	14	24	2.27725	1.96455
2003	 1	15	24	2.47989	1.87969
2003	 1	16	24	2.59363	1.76856
2003	 1	17	24	2.61749	1.66700
2003	 1	18	24	2.48204	1.59229
2003	 1	19	24	2.28919	1.51534
2003	 1	20	24	2.17403	1.44155
2003	 1	21	24	1.95931	1.38197
2003	 1	22	24	1.79517	1.31236
2003	 1	23	24	2.61675	1.33078
2003	 1	24	24	2.63776	1.42099
2003	 1	25	24	2.44978	1.34536
2003	 1	26	24	2.18982	1.26945
2003	 1	27	24	3.21688	2.00670
2003	 1	28	24	4.34722	3.46428
2003	 1	29	24	4.37755	3.55602
2003	 1	30	24	3.87821	3.22321
2003	 1	31	24	3.32113	2.88888
2003	 2	 1	24	2.85848	2.57593
2003	 2	 2	24	2.49671	2.30310
2003	 2	 3	24	2.42670	2.07506
2003	 2	 4	24	2.36517	1.88563
2003	 2	 5	24	2.35294	1.72352
2003	 2	 6	24	2.06983	1.58243
2003	 2	 7	24	1.89874	1.46092
2003	 2	 8	24	1.69887	1.35589
2003	 2	 9	24	1.53306	1.26499
2003	 2	10	24	1.41774	1.18504
2003	 2	11	24	1.37658	1.11556
2003	 2	12	24	1.41201	1.05453
2003	 2	13	24	1.42864	1.00066
2003	 2	14	24	1.40302	0.95284
2003	 2	15	24	1.27996	0.91006
2003	 2	16	24	1.17531	0.87150
2003	 2	17	24	1.08905	0.83644
2003	 2	18	24	1.01735	0.80449
2003	 2	19	24	0.95694	0.77524
2003	 2	20	24	0.92050	0.74799
2003	 2	21	24	1.05931	0.72489
2003	 2	22	24	1.13117	0.72107
2003	 2	23	24	1.13321	0.70427
2003	 2	24	24	1.15589	0.69243
2003	 2	25	24	1.20081	0.72936
2003	 2	26	24	1.21166	0.82661
2003	 2	27	24	1.28172	0.97596
2003	 2	28	24	1.53288	1.66153
2003	 3	 1	24	1.86474	2.58050
2003	 3	 2	24	2.01004	2.98467
2003	 3	 3	24	2.01404	3.12954
2003	 3	 4	24	1.89614	2.95879
2003	 3	 5	24	1.76098	2.75513
2003	 3	 6	24	1.63251	2.48713
2003	 3	 7	24	1.50570	2.22176
2003	 3	 8	24	1.51588	2.32267
2003	 3	 9	24	1.61890	2.75981
2003	 3	10	24	1.92967	3.84278
2003	 3	11	24	2.58511	5.58968
2003	 3	12	24	3.53799	7.18143
2003	 3	13	24	3.38447	6.55528
2003	 3	14	24	2.92611	5.53073
2003	 3	15	24	2.53733	4.73229
2003	 3	16	24	2.22640	4.13587
2003	 3	17	24	1.98489	3.67508
2003	 3	18	24	1.78599	3.25877
2003	 3	19	24	1.61764	2.93269
2003	 3	20	24	1.47475	2.64002
2003	 3	21	24	1.35150	2.36928
2003	 3	22	24	1.24187	2.14224
2003	 3	23	24	1.15006	1.95086
2003	 3	24	24	1.07592	1.79306
2003	 3	25	24	1.01148	1.66042
2003	 3	26	24	0.95649	1.54689
2003	 3	27	24	0.91030	1.44828
2003	 3	28	24	0.86856	1.36239
2003	 3	29	24	0.83161	1.28655
2003	 3	30	24	0.79873	1.21937
2003	 3	31	24	0.76925	1.15932
2003	 4	 1	24	0.74335	1.10516
2003	 4	 2	24	0.71948	1.05608
2003	 4	 3	24	0.69961	1.01205
2003	 4	 4	24	0.68133	0.97221
2003	 4	 5	24	0.66209	0.93368
2003	 4	 6	24	0.64449	0.90096
2003	 4	 7	24	0.63076	0.86784
2003	 4	 8	24	0.61483	0.83703
2003	 4	 9	24	0.60020	0.80836
2003	 4	10	24	0.58613	0.78163
2003	 4	11	24	0.57705	0.77214
2003	 4	12	24	0.56753	0.74912
2003	 4	13	24	0.55919	0.75027
2003	 4	14	24	0.55166	0.72738
2003	 4	15	24	0.53983	0.70562
2003	 4	16	24	0.52850	0.68495
2003	 4	17	24	0.51765	0.66528
2003	 4	18	24	0.57294	0.64670
2003	 4	19	24	1.64975	0.76119
2003	 4	20	24	1.41632	0.94338
2003	 4	21	24	1.23407	0.98702
2003	 4	22	24	1.08417	0.98917
2003	 4	23	24	0.97321	0.98587
2003	 4	24	24	0.89052	0.96862
2003	 4	25	24	0.82544	0.94557
2003	 4	26	24	0.77498	0.91848
2003	 4	27	24	0.73317	0.89395
2003	 4	28	24	0.69813	0.86803
2003	 4	29	24	0.66830	0.84342
2003	 4	30	24	0.64314	0.82020
2003	 5	 1	24	0.62132	0.79774
2003	 5	 2	24	0.60192	0.77560
2003	 5	 3	24	0.58467	0.75357
2003	 5	 4	24	0.56868	0.73241
2003	 5	 5	24	0.55405	0.71192
2003	 5	 6	24	0.54035	0.69150
2003	 5	 7	24	0.52748	0.67174
2003	 5	 8	24	0.69175	0.65286
2003	 5	 9	24	0.68342	0.70337
2003	 5	10	24	0.65415	0.69846
2003	 5	11	24	0.62033	0.68295
2003	 5	12	24	0.59055	0.66495
2003	 5	13	24	0.56665	0.64797
2003	 5	14	24	0.54556	0.63026
2003	 5	15	24	0.52599	0.61312
2003	 5	16	24	0.50927	0.59775
2003	 5	17	24	0.49452	0.58228
2003	 5	18	24	0.51025	0.56783
2003	 5	19	24	0.63364	0.63059
2003	 5	20	24	0.62865	0.67881
2003	 5	21	24	0.60287	0.66324
2003	 5	22	24	0.57111	0.64456
2003	 5	23	24	0.54412	0.62587
2003	 5	24	24	0.52109	0.60797
2003	 5	25	24	0.50145	0.59066
2003	 5	26	24	0.55093	0.57835
2003	 5	27	24	0.53226	0.58671
2003	 5	28	24	0.51287	0.57179
2003	 5	29	24	0.49196	0.55616
2003	 5	30	24	0.47382	0.54145
2003	 5	31	24	0.45855	0.52766
2003	 6	 1	24	0.44526	0.51486
2003	 6	 2	24	0.43353	0.50260
2003	 6	 3	24	0.42308	0.49099
2003	 6	 4	24	0.41369	0.47996
2003	 6	 5	24	0.42345	0.46945
2003	 6	 6	24	0.41589	0.45973
2003	 6	 7	24	0.40624	0.45016
2003	 6	 8	24	0.39724	0.44101
2003	 6	 9	24	0.38906	0.43302
2003	 6	10	24	0.38167	0.42456
2003	 6	11	24	0.37473	0.41644
2003	 6	12	24	0.42656	0.40952
2003	 6	13	24	0.42132	0.45430
2003	 6	14	24	0.41902	0.45498
2003	 6	15	24	0.40782	0.44987
2003	 6	16	24	0.39693	0.44367
2003	 6	17	24	0.38719	0.43645
2003	 6	18	24	0.37837	0.42879
2003	 6	19	24	0.37194	0.42511
2003	 6	20	24	0.36598	0.41720
2003	 6	21	24	0.35920	0.40918
2003	 6	22	24	0.35289	0.40149
2003	 6	23	24	0.34903	0.40940
2003	 6	24	24	0.35104	0.42527
2003	 6	25	24	0.35122	0.41720
2003	 6	26	24	0.34581	0.40834
2003	 6	27	24	0.34033	0.39910
2003	 6	28	24	0.33497	0.39052
2003	 6	29	24	0.32994	0.38256
2003	 6	30	24	0.44580	0.48488
2003	 7	 1	24	0.84970	0.81696
2003	 7	 2	24	0.81313	0.81086
2003	 7	 3	24	0.71558	0.74380
2003	 7	 4	24	0.66724	0.77718
2003	 7	 5	24	0.62626	0.76083
2003	 7	 6	24	0.57783	0.70503
2003	 7	 7	24	0.53194	0.65889
2003	 7	 8	24	0.49650	0.62310
2003	 7	 9	24	0.46858	0.59430
2003	 7	10	24	0.44651	0.57090
2003	 7	11	24	0.42807	0.55062
2003	 7	12	24	0.41292	0.53322
2003	 7	13	24	0.39986	0.51779
2003	 7	14	24	0.38863	0.50408
2003	 7	15	24	0.37889	0.49165
2003	 7	16	24	0.37031	0.48039
2003	 7	17	24	0.38105	0.47048
2003	 7	18	24	0.37619	0.47603
2003	 7	19	24	0.37063	0.46770
2003	 7	20	24	0.36258	0.45858
2003	 7	21	24	0.35514	0.44986
2003	 7	22	24	0.34840	0.44168
2003	 7	23	24	0.34355	0.43357
2003	 7	24	24	0.86331	0.73533
2003	 7	25	24	0.84413	0.81974
2003	 7	26	24	0.75534	0.76873
2003	 7	27	24	1.45181	2.13254
2003	 7	28	24	1.51355	1.88053
2003	 7	29	24	1.26099	1.60747
2003	 7	30	24	1.06047	1.40617
2003	 7	31	24	0.91347	1.23379
2003	 8	 1	24	0.80095	1.11125
2003	 8	 2	24	0.72024	1.02457
2003	 8	 3	24	0.65870	0.95910
2003	 8	 4	24	0.61170	0.90480
2003	 8	 5	24	0.57337	0.85998
2003	 8	 6	24	0.54235	0.82143
2003	 8	 7	24	0.51678	0.78820
2003	 8	 8	24	0.49567	0.75809
2003	 8	 9	24	0.47719	0.73167
2003	 8	10	24	0.46127	0.70763
2003	 8	11	24	0.44733	0.68598
2003	 8	12	24	0.43510	0.66653
2003	 8	13	24	0.42457	0.64889
2003	 8	14	24	0.41840	0.64511
2003	 8	15	24	0.41234	0.62967
2003	 8	16	24	0.40416	0.61505
2003	 8	17	24	0.39655	0.60116
2003	 8	18	24	0.38941	0.58781
2003	 8	19	24	0.38268	0.57502
2003	 8	20	24	0.37663	0.56337
2003	 8	21	24	0.37058	0.55116
2003	 8	22	24	0.36460	0.53940
2003	 8	23	24	0.35902	0.52805
2003	 8	24	24	0.35352	0.51712
2003	 8	25	24	0.34817	0.50639
2003	 8	26	24	0.34295	0.49597
2003	 8	27	24	0.33790	0.48591
2003	 8	28	24	0.33301	0.47615
2003	 8	29	24	0.32835	0.46675
2003	 8	30	24	0.32423	0.45805
2003	 8	31	24	0.32003	0.44917
2003	 9	 1	24	0.31579	0.44068
2003	 9	 2	24	0.31239	0.43360
2003	 9	 3	24	0.30878	0.42571
2003	 9	 4	24	0.30479	0.41783
2003	 9	 5	24	0.30084	0.41020
2003	 9	 6	24	0.29700	0.40278
2003	 9	 7	24	0.29325	0.39557
2003	 9	 8	24	0.28959	0.38854
2003	 9	 9	24	0.28601	0.38175
2003	 9	10	24	0.28472	0.37796
2003	 9	11	24	0.29490	0.39487
2003	 9	12	24	0.36997	0.39732
2003	 9	13	24	0.43385	0.40427
2003	 9	14	24	0.40547	0.40242
2003	 9	15	24	0.37835	0.39690
2003	 9	16	24	0.35683	0.39133
2003	 9	17	24	0.33988	0.38564
2003	 9	18	24	0.32625	0.37969
2003	 9	19	24	0.31503	0.37343
2003	 9	20	24	0.30554	0.36717
2003	 9	21	24	0.29743	0.36108
2003	 9	22	24	0.29046	0.35517
2003	 9	23	24	0.28437	0.34946
2003	 9	24	24	0.27906	0.34396
2003	 9	25	24	0.27427	0.33860
2003	 9	26	24	0.26993	0.33340
2003	 9	27	24	0.26595	0.32836
2003	 9	28	24	0.26228	0.32346
2003	 9	29	24	0.25914	0.31904
2003	 9	30	24	0.25606	0.31451
2003	10	 1	24	0.25304	0.31002
2003	10	 2	24	0.25015	0.30565
2003	10	 3	24	0.24757	0.30162
2003	10	 4	24	0.24514	0.29780
2003	10	 5	24	0.24294	0.29430
2003	10	 6	24	0.26721	0.30126
2003	10	 7	24	0.58084	0.30218
2003	10	 8	24	2.62583	1.65008
2003	10	 9	24	2.29290	1.81149
2003	10	10	24	1.80948	1.53144
2003	10	11	24	1.44737	1.31055
2003	10	12	24	1.18479	1.15224
2003	10	13	24	0.99487	1.04863
2003	10	14	24	0.85271	0.95758
2003	10	15	24	0.74322	0.87391
2003	10	16	24	0.65752	0.81024
2003	10	17	24	0.59172	0.75990
2003	10	18	24	0.54145	0.72261
2003	10	19	24	0.50253	0.69468
2003	10	20	24	0.47273	0.67321
2003	10	21	24	0.56202	0.65584
2003	10	22	24	0.52682	0.64121
2003	10	23	24	0.49096	0.62561
2003	10	24	24	0.46166	0.61099
2003	10	25	24	0.43794	0.59767
2003	10	26	24	0.41910	0.58581
2003	10	27	24	0.40386	0.57653
2003	10	28	24	0.39101	0.56453
2003	10	29	24	0.76051	0.58723
2003	10	30	24	0.75803	0.69014
2003	10	31	24	0.69250	0.68875
2003	11	 1	24	0.62139	0.66389
2003	11	 2	24	0.56121	0.63507
2003	11	 3	24	0.51319	0.61091
2003	11	 4	24	0.47572	0.59112
2003	11	 5	24	0.44582	0.57321
2003	11	 6	24	0.42170	0.55746
2003	11	 7	24	0.40218	0.54342
2003	11	 8	24	0.38642	0.53075
2003	11	 9	24	0.37323	0.51919
2003	11	10	24	0.36221	0.50856
2003	11	11	24	0.35289	0.49872
2003	11	12	24	0.34489	0.48954
2003	11	13	24	0.33793	0.48088
2003	11	14	24	0.33179	0.47266
2003	11	15	24	0.32630	0.46481
2003	11	16	24	0.32364	0.45730
2003	11	17	24	0.34301	0.46053
2003	11	18	24	0.34679	0.51083
2003	11	19	24	0.35239	0.51022
2003	11	20	24	0.34633	0.50076
2003	11	21	24	0.33901	0.49039
2003	11	22	24	0.33221	0.48067
2003	11	23	24	0.32614	0.47160
2003	11	24	24	0.32067	0.46304
2003	11	25	24	0.31568	0.45490
2003	11	26	24	0.31121	0.44711
2003	11	27	24	0.30716	0.44017
2003	11	28	24	0.32136	0.43327
2003	11	29	24	0.39671	0.46351
2003	11	30	24	0.39451	0.49303
2003	12	 1	24	0.38161	0.47954
2003	12	 2	24	0.36302	0.46663
2003	12	 3	24	0.34747	0.45483
2003	12	 4	24	0.33470	0.44418
2003	12	 5	24	0.33222	0.43737
2003	12	 6	24	0.48625	0.47496
2003	12	 7	24	0.47306	0.51205
2003	12	 8	24	0.44797	0.51702
2003	12	 9	24	0.42235	0.52007
2003	12	10	24	0.40005	0.50671
2003	12	11	24	0.38346	0.51456
2003	12	12	24	0.42365	0.49258
2003	12	13	24	1.74818	1.86800
2003	12	14	24	3.20146	3.33841
2003	12	15	24	2.53711	2.61199
2003	12	16	24	1.96299	2.12783
2003	12	17	24	1.70887	1.82466
2003	12	18	24	1.77773	1.83264
2003	12	19	24	1.62711	1.81536
2003	12	20	24	1.43781	1.78594
2003	12	21	24	1.40107	1.73122
2003	12	22	24	1.31263	1.55967
2003	12	23	24	1.29341	1.40779
2003	12	24	24	1.20678	1.29211
2003	12	25	24	1.13106	1.20360
2003	12	26	24	1.00234	1.14950
2003	12	27	24	0.88693	1.08226
2003	12	28	24	0.79302	1.02458
2003	12	29	24	0.71889	0.97681
2003	12	30	24	0.66048	0.93476
2003	12	31	24	0.62105	0.89563
2004	 1	 1	24	0.58655	0.85921
2004	 1	 2	24	0.55555	0.82744
2004	 1	 3	24	0.52598	0.79929
2004	 1	 4	24	0.50133	0.77381
2004	 1	 5	24	0.48090	0.74981
2004	 1	 6	24	0.73493	0.72785
2004	 1	 7	24	0.86404	0.70777
2004	 1	 8	24	0.94891	0.68917
2004	 1	 9	24	1.08994	0.67182
2004	 1	10	24	1.78247	0.65861
2004	 1	11	24	2.81228	0.86319
2004	 1	12	24	2.87831	1.38534
2004	 1	13	24	3.80776	2.10110
2004	 1	14	24	3.76250	2.23961
2004	 1	15	24	3.39188	2.04199
2004	 1	16	24	3.09113	1.78611
2004	 1	17	24	2.84718	1.60966
2004	 1	18	24	2.38844	1.45342
2004	 1	19	24	2.59035	1.32296
2004	 1	20	24	2.33753	1.21670
2004	 1	21	24	1.90812	1.12877
2004	 1	22	24	1.58592	1.05594
2004	 1	23	24	1.36144	0.99409
2004	 1	24	24	1.31257	0.93986
2004	 1	25	24	1.18731	0.89295
2004	 1	26	24	1.20359	0.85178
2004	 1	27	24	1.04835	0.81560
2004	 1	28	24	0.93551	0.78344
2004	 1	29	24	0.96472	0.75460
2004	 1	30	24	1.05060	0.72861
2004	 1	31	24	1.37104	0.70502
2004	 2	 1	24	2.58632	0.69694
2004	 2	 2	24	7.11740	3.92863
2004	 2	 3	24	7.28757	4.89344
2004	 2	 4	24	7.34775	5.76565
2004	 2	 5	24	6.83224	6.69515
2004	 2	 6	24	6.37112	7.54538
2004	 2	 7	24	5.93747	7.99858
2004	 2	 8	24	6.08717	7.76123
2004	 2	 9	24	5.43007	7.07070
2004	 2	10	24	4.87153	6.53519
2004	 2	11	24	4.23859	5.83986
2004	 2	12	24	3.62294	5.10518
2004	 2	13	24	3.46537	4.45034
2004	 2	14	24	3.40546	3.89760
2004	 2	15	24	3.19818	3.49896
2004	 2	16	24	2.95608	3.13844
2004	 2	17	24	2.96166	2.84815
2004	 2	18	24	2.74778	2.67392
2004	 2	19	24	2.38537	2.44440
2004	 2	20	24	2.41101	2.24911
2004	 2	21	24	2.32576	2.09302
2004	 2	22	24	2.06328	1.95866
2004	 2	23	24	1.80433	1.82133
2004	 2	24	24	1.69157	1.70220
2004	 2	25	24	1.54786	1.59823
2004	 2	26	24	1.50547	1.50641
2004	 2	27	24	1.37380	1.42452
2004	 2	28	24	1.26787	1.35032
2004	 2	29	24	1.15785	1.28208
2004	 3	 1	24	1.16887	1.21896
2004	 3	 2	24	1.66173	1.16119
2004	 3	 3	24	1.69590	1.11607
2004	 3	 4	24	1.52165	1.06703
2004	 3	 5	24	1.62812	1.02183
2004	 3	 6	24	1.70374	0.98067
2004	 3	 7	24	1.82376	0.94242
2004	 3	 8	24	1.66082	0.91123
2004	 3	 9	24	1.73195	0.87743
2004	 3	10	24	1.66103	0.84591
2004	 3	11	24	1.82529	0.81648
2004	 3	12	24	2.20631	0.79580
2004	 3	13	24	2.33390	0.78447
2004	 3	14	24	2.19151	0.80861
2004	 3	15	24	2.11211	0.96024
2004	 3	16	24	2.18951	1.52655
2004	 3	17	24	2.74073	3.16710
2004	 3	18	24	3.66368	5.91817
2004	 3	19	24	4.70109	9.27970
2004	 3	20	24	5.59269	11.90328
2004	 3	21	24	5.65733	12.55634
2004	 3	22	24	5.25536	11.78381
2004	 3	23	24	5.31748	11.17710
2004	 3	24	24	7.15743	10.76605
2004	 3	25	24	6.31654	9.84796
2004	 3	26	24	5.38270	8.00036
2004	 3	27	24	4.55371	6.55762
2004	 3	28	24	3.84408	5.49751
2004	 3	29	24	3.35717	5.00718
2004	 3	30	24	3.08480	5.06154
2004	 3	31	24	2.87092	5.00864
2004	 4	 1	24	2.63136	4.73715
2004	 4	 2	24	2.39104	4.37054
2004	 4	 3	24	2.15968	3.95150
2004	 4	 4	24	1.92195	3.44365
2004	 4	 5	24	1.72415	3.03437
2004	 4	 6	24	1.56215	2.70830
2004	 4	 7	24	1.43383	2.43697
2004	 4	 8	24	1.32412	2.21003
2004	 4	 9	24	1.23293	2.02003
2004	 4	10	24	1.15824	1.85660
2004	 4	11	24	1.09281	1.71745
2004	 4	12	24	1.03634	1.59771
2004	 4	13	24	0.98761	1.49396
2004	 4	14	24	0.94637	1.40244
2004	 4	15	24	0.90855	1.32094
2004	 4	16	24	0.87486	1.24815
2004	 4	17	24	0.84467	1.18298
2004	 4	18	24	0.81830	1.12421
2004	 4	19	24	0.81615	1.18608
2004	 4	20	24	0.82502	1.18042
2004	 4	21	24	0.80928	1.12735
2004	 4	22	24	0.78616	1.07488
2004	 4	23	24	0.76413	1.02660
2004	 4	24	24	0.77860	0.98298
2004	 4	25	24	0.78681	1.05109
2004	 4	26	24	0.78100	1.01746
2004	 4	27	24	0.75897	0.97742
2004	 4	28	24	0.73768	0.93747
2004	 4	29	24	0.71735	0.90054
2004	 4	30	24	0.69880	0.86636
2004	 5	 1	24	0.68179	0.83470
2004	 5	 2	24	0.66792	0.80588
2004	 5	 3	24	0.89310	0.78907
2004	 5	 4	24	0.87123	0.86260
2004	 5	 5	24	1.35841	0.84878
2004	 5	 6	24	2.67520	0.92742
2004	 5	 7	24	2.18731	1.16520
2004	 5	 8	24	1.83548	1.21816
2004	 5	 9	24	1.58223	1.20540
2004	 5	10	24	3.92853	1.85115
2004	 5	11	24	3.14436	2.15703
2004	 5	12	24	2.56448	2.02178
2004	 5	13	24	2.16389	1.88040
2004	 5	14	24	1.85670	1.74099
2004	 5	15	24	3.11954	2.29621
2004	 5	16	24	2.80529	2.63295
2004	 5	17	24	2.41518	2.38675
2004	 5	18	24	2.05605	2.13971
2004	 5	19	24	1.77335	1.94020
2004	 5	20	24	1.55837	1.78158
2004	 5	21	24	1.42999	1.65205
2004	 5	22	24	1.60259	1.57818
2004	 5	23	24	2.58053	2.25607
2004	 5	24	24	2.42882	2.61524
2004	 5	25	24	2.14751	2.38969
2004	 5	26	24	1.85964	2.13985
2004	 5	27	24	1.63406	1.94249
2004	 5	28	24	1.46221	1.78231
2004	 5	29	24	1.32701	1.64848
2004	 5	30	24	1.21995	1.53402
2004	 5	31	24	1.13454	1.43397
2004	 6	 1	24	1.06496	1.34689
2004	 6	 2	24	1.01943	1.29540
2004	 6	 3	24	0.98846	1.29678
2004	 6	 4	24	0.95290	1.22889
2004	 6	 5	24	0.91880	1.17555
2004	 6	 6	24	0.88816	1.13033
2004	 6	 7	24	0.85658	1.07670
2004	 6	 8	24	0.82633	1.02716
2004	 6	 9	24	0.79917	0.98210
2004	 6	10	24	0.77533	0.94105
2004	 6	11	24	0.78803	0.90325
2004	 6	12	24	0.80276	1.01139
2004	 6	13	24	0.80610	0.99517
2004	 6	14	24	0.78513	0.96390
2004	 6	15	24	0.76254	0.92848
2004	 6	16	24	0.74215	0.89750
2004	 6	17	24	0.72276	0.86470
2004	 6	18	24	0.71311	0.87432
2004	 6	19	24	0.70270	0.84362
2004	 6	20	24	0.68656	0.81776
2004	 6	21	24	0.67097	0.78905
2004	 6	22	24	0.65607	0.76314
2004	 6	23	24	0.64370	0.73896
2004	 6	24	24	0.63012	0.71557
2004	 6	25	24	0.61693	0.69348
2004	 6	26	24	0.60436	0.67266
2004	 6	27	24	0.59239	0.65305
2004	 6	28	24	0.58151	0.63466
2004	 6	29	24	0.57064	0.61727
2004	 6	30	24	0.56026	0.60087
2004	 7	 1	24	0.55908	0.58516
2004	 7	 2	24	0.55592	0.57472
2004	 7	 3	24	0.54694	0.56045
2004	 7	 4	24	0.53785	0.54933
2004	 7	 5	24	0.52878	0.53642
2004	 7	 6	24	0.51970	0.52428
2004	 7	 7	24	0.51064	0.51217
2004	 7	 8	24	1.71793	2.44384
2004	 7	 9	24	1.69909	2.23200
2004	 7	10	24	1.47498	2.02545
2004	 7	11	24	1.30933	1.86403
2004	 7	12	24	1.27437	1.85200
2004	 7	13	24	1.18989	1.78303
2004	 7	14	24	1.10030	1.65119
2004	 7	15	24	1.02046	1.54427
2004	 7	16	24	0.95954	1.46322
2004	 7	17	24	0.91154	1.40307
2004	 7	18	24	0.87290	1.35047
2004	 7	19	24	0.83855	1.29516
2004	 7	20	24	0.80655	1.24093
2004	 7	21	24	0.77962	1.19252
2004	 7	22	24	1.66538	2.17478
2004	 7	23	24	1.71812	2.50362
2004	 7	24	24	1.55454	2.24661
2004	 7	25	24	1.36635	2.00736
2004	 7	26	24	1.28083	1.81327
2004	 7	27	24	1.15693	1.67795
2004	 7	28	24	1.05728	1.54740
2004	 7	29	24	0.97732	1.43877
2004	 7	30	24	0.91122	1.34810
2004	 7	31	24	0.85711	1.27119
2004	 8	 1	24	0.81211	1.20500
2004	 8	 2	24	0.77484	1.14730
2004	 8	 3	24	0.74201	1.09624
2004	 8	 4	24	0.71345	1.05046
2004	 8	 5	24	0.68831	1.00904
2004	 8	 6	24	0.66643	0.97107
2004	 8	 7	24	0.64610	0.93582
2004	 8	 8	24	0.62753	0.90299
2004	 8	 9	24	0.61047	0.87236
2004	 8	10	24	0.59463	0.84341
2004	 8	11	24	0.57984	0.81608
2004	 8	12	24	0.67398	0.84362
2004	 8	13	24	0.72760	1.09311
2004	 8	14	24	0.75428	1.11923
2004	 8	15	24	0.73513	1.09331
2004	 8	16	24	0.70829	1.05484
2004	 8	17	24	0.77757	1.01272
2004	 8	18	24	0.73482	0.97378
2004	 8	19	24	0.69529	0.93711
2004	 8	20	24	0.66271	0.90483
2004	 8	21	24	0.63479	0.87128
2004	 8	22	24	0.61018	0.84035
2004	 8	23	24	0.58859	0.81148
2004	 8	24	24	0.69278	0.80526
2004	 8	25	24	0.69474	0.94246
2004	 8	26	24	1.03548	1.41169
2004	 8	27	24	1.07088	1.58511
2004	 8	28	24	0.99505	1.43370
2004	 8	29	24	0.90014	1.30610
2004	 8	30	24	0.86064	1.25343
2004	 8	31	24	0.80979	1.20567
2004	 9	 1	24	0.75920	1.12294
2004	 9	 2	24	0.71075	1.05374
2004	 9	 3	24	0.67077	0.99446
2004	 9	 4	24	0.63793	0.94256
2004	 9	 5	24	0.60918	0.89694
2004	 9	 6	24	0.58444	0.85658
2004	 9	 7	24	0.56292	0.82053
2004	 9	 8	24	0.54398	0.78810
2004	 9	 9	24	0.52760	0.75874
2004	 9	10	24	0.51248	0.73192
2004	 9	11	24	0.49876	0.70708
2004	 9	12	24	0.50845	0.68442
2004	 9	13	24	0.50074	0.69084
2004	 9	14	24	0.49182	0.67038
2004	 9	15	24	0.47870	0.65048
2004	 9	16	24	0.46686	0.63163
2004	 9	17	24	0.45573	0.61384
2004	 9	18	24	0.44548	0.59707
2004	 9	19	24	0.43601	0.58124
2004	 9	20	24	0.42721	0.56623
2004	 9	21	24	0.49524	0.57474
2004	 9	22	24	1.03884	1.21049
2004	 9	23	24	1.66269	2.06634
2004	 9	24	24	2.03186	2.44807
2004	 9	25	24	2.17214	2.49360
2004	 9	26	24	1.79543	2.14050
2004	 9	27	24	1.48427	1.85350
2004	 9	28	24	1.26985	1.66317
2004	 9	29	24	1.64002	1.95559
2004	 9	30	24	1.50206	1.94058
2004	10	 1	24	1.31156	1.73500
2004	10	 2	24	1.17162	1.61891
2004	10	 3	24	1.05690	1.52340
2004	10	 4	24	0.96083	1.41108
2004	10	 5	24	0.87834	1.31646
2004	10	 6	24	0.85119	1.23501
2004	10	 7	24	0.79379	1.18123
2004	10	 8	24	0.74555	1.12098
2004	10	 9	24	0.70443	1.07040
2004	10	10	24	0.66982	1.02426
2004	10	11	24	0.64027	0.98295
2004	10	12	24	0.61551	0.94554
2004	10	13	24	0.59351	0.91143
2004	10	14	24	0.57416	0.87990
2004	10	15	24	0.56174	0.85046
2004	10	16	24	0.55411	0.84092
2004	10	17	24	0.55064	0.85991
2004	10	18	24	0.54377	0.83263
2004	10	19	24	0.52960	0.80632
2004	10	20	24	0.51643	0.78166
2004	10	21	24	0.50516	0.75979
2004	10	22	24	0.49403	0.73787
2004	10	23	24	0.48329	0.71677
2004	10	24	24	0.47306	0.69658
2004	10	25	24	0.46333	0.67733
2004	10	26	24	0.50123	0.66906
2004	10	27	24	0.50422	0.71281
2004	10	28	24	0.50080	0.70028
2004	10	29	24	0.49020	0.68499
2004	10	30	24	0.48804	0.71868
2004	10	31	24	0.49267	0.74927
2004	11	 1	24	0.48876	0.72731
2004	11	 2	24	0.47586	0.70558
2004	11	 3	24	0.46386	0.68422
2004	11	 4	24	0.45238	0.66331
2004	11	 5	24	0.44196	0.64406
2004	11	 6	24	0.61098	0.81369
2004	11	 7	24	1.09662	1.20280
2004	11	 8	24	1.59052	1.29026
2004	11	 9	24	2.79177	1.30652
2004	11	10	24	2.09853	1.20940
2004	11	11	24	1.87041	1.51115
2004	11	12	24	1.90760	2.06401
2004	11	13	24	1.89496	2.12497
2004	11	14	24	1.61079	1.88471
2004	11	15	24	1.37791	1.68263
2004	11	16	24	2.02044	2.44595
2004	11	17	24	2.37607	3.68466
2004	11	18	24	5.67512	7.61775
2004	11	19	24	4.83776	6.30396
2004	11	20	24	3.85760	5.19443
2004	11	21	24	3.21240	4.41747
2004	11	22	24	4.91872	5.34101
2004	11	23	24	5.33295	6.51036
2004	11	24	24	4.46615	6.11593
2004	11	25	24	3.66788	5.25819
2004	11	26	24	3.10089	4.60963
2004	11	27	24	2.89818	4.42934
2004	11	28	24	2.70960	4.56268
2004	11	29	24	2.46854	4.23804
2004	11	30	24	2.21706	3.92273
2004	12	 1	24	2.09325	3.70062
2004	12	 2	24	1.96426	3.64734
2004	12	 3	24	1.78536	3.26724
2004	12	 4	24	1.61003	2.95820
2004	12	 5	24	1.48118	2.74853
2004	12	 6	24	1.37939	2.56494
2004	12	 7	24	1.28566	2.38555
2004	12	 8	24	1.20216	2.22152
2004	12	 9	24	1.13908	2.11785
2004	12	10	24	1.10830	2.10579
2004	12	11	24	1.11100	2.17824
2004	12	12	24	1.09815	2.13212
2004	12	13	24	1.04414	1.96219
2004	12	14	24	0.98352	1.81043
2004	12	15	24	0.92831	1.67842
2004	12	16	24	0.88104	1.56649
2004	12	17	24	0.87171	1.46562
2004	12	18	24	1.24140	1.37640
2004	12	19	24	1.16495	1.29761
2004	12	20	24	1.13830	1.22764
2004	12	21	24	1.10172	1.16559
2004	12	22	24	1.03844	1.11445
2004	12	23	24	1.14013	1.06181
2004	12	24	24	1.16940	1.19879
2004	12	25	24	1.43094	1.66071
2004	12	26	24	2.43734	1.98580
2004	12	27	24	2.26676	1.89615
2004	12	28	24	1.97521	1.74968
2004	12	29	24	1.78919	1.61988
2004	12	30	24	1.65095	1.52442
2004	12	31	24	1.81595	1.70767
2005	 1	 1	24	1.85820	2.15638
2005	 1	 2	24	1.84729	2.47469
2005	 1	 3	24	2.47706	2.47622
2005	 1	 4	24	2.37657	2.54913
2005	 1	 5	24	2.59972	3.00487
2005	 1	 6	24	2.53900	3.31163
2005	 1	 7	24	2.52744	3.84321
2005	 1	 8	24	2.68596	4.83784
2005	 1	 9	24	2.71998	5.23587
2005	 1	10	24	2.63746	5.28183
2005	 1	11	24	2.51584	5.19094
2005	 1	12	24	2.35495	4.91044
2005	 1	13	24	2.32973	4.90501
2005	 1	14	24	2.16677	4.41176
2005	 1	15	24	1.92157	3.83502
2005	 1	16	24	1.70930	3.35836
2005	 1	17	24	1.53078	2.97622
2005	 1	18	24	1.37783	2.63179
2005	 1	19	24	1.30829	2.34399
2005	 1	20	24	4.60532	4.18841
2005	 1	21	24	5.32509	5.22908
2005	 1	22	24	4.97675	5.09738
2005	 1	23	24	4.37305	4.51998
2005	 1	24	24	3.65252	3.96602
2005	 1	25	24	3.06919	3.47613
2005	 1	26	24	2.60619	3.04643
2005	 1	27	24	2.23102	2.69281
2005	 1	28	24	1.93509	2.39436
2005	 1	29	24	1.69197	2.14153
2005	 1	30	24	1.49574	1.93110
2005	 1	31	24	2.00580	1.75594
2005	 2	 1	24	1.90676	1.60886
2005	 2	 2	24	2.21477	1.48447
2005	 2	 3	24	2.18774	1.38703
2005	 2	 4	24	2.04048	1.29942
2005	 2	 5	24	2.03964	1.22230
2005	 2	 6	24	2.01103	1.15339
2005	 2	 7	24	1.95785	1.09068
2005	 2	 8	24	1.88625	1.03529
2005	 2	 9	24	1.97185	0.98520
2005	 2	10	24	2.67663	0.94224
2005	 2	11	24	3.38948	0.95908
2005	 2	12	24	5.15808	2.05546
2005	 2	13	24	5.38861	3.00116
2005	 2	14	24	4.59143	2.93474
2005	 2	15	24	3.83173	2.67311
2005	 2	16	24	3.22597	2.41686
2005	 2	17	24	2.72701	2.18635
2005	 2	18	24	2.33020	1.98428
2005	 2	19	24	2.01697	1.81280
2005	 2	20	24	1.82376	1.66387
2005	 2	21	24	1.73333	1.53834
2005	 2	22	24	1.53875	1.43009
2005	 2	23	24	1.38556	1.33516
2005	 2	24	24	1.26601	1.25247
2005	 2	25	24	1.16685	1.17908
2005	 2	26	24	1.13190	1.11088
2005	 2	27	24	1.04389	1.05033
2005	 2	28	24	0.97002	0.99673
2005	 3	 1	24	0.92363	0.94912
2005	 3	 2	24	1.01084	0.90605
2005	 3	 3	24	1.11627	0.86683
2005	 3	 4	24	1.16527	0.83125
2005	 3	 5	24	1.22678	0.79878
2005	 3	 6	24	1.10507	0.76898
2005	 3	 7	24	1.06447	0.74159
2005	 3	 8	24	1.10192	0.71632
2005	 3	 9	24	1.24013	0.69289
2005	 3	10	24	1.37928	0.67107
2005	 3	11	24	1.82626	0.65068
2005	 3	12	24	2.12869	0.63157
2005	 3	13	24	2.02474	0.61357
2005	 3	14	24	2.09232	0.59698
2005	 3	15	24	2.52044	0.58430
2005	 3	16	24	3.54222	0.76049
2005	 3	17	24	5.81061	3.06200
2005	 3	18	24	9.42168	7.62232
2005	 3	19	24	8.03808	6.86615
2005	 3	20	24	6.82362	6.13884
2005	 3	21	24	6.08440	5.90074
2005	 3	22	24	5.68380	5.93031
2005	 3	23	24	5.63929	6.55232
2005	 3	24	24	6.20812	8.37637
2005	 3	25	24	7.34788	10.93039
2005	 3	26	24	7.60667	12.42907
2005	 3	27	24	7.62260	13.29352
2005	 3	28	24	7.46389	13.71754
2005	 3	29	24	7.33044	14.08761
2005	 3	30	24	6.99157	13.90483
2005	 3	31	24	6.42962	13.03403
2005	 4	 1	24	5.74296	11.68284
2005	 4	 2	24	5.34524	11.23945
2005	 4	 3	24	5.39024	12.07524
2005	 4	 4	24	5.73460	13.62369
2005	 4	 5	24	5.71340	13.65449
2005	 4	 6	24	5.18475	12.15131
2005	 4	 7	24	4.57855	10.60830
2005	 4	 8	24	3.93584	8.89853
2005	 4	 9	24	3.34609	7.25814
2005	 4	10	24	3.00893	6.56048
2005	 4	11	24	2.60888	5.40488
2005	 4	12	24	2.28948	4.60184
2005	 4	13	24	2.02135	3.92806
2005	 4	14	24	1.80109	3.38229
2005	 4	15	24	1.63303	2.96023
2005	 4	16	24	1.49379	2.62872
2005	 4	17	24	1.38510	2.36118
2005	 4	18	24	1.29410	2.15027
2005	 4	19	24	1.21559	1.96409
2005	 4	20	24	1.14977	1.80682
2005	 4	21	24	1.09066	1.67233
2005	 4	22	24	1.03915	1.55657
2005	 4	23	24	0.99385	1.45567
2005	 4	24	24	0.95488	1.36696
2005	 4	25	24	0.91865	1.28852
2005	 4	26	24	0.89055	1.23690
2005	 4	27	24	0.86329	1.17219
2005	 4	28	24	0.84219	1.13202
2005	 4	29	24	0.81876	1.07637
2005	 4	30	24	0.79380	1.02499
2005	 5	 1	24	0.77041	0.97781
2005	 5	 2	24	0.74919	0.93428
2005	 5	 3	24	0.72889	0.89433
2005	 5	 4	24	0.78488	0.95192
2005	 5	 5	24	0.81400	1.04089
2005	 5	 6	24	0.85440	1.01672
2005	 5	 7	24	0.96051	1.03042
2005	 5	 8	24	0.94523	1.11920
2005	 5	 9	24	0.91663	1.09228
2005	 5	10	24	0.87423	1.05409
2005	 5	11	24	0.83576	1.01540
2005	 5	12	24	0.80595	0.99311
2005	 5	13	24	0.77895	0.95523
2005	 5	14	24	0.75150	0.91734
2005	 5	15	24	0.72736	0.88240
2005	 5	16	24	1.03083	0.85832
2005	 5	17	24	1.00941	1.04109
2005	 5	18	24	0.97545	1.06809
2005	 5	19	24	0.92545	1.05980
2005	 5	20	24	0.87710	1.03109
2005	 5	21	24	0.83292	0.99736
2005	 5	22	24	0.79635	0.96665
2005	 5	23	24	1.22660	1.01807
2005	 5	24	24	1.17169	1.21065
2005	 5	25	24	1.09887	1.20211
2005	 5	26	24	1.01438	1.15855
2005	 5	27	24	0.94200	1.11025
2005	 5	28	24	0.88230	1.06545
2005	 5	29	24	0.83268	1.02117
2005	 5	30	24	0.79063	0.97969
2005	 5	31	24	0.75575	0.94136
2005	 6	 1	24	0.72430	0.90284
2005	 6	 2	24	0.69627	0.86691
2005	 6	 3	24	0.67137	0.83295
2005	 6	 4	24	0.64905	0.80137
2005	 6	 5	24	0.62895	0.77188
2005	 6	 6	24	0.61397	0.74456
2005	 6	 7	24	0.62067	0.78446
2005	 6	 8	24	0.62503	0.79624
2005	 6	 9	24	0.61598	0.77490
2005	 6	10	24	0.60127	0.75038
2005	 6	11	24	0.58690	0.72635
2005	 6	12	24	0.57259	0.70231
2005	 6	13	24	0.55891	0.67949
2005	 6	14	24	1.49842	1.73475
2005	 6	15	24	1.46902	1.75479
2005	 6	16	24	1.32024	1.72415
2005	 6	17	24	1.21303	1.68713
2005	 6	18	24	1.12322	1.62823
2005	 6	19	24	1.04522	1.55372
2005	 6	20	24	0.98253	1.49883
2005	 6	21	24	0.93406	1.45257
2005	 6	22	24	0.89051	1.39565
2005	 6	23	24	0.84943	1.33568
2005	 6	24	24	0.81155	1.27490
2005	 6	25	24	0.88063	1.24702
2005	 6	26	24	0.87225	1.31791
2005	 6	27	24	0.84239	1.25416
2005	 6	28	24	0.79902	1.19543
2005	 6	29	24	0.76230	1.14329
2005	 6	30	24	0.73306	1.09657
2005	 7	 1	24	0.98433	1.12635
2005	 7	 2	24	0.95450	1.22894
2005	 7	 3	24	0.89824	1.16831
2005	 7	 4	24	0.84259	1.14442
2005	 7	 5	24	1.55436	1.70832
2005	 7	 6	24	1.49338	1.88739
2005	 7	 7	24	1.37146	1.72572
2005	 7	 8	24	1.88713	2.12697
2005	 7	 9	24	1.73520	2.26565
2005	 7	10	24	1.51787	2.02352
2005	 7	11	24	1.32469	1.82285
2005	 7	12	24	1.17648	1.66091
2005	 7	13	24	1.06303	1.53116
2005	 7	14	24	0.97555	1.42250
2005	 7	15	24	0.90355	1.33057
2005	 7	16	24	0.84497	1.25197
2005	 7	17	24	0.79554	1.18204
2005	 7	18	24	0.75449	1.12044
2005	 7	19	24	0.94122	1.08014
2005	 7	20	24	1.06858	1.38661
2005	 7	21	24	1.47147	1.99555
2005	 7	22	24	1.47225	2.18357
2005	 7	23	24	1.33588	1.97010
2005	 7	24	24	1.19012	1.77801
2005	 7	25	24	1.07586	1.63593
2005	 7	26	24	0.98487	1.50825
2005	 7	27	24	0.91158	1.40089
2005	 7	28	24	0.84962	1.30794
2005	 7	29	24	0.97460	1.28393
2005	 7	30	24	1.10555	1.63505
2005	 7	31	24	1.07083	1.57883
2005	 8	 1	24	0.98525	1.46605
2005	 8	 2	24	0.92918	1.36098
2005	 8	 3	24	0.86307	1.27324
2005	 8	 4	24	0.80629	1.19638
2005	 8	 5	24	1.11274	1.21135
2005	 8	 6	24	1.09238	1.41543
2005	 8	 7	24	1.02410	1.34299
2005	 8	 8	24	0.93524	1.26416
2005	 8	 9	24	0.86133	1.18770
2005	 8	10	24	0.80032	1.11748
2005	 8	11	24	0.74874	1.05578
2005	 8	12	24	0.85763	1.00555
2005	 8	13	24	0.81367	1.04698
2005	 8	14	24	0.76985	1.00282
2005	 8	15	24	0.74230	1.02201
2005	 8	16	24	0.73415	1.10135
2005	 8	17	24	0.71456	1.04747
2005	 8	18	24	0.67776	0.99334
2005	 8	19	24	0.64583	0.94354
2005	 8	20	24	0.91552	1.20911
2005	 8	21	24	0.95757	1.41466
2005	 8	22	24	2.07968	2.72980
2005	 8	23	24	2.04791	2.70088
2005	 8	24	24	1.72886	2.32978
2005	 8	25	24	1.46662	2.04173
2005	 8	26	24	1.27520	1.82656
2005	 8	27	24	1.12908	1.65588
2005	 8	28	24	1.01687	1.51802
2005	 8	29	24	0.93058	1.40551
2005	 8	30	24	0.86025	1.31227
2005	 8	31	24	0.80289	1.23229
2005	 9	 1	24	0.75485	1.16194
2005	 9	 2	24	0.71485	1.09920
2005	 9	 3	24	0.67940	1.04255
2005	 9	 4	24	0.64842	0.99088
2005	 9	 5	24	0.62175	0.94365
2005	 9	 6	24	0.59749	0.90100
2005	 9	 7	24	0.57593	0.86218
2005	 9	 8	24	0.55662	0.82675
2005	 9	 9	24	0.53923	0.79437
2005	 9	10	24	1.50330	1.20831
2005	 9	11	24	1.44122	1.62168
2005	 9	12	24	2.92148	2.97582
2005	 9	13	24	2.43937	2.84405
2005	 9	14	24	1.97072	2.41566
2005	 9	15	24	1.81750	2.37575
2005	 9	16	24	2.16429	2.67957
2005	 9	17	24	2.00079	2.54612
2005	 9	18	24	1.70129	2.26681
2005	 9	19	24	1.46480	2.05005
2005	 9	20	24	1.29117	1.87145
2005	 9	21	24	1.15528	1.72225
2005	 9	22	24	1.04874	1.59619
2005	 9	23	24	0.96419	1.49084
2005	 9	24	24	0.89751	1.40136
2005	 9	25	24	0.84163	1.32384
2005	 9	26	24	0.79507	1.25536
2005	 9	27	24	0.75558	1.19378
2005	 9	28	24	0.72245	1.13825
2005	 9	29	24	0.78176	1.08718
2005	 9	30	24	0.78107	1.21467
2005	10	 1	24	0.98403	1.19401
2005	10	 2	24	1.15632	1.30792
2005	10	 3	24	1.08189	1.35488
2005	10	 4	24	0.99182	1.28033
2005	10	 5	24	0.90567	1.21198
2005	10	 6	24	0.83704	1.15015
2005	10	 7	24	0.78023	1.09489
2005	10	 8	24	0.73354	1.04493
2005	10	 9	24	0.69430	0.99892
2005	10	10	24	0.66152	0.95681
2005	10	11	24	0.63267	0.91760
2005	10	12	24	0.60736	0.88078
2005	10	13	24	0.58498	0.84665
2005	10	14	24	0.56509	0.81496
2005	10	15	24	0.54728	0.78557
2005	10	16	24	0.53158	0.75809
2005	10	17	24	0.51682	0.73229
2005	10	18	24	0.50323	0.70809
2005	10	19	24	0.49068	0.68533
2005	10	20	24	0.47903	0.66394
2005	10	21	24	0.46816	0.64388
2005	10	22	24	0.45826	0.62503
2005	10	23	24	0.44883	0.60733
2005	10	24	24	0.44760	0.62456
2005	10	25	24	0.44650	0.61079
2005	10	26	24	0.43893	0.59587
2005	10	27	24	0.43091	0.57991
2005	10	28	24	0.42287	0.56464
2005	10	29	24	0.41517	0.55013
2005	10	30	24	0.40801	0.53634
2005	10	31	24	0.40094	0.52323
2005	11	 1	24	0.39416	0.51074
2005	11	 2	24	0.38774	0.49904
2005	11	 3	24	0.38152	0.48764
2005	11	 4	24	0.37560	0.47704
2005	11	 5	24	0.36992	0.46679
2005	11	 6	24	0.36787	0.47303
2005	11	 7	24	0.36623	0.46427
2005	11	 8	24	0.36109	0.45465
2005	11	 9	24	0.35595	0.44514
2005	11	10	24	0.35077	0.43601
2005	11	11	24	0.34577	0.42724
2005	11	12	24	0.34092	0.41881
2005	11	13	24	0.33622	0.41071
2005	11	14	24	0.33167	0.40295
2005	11	15	24	0.32725	0.39542
2005	11	16	24	0.32563	0.39201
2005	11	17	24	0.33987	0.41409
2005	11	18	24	0.34703	0.41248
2005	11	19	24	0.34410	0.40791
2005	11	20	24	0.57707	0.40228
2005	11	21	24	0.67185	0.39931
2005	11	22	24	0.61690	0.39327
2005	11	23	24	0.54619	0.38688
2005	11	24	24	0.49356	0.38054
2005	11	25	24	0.45384	0.37425
2005	11	26	24	0.53969	0.36800
2005	11	27	24	0.49209	0.36215
2005	11	28	24	0.46189	0.35614
2005	11	29	24	0.46349	0.35024
2005	11	30	24	0.44757	0.34491
2005	12	 1	24	0.45073	0.33965
2005	12	 2	24	0.43477	0.33494
2005	12	 3	24	0.54942	0.32968
2005	12	 4	24	0.73517	0.32457
2005	12	 5	24	0.70692	0.32186
2005	12	 6	24	0.67082	0.31819
2005	12	 7	24	0.62364	0.32750
2005	12	 8	24	0.62353	0.32519
2005	12	 9	24	0.56001	0.32714
2005	12	10	24	0.51256	0.32364
2005	12	11	24	0.47228	0.31993
2005	12	12	24	0.48705	0.31560
2005	12	13	24	0.46729	0.32983
2005	12	14	24	0.50035	0.32988
2005	12	15	24	1.40803	0.32868
2005	12	16	24	2.22391	0.36220
2005	12	17	24	1.63662	0.36866
2005	12	18	24	1.27564	0.37024
2005	12	19	24	1.21237	0.36908
2005	12	20	24	1.77531	0.36615
2005	12	21	24	1.50874	0.36294
2005	12	22	24	1.63546	0.36054
2005	12	23	24	1.84002	0.36842
2005	12	24	24	2.17161	0.41945
2005	12	25	24	1.84765	0.45124
2005	12	26	24	1.60668	0.44135
2005	12	27	24	1.33088	0.42699
2005	12	28	24	1.10737	0.41410
2005	12	29	24	0.93970	0.40273
2005	12	30	24	0.88322	0.39272
2005	12	31	24	0.84967	0.38388
2006	 1	 1	24	0.96408	0.37592
2006	 1	 2	24	0.97007	0.36915
2006	 1	 3	24	0.94133	0.36369
2006	 1	 4	24	0.81536	0.35751
2006	 1	 5	24	0.71967	0.35168
2006	 1	 6	24	0.67375	0.34614
2006	 1	 7	24	0.63772	0.34197
2006	 1	 8	24	0.58599	0.33670
2006	 1	 9	24	0.70658	0.33192
2006	 1	10	24	0.82828	0.33977
2006	 1	11	24	1.02726	0.38166
2006	 1	12	24	0.98749	0.42034
2006	 1	13	24	0.92071	0.40765
2006	 1	14	24	0.90652	0.41918
2006	 1	15	24	0.82853	0.40314
2006	 1	16	24	0.75763	0.38734
2006	 1	17	24	0.82877	0.37371
2006	 1	18	24	0.79800	0.36184
2006	 1	19	24	0.70368	0.35157
2006	 1	20	24	1.41743	0.39617
2006	 1	21	24	2.30213	0.52257
2006	 1	22	24	1.90761	0.51330
2006	 1	23	24	1.56754	0.47606
2006	 1	24	24	1.42314	0.44568
2006	 1	25	24	1.20732	0.42095
2006	 1	26	24	1.02587	0.40049
2006	 1	27	24	0.94622	0.38347
2006	 1	28	24	0.97020	0.41413
2006	 1	29	24	0.95890	0.48675
2006	 1	30	24	0.93882	0.52617
2006	 1	31	24	0.91150	0.56787
2006	 2	 1	24	1.04914	0.81922
2006	 2	 2	24	1.09966	0.96575
2006	 2	 3	24	0.99218	0.88798
2006	 2	 4	24	0.86820	0.78297
2006	 2	 5	24	0.76661	0.70214
2006	 2	 6	24	0.79746	0.63647
2006	 2	 7	24	2.64385	1.35801
2006	 2	 8	24	2.97066	1.46325
2006	 2	 9	24	3.07943	1.33927
2006	 2	10	24	3.07853	1.15790
2006	 2	11	24	2.63872	1.01345
2006	 2	12	24	2.32178	0.90030
2006	 2	13	24	2.18203	0.81790
2006	 2	14	24	2.18868	0.79906
2006	 2	15	24	2.19419	0.73997
2006	 2	16	24	2.34072	0.76164
2006	 2	17	24	2.40313	0.90895
2006	 2	18	24	2.26039	0.99509
2006	 2	19	24	2.13364	1.15282
2006	 2	20	24	1.94655	1.18496
2006	 2	21	24	1.70964	1.08598
2006	 2	22	24	1.45811	0.96830
2006	 2	23	24	1.25768	0.87357
2006	 2	24	24	1.15978	0.81791
2006	 2	25	24	1.02977	0.75779
2006	 2	26	24	0.91800	0.70597
2006	 2	27	24	0.88363	0.66379
2006	 2	28	24	1.06907	0.62901
2006	 3	 1	24	1.25709	0.59951
2006	 3	 2	24	1.37072	0.57454
2006	 3	 3	24	1.45202	0.55402
2006	 3	 4	24	1.29145	0.53582
2006	 3	 5	24	1.31350	0.52001
2006	 3	 6	24	1.37201	0.50821
2006	 3	 7	24	1.44412	0.49634
2006	 3	 8	24	1.51634	0.48492
2006	 3	 9	24	2.13002	0.47675
2006	 3	10	24	2.41677	0.52995
2006	 3	11	24	2.65990	0.57558
2006	 3	12	24	2.22827	0.55456
2006	 3	13	24	1.86591	0.53320
2006	 3	14	24	1.61760	0.51367
2006	 3	15	24	1.39843	0.49573
2006	 3	16	24	1.30361	0.47985
2006	 3	17	24	1.19646	0.46564
2006	 3	18	24	1.13892	0.45294
2006	 3	19	24	1.49783	0.49415
2006	 3	20	24	1.84184	0.67912
2006	 3	21	24	2.02768	0.86620
2006	 3	22	24	1.92417	0.99014
2006	 3	23	24	1.78573	1.05315
2006	 3	24	24	1.69157	1.15957
2006	 3	25	24	1.81667	1.63267
2006	 3	26	24	2.95723	3.62362
2006	 3	27	24	3.68281	5.18181
2006	 3	28	24	3.83564	5.72140
2006	 3	29	24	3.80938	6.05567
2006	 3	30	24	5.30521	8.45130
2006	 3	31	24	5.52514	9.27026
2006	 4	 1	24	5.64208	10.13365
2006	 4	 2	24	5.74516	10.98832
2006	 4	 3	24	5.58713	11.07040
2006	 4	 4	24	5.10452	10.33121
2006	 4	 5	24	4.64734	9.65716
2006	 4	 6	24	4.24619	8.90092
2006	 4	 7	24	4.00535	8.48790
2006	 4	 8	24	4.07531	8.97629
2006	 4	 9	24	4.33742	9.95443
2006	 4	10	24	4.40428	9.83938
2006	 4	11	24	3.99634	8.78319
2006	 4	12	24	3.47651	7.44567
2006	 4	13	24	3.19359	6.85734
2006	 4	14	24	3.53217	8.09847
2006	 4	15	24	4.10874	9.87863
2006	 4	16	24	4.98769	12.28486
2006	 4	17	24	5.71022	14.49030
2006	 4	18	24	5.69992	14.27700
2006	 4	19	24	5.36155	13.37881
2006	 4	20	24	5.07308	12.74654
2006	 4	21	24	4.78047	12.01509
2006	 4	22	24	4.32149	10.70758
2006	 4	23	24	3.74437	9.08487
2006	 4	24	24	3.17368	7.44716
2006	 4	25	24	2.65173	6.06180
2006	 4	26	24	2.21858	4.91842
2006	 4	27	24	1.95293	4.26849
2006	 4	28	24	1.71910	3.63108
2006	 4	29	24	1.70144	3.18064
----------------------
lin. R-square	-10	-0.2165	-0.1455
lin. R-square	-9	-0.2165	-0.1461
lin. R-square	-8	-0.2165	-0.1467
lin. R-square	-7	-0.2165	-0.1473
lin. R-square	-6	-0.2165	-0.1479
lin. R-square	-5	-0.2165	-0.1486
lin. R-square	-4	-0.2165	-0.1492
lin. R-square	-3	-0.2165	-0.1498
lin. R-square	-2	-0.2165	-0.1504
lin. R-square	-1	-0.2164	-0.1511
LIN. R-SQUARE	0	-0.2164	-0.1517
lin. R-square	1	-0.2164	-0.1523
lin. R-square	2	-0.2164	-0.1530
lin. R-square	3	-0.2165	-0.1530
lin. R-square	4	-0.2166	-0.1531
lin. R-square	5	-0.2167	-0.1532
lin. R-square	6	-0.2169	-0.1533
lin. R-square	7	-0.2170	-0.1534
lin. R-square	8	-0.2171	-0.1535
lin. R-square	9	-0.2173	-0.1536
lin. R-square	10	-0.2174	-0.1530
----------------------
log. R-square	-10	-0.1159	-0.1963
log. R-square	-9	-0.1124	-0.1912
log. R-square	-8	-0.1084	-0.1856
log. R-square	-7	-0.1047	-0.1796
log. R-square	-6	-0.1005	-0.1724
log. R-square	-5	-0.0959	-0.1648
log. R-square	-4	-0.0905	-0.1578
log. R-square	-3	-0.0848	-0.1522
log. R-square	-2	-0.0785	-0.1472
log. R-square	-1	-0.0726	-0.1425
LOG. R-SQUARE	0	-0.0675	-0.1420
log. R-square	1	-0.0666	-0.1474
log. R-square	2	-0.0695	-0.1570
log. R-square	3	-0.0707	-0.1638
log. R-square	4	-0.0713	-0.1691
log. R-square	5	-0.0721	-0.1749
log. R-square	6	-0.0736	-0.1823
log. R-square	7	-0.0747	-0.1892
log. R-square	8	-0.0758	-0.1966
log. R-square	9	-0.0770	-0.2039
log. R-square	10	-0.0778	-0.2092
----------------------
coeff.var.lin	-10	-0.0000	-0.0000
coeff.var.lin	-9	-0.0000	-0.0000
coeff.var.lin	-8	-0.0000	0.0000
coeff.var.lin	-7	-0.0000	0.0000
coeff.var.lin	-6	-0.0000	0.0000
coeff.var.lin	-5	0.0000	0.0000
coeff.var.lin	-4	0.0000	0.0000
coeff.var.lin	-3	0.0000	0.0000
coeff.var.lin	-2	0.0000	0.0000
coeff.var.lin	-1	0.0001	0.0000
COEFF.VAR.LIN	0	0.0001	0.0001
coeff.var.lin	1	0.0001	0.0001
coeff.var.lin	2	0.0001	0.0001
coeff.var.lin	3	0.0001	0.0001
coeff.var.lin	4	0.0001	0.0001
coeff.var.lin	5	0.0001	0.0001
coeff.var.lin	6	0.0001	0.0001
coeff.var.lin	7	0.0001	0.0000
coeff.var.lin	8	0.0001	0.0000
coeff.var.lin	9	0.0001	0.0000
coeff.var.lin	10	0.0001	0.0000
----------------------
coeff.var.log	-10	0.0321	-0.0578
coeff.var.log	-9	0.0361	-0.0519
coeff.var.log	-8	0.0406	-0.0454
coeff.var.log	-7	0.0447	-0.0385
coeff.var.log	-6	0.0493	-0.0304
coeff.var.log	-5	0.0543	-0.0219
coeff.var.log	-4	0.0601	-0.0140
coeff.var.log	-3	0.0661	-0.0076
coeff.var.log	-2	0.0729	-0.0017
coeff.var.log	-1	0.0791	0.0039
COEFF.VAR.LOG	0	0.0846	0.0054
coeff.var.log	1	0.0858	0.0008
coeff.var.log	2	0.0833	-0.0079
coeff.var.log	3	0.0825	-0.0142
coeff.var.log	4	0.0823	-0.0189
coeff.var.log	5	0.0819	-0.0240
coeff.var.log	6	0.0808	-0.0307
coeff.var.log	7	0.0803	-0.0368
coeff.var.log	8	0.0796	-0.0434
coeff.var.log	9	0.0788	-0.0498
coeff.var.log	10	0.0786	-0.0555
----------------------
