YY	MM	DD	HH	"1"	"2"	tot_average
Bestandesniederschlag_in_mm_interception_model
--	--	--	--	0.6468891	0.3531109	1.0000
2000	 8	 1	24	0.00000	0.00000	0.00000
2000	 8	 2	24	0.04628	0.03403	0.04195
2000	 8	 3	24	0.00989	0.07322	0.03225
2000	 8	 4	24	0.00000	0.00000	0.00000
2000	 8	 5	24	0.00000	0.00000	0.00000
2000	 8	 6	24	0.46624	1.09364	0.68778
2000	 8	 7	24	1.10026	1.03953	1.07881
2000	 8	 8	24	0.00000	0.00000	0.00000
2000	 8	 9	24	0.00000	0.00000	0.00000
2000	 8	10	24	0.08952	0.00403	0.05933
2000	 8	11	24	0.00000	0.00000	0.00000
2000	 8	12	24	0.00000	0.00000	0.00000
2000	 8	13	24	0.00000	0.00000	0.00000
2000	 8	14	24	0.00000	0.00000	0.00000
2000	 8	15	24	2.27932	6.49099	3.76651
2000	 8	16	24	0.00000	0.00000	0.00000
2000	 8	17	24	0.01420	0.00115	0.00959
2000	 8	18	24	0.02644	0.00485	0.01882
2000	 8	19	24	0.00680	0.00000	0.00440
2000	 8	20	24	10.60440	4.64491	8.50004
2000	 8	21	24	17.32251	18.22820	17.64232
2000	 8	22	24	0.04022	0.01062	0.02977
2000	 8	23	24	0.00000	0.00000	0.00000
2000	 8	24	24	0.00000	0.00000	0.00000
2000	 8	25	24	0.00000	0.00000	0.00000
2000	 8	26	24	0.00000	0.00000	0.00000
2000	 8	27	24	0.00000	0.00000	0.00000
2000	 8	28	24	2.00158	0.15423	1.34926
2000	 8	29	24	0.00000	0.00000	0.00000
2000	 8	30	24	0.00000	0.00000	0.00000
2000	 8	31	24	0.01921	0.03262	0.02395
2000	 9	 1	24	1.62292	2.74207	2.01810
2000	 9	 2	24	1.69261	1.46675	1.61286
2000	 9	 3	24	20.73532	30.23949	24.09135
2000	 9	 4	24	2.30617	1.75133	2.11025
2000	 9	 5	24	0.58399	0.22827	0.45838
2000	 9	 6	24	6.30233	10.90824	7.92873
2000	 9	 7	24	0.44476	0.09869	0.32256
2000	 9	 8	24	0.00000	0.00000	0.00000
2000	 9	 9	24	0.00000	0.00000	0.00000
2000	 9	10	24	0.00000	0.00000	0.00000
2000	 9	11	24	0.00000	0.00000	0.00000
2000	 9	12	24	0.00000	0.00000	0.00000
2000	 9	13	24	1.14828	0.19509	0.81170
2000	 9	14	24	0.00000	0.00000	0.00000
2000	 9	15	24	0.00000	0.00000	0.00000
2000	 9	16	24	0.82047	0.25612	0.62119
2000	 9	17	24	0.19059	0.04428	0.13893
2000	 9	18	24	0.00000	0.00000	0.00000
2000	 9	19	24	0.00000	0.00000	0.00000
2000	 9	20	24	0.00217	0.00000	0.00140
2000	 9	21	24	1.07139	0.62944	0.91533
2000	 9	22	24	0.00000	0.00000	0.00000
2000	 9	23	24	0.00000	0.00000	0.00000
2000	 9	24	24	0.00000	0.00000	0.00000
2000	 9	25	24	0.00000	0.00000	0.00000
2000	 9	26	24	0.00000	0.00000	0.00000
2000	 9	27	24	0.18458	0.01954	0.12630
2000	 9	28	24	0.05643	0.00108	0.03688
2000	 9	29	24	0.00000	0.00000	0.00000
2000	 9	30	24	0.00000	0.00000	0.00000
2000	10	 1	24	14.60331	28.56243	19.53243
2000	10	 2	24	0.26409	0.02261	0.17882
2000	10	 3	24	0.25713	0.14367	0.21707
2000	10	 4	24	0.10718	0.01031	0.07298
2000	10	 5	24	3.31773	2.89880	3.16980
2000	10	 6	24	8.08771	6.67235	7.58793
2000	10	 7	24	20.03367	16.89289	18.92463
2000	10	 8	24	3.08809	2.04111	2.71839
2000	10	 9	24	0.73141	0.54532	0.66570
2000	10	10	24	0.20703	0.03553	0.14647
2000	10	11	24	0.92668	0.92885	0.92745
2000	10	12	24	0.06550	0.01638	0.04815
2000	10	13	24	0.03362	0.00000	0.02175
2000	10	14	24	0.00006	0.00000	0.00004
2000	10	15	24	0.00000	0.00000	0.00000
2000	10	16	24	0.00000	0.00000	0.00000
2000	10	17	24	0.11893	0.06204	0.09884
2000	10	18	24	4.73146	8.24907	5.97357
2000	10	19	24	0.06562	0.00000	0.04245
2000	10	20	24	0.00000	0.00610	0.00215
2000	10	21	24	0.00000	0.00000	0.00000
2000	10	22	24	0.00000	0.00000	0.00000
2000	10	23	24	0.05822	0.04120	0.05221
2000	10	24	24	0.09374	0.04798	0.07758
2000	10	25	24	0.82927	0.63172	0.75951
2000	10	26	24	5.18444	5.13975	5.16866
2000	10	27	24	1.41737	1.36012	1.39715
2000	10	28	24	0.13148	0.27489	0.18212
2000	10	29	24	0.00017	0.00000	0.00011
2000	10	30	24	0.00000	0.00000	0.00000
2000	10	31	24	0.07230	0.04198	0.06159
2000	11	 1	24	0.06990	0.01495	0.05049
2000	11	 2	24	0.00000	0.00000	0.00000
2000	11	 3	24	4.95653	6.32501	5.43976
2000	11	 4	24	0.01055	0.00000	0.00683
2000	11	 5	24	0.00000	0.00000	0.00000
2000	11	 6	24	0.18168	0.82568	0.40908
2000	11	 7	24	2.90406	3.56974	3.13912
2000	11	 8	24	0.00000	0.00000	0.00000
2000	11	 9	24	0.00000	0.00000	0.00000
2000	11	10	24	0.00000	0.00000	0.00000
2000	11	11	24	0.00000	0.00000	0.00000
2000	11	12	24	0.00000	0.00000	0.00000
2000	11	13	24	0.00000	0.00000	0.00000
2000	11	14	24	3.26713	2.77287	3.09260
2000	11	15	24	0.50916	0.39555	0.46904
2000	11	16	24	0.91349	1.76749	1.21505
2000	11	17	24	5.29953	4.19516	4.90957
2000	11	18	24	0.00000	0.00000	0.00000
2000	11	19	24	0.00000	0.00000	0.00000
2000	11	20	24	0.77726	1.01611	0.86160
2000	11	21	24	1.03377	2.01271	1.37944
2000	11	22	24	0.00000	0.00000	0.00000
2000	11	23	24	0.00000	0.00000	0.00000
2000	11	24	24	6.95377	8.92939	7.65138
2000	11	25	24	5.96591	5.56670	5.82495
2000	11	26	24	4.16324	5.31592	4.57026
2000	11	27	24	1.69510	1.20476	1.52195
2000	11	28	24	1.67760	1.65926	1.67113
2000	11	29	24	0.01083	0.00000	0.00701
2000	11	30	24	0.00000	0.00000	0.00000
2000	12	 1	24	0.00000	0.00000	0.00000
2000	12	 2	24	0.00000	0.00000	0.00000
2000	12	 3	24	0.00000	0.00000	0.00000
2000	12	 4	24	0.01775	0.00092	0.01181
2000	12	 5	24	0.01910	0.20391	0.08436
2000	12	 6	24	0.00000	0.00000	0.00000
2000	12	 7	24	0.00331	0.00000	0.00214
2000	12	 8	24	0.31082	1.10624	0.59169
2000	12	 9	24	0.00000	0.00000	0.00000
2000	12	10	24	2.79370	3.95335	3.20319
2000	12	11	24	3.88516	7.19731	5.05472
2000	12	12	24	2.98156	1.62930	2.50406
2000	12	13	24	0.02988	0.00674	0.02171
2000	12	14	24	1.50219	3.53651	2.22053
2000	12	15	24	8.68114	7.23245	8.16959
2000	12	16	24	3.66624	0.00000	2.37165
2000	12	17	24	0.38443	0.00000	0.24869
2000	12	18	24	0.88592	1.39806	1.06677
2000	12	19	24	0.42921	1.17666	0.69314
2000	12	20	24	0.12264	0.06073	0.10078
2000	12	21	24	0.00191	0.00982	0.00470
2000	12	22	24	0.00154	0.00812	0.00386
2000	12	23	24	0.00769	0.00870	0.00805
2000	12	24	24	0.15629	1.10703	0.49201
2000	12	25	24	0.67082	0.00354	0.43520
2000	12	26	24	0.01475	0.00062	0.00976
2000	12	27	24	0.02492	0.02408	0.02462
2000	12	28	24	0.63531	1.70908	1.01447
2000	12	29	24	0.71547	0.07008	0.48758
2000	12	30	24	2.51190	0.00000	1.62492
2000	12	31	24	0.94026	0.00000	0.60825
2001	 1	 1	24	2.42781	0.00000	1.57052
2001	 1	 2	24	2.05737	0.00000	1.33089
2001	 1	 3	24	1.27536	1.97311	1.52174
2001	 1	 4	24	1.07712	1.06697	1.07354
2001	 1	 5	24	8.74116	6.45001	7.93213
2001	 1	 6	24	2.80324	8.61676	4.85606
2001	 1	 7	24	0.69284	4.06762	1.88451
2001	 1	 8	24	0.33508	2.36692	1.05255
2001	 1	 9	24	0.12668	0.09967	0.11714
2001	 1	10	24	2.17654	0.73702	1.66823
2001	 1	11	24	0.11286	0.00000	0.07301
2001	 1	12	24	0.00781	0.00000	0.00505
2001	 1	13	24	0.00041	0.00000	0.00027
2001	 1	14	24	0.00193	0.00000	0.00125
2001	 1	15	24	0.00631	0.00000	0.00408
2001	 1	16	24	0.00161	0.00001	0.00105
2001	 1	17	24	0.00187	0.00032	0.00132
2001	 1	18	24	0.02832	0.00000	0.01832
2001	 1	19	24	0.06116	0.00000	0.03956
2001	 1	20	24	0.05215	0.00000	0.03374
2001	 1	21	24	0.06899	0.00000	0.04463
2001	 1	22	24	0.36847	0.00000	0.23836
2001	 1	23	24	1.53976	0.00000	0.99606
2001	 1	24	24	6.05043	0.00000	3.91395
2001	 1	25	24	5.18144	0.89945	3.66942
2001	 1	26	24	2.07360	2.11167	2.08705
2001	 1	27	24	1.35977	0.12091	0.92231
2001	 1	28	24	1.28929	2.34525	1.66216
2001	 1	29	24	0.40395	0.28631	0.36241
2001	 1	30	24	1.95001	0.08022	1.28977
2001	 1	31	24	0.54223	0.00000	0.35076
2001	 2	 1	24	1.00467	0.00000	0.64991
2001	 2	 2	24	0.79306	0.00000	0.51302
2001	 2	 3	24	0.00000	0.00000	0.00000
2001	 2	 4	24	2.83759	0.00000	1.83561
2001	 2	 5	24	9.98925	7.02966	8.94419
2001	 2	 6	24	12.26563	11.87264	12.12686
2001	 2	 7	24	12.36907	10.94607	11.86660
2001	 2	 8	24	9.41603	7.69755	8.80921
2001	 2	 9	24	4.81235	8.59944	6.14961
2001	 2	10	24	0.67053	1.51407	0.96839
2001	 2	11	24	1.67101	4.77539	2.76720
2001	 2	12	24	4.33345	14.33863	7.86639
2001	 2	13	24	0.69287	4.44653	2.01833
2001	 2	14	24	0.43269	3.90352	1.65828
2001	 2	15	24	0.58513	10.27499	4.00673
2001	 2	16	24	0.00015	4.32243	1.52639
2001	 2	17	24	0.38825	0.04993	0.26879
2001	 2	18	24	0.42372	0.00000	0.27410
2001	 2	19	24	1.75624	0.00000	1.13609
2001	 2	20	24	1.44539	0.54401	1.12711
2001	 2	21	24	4.59019	0.89501	3.28538
2001	 2	22	24	11.84378	0.00000	7.66161
2001	 2	23	24	0.60724	0.00000	0.39282
2001	 2	24	24	0.00000	0.00000	0.00000
2001	 2	25	24	0.02359	0.00000	0.01526
2001	 2	26	24	0.69941	0.00000	0.45244
2001	 2	27	24	2.08850	0.00000	1.35103
2001	 2	28	24	3.08285	0.00000	1.99426
2001	 3	 1	24	4.23036	0.00000	2.73657
2001	 3	 2	24	2.70429	0.00000	1.74937
2001	 3	 3	24	4.82888	0.00000	3.12375
2001	 3	 4	24	5.38099	0.16542	3.53932
2001	 3	 5	24	1.01914	0.00225	0.66006
2001	 3	 6	24	3.24974	0.54102	2.29326
2001	 3	 7	24	5.31755	1.65145	4.02301
2001	 3	 8	24	11.64739	10.35789	11.19205
2001	 3	 9	24	13.06301	10.66728	12.21705
2001	 3	10	24	12.29026	11.97765	12.17988
2001	 3	11	24	9.90414	14.27692	11.44822
2001	 3	12	24	18.59959	29.00169	22.27269
2001	 3	13	24	6.20716	10.78518	7.82371
2001	 3	14	24	2.95948	3.94943	3.30904
2001	 3	15	24	2.46264	2.96582	2.64031
2001	 3	16	24	1.94869	6.41977	3.52748
2001	 3	17	24	9.88992	13.59559	11.19843
2001	 3	18	24	4.42571	10.45115	6.55336
2001	 3	19	24	4.40080	6.31877	5.07806
2001	 3	20	24	0.10441	0.01646	0.07336
2001	 3	21	24	0.89696	0.00000	0.58023
2001	 3	22	24	6.91203	4.28580	5.98468
2001	 3	23	24	6.91403	7.07747	6.97174
2001	 3	24	24	13.87067	26.21423	18.22931
2001	 3	25	24	6.28857	12.81344	8.59257
2001	 3	26	24	0.00000	0.00078	0.00028
2001	 3	27	24	0.00080	0.00000	0.00051
2001	 3	28	24	0.93422	0.00000	0.60434
2001	 3	29	24	0.04216	0.34881	0.15044
2001	 3	30	24	0.31163	2.73133	1.16605
2001	 3	31	24	0.00000	0.28786	0.10165
2001	 4	 1	24	0.00000	0.00000	0.00000
2001	 4	 2	24	0.00000	0.00000	0.00000
2001	 4	 3	24	0.84428	0.75151	0.81152
2001	 4	 4	24	5.06787	6.26927	5.49210
2001	 4	 5	24	0.07111	0.00000	0.04600
2001	 4	 6	24	1.04000	1.60167	1.23833
2001	 4	 7	24	3.63406	3.85287	3.71132
2001	 4	 8	24	2.32484	2.50895	2.38985
2001	 4	 9	24	0.00000	0.00000	0.00000
2001	 4	10	24	0.03278	0.00000	0.02120
2001	 4	11	24	0.09400	0.12051	0.10336
2001	 4	12	24	2.57826	3.70666	2.97671
2001	 4	13	24	3.73511	0.00000	2.41620
2001	 4	14	24	4.12194	0.00000	2.66644
2001	 4	15	24	5.61760	0.04613	3.65025
2001	 4	16	24	5.57946	4.50102	5.19865
2001	 4	17	24	1.85428	3.52586	2.44453
2001	 4	18	24	2.65895	5.04323	3.50087
2001	 4	19	24	0.85212	4.36687	2.09322
2001	 4	20	24	3.97381	5.51067	4.51649
2001	 4	21	24	5.13194	2.35610	4.15176
2001	 4	22	24	1.04535	1.05029	1.04710
2001	 4	23	24	0.01325	0.11885	0.05054
2001	 4	24	24	0.00000	0.00000	0.00000
2001	 4	25	24	5.19686	6.74809	5.74462
2001	 4	26	24	0.00209	0.00054	0.00154
2001	 4	27	24	1.22089	0.31247	0.90012
2001	 4	28	24	0.88598	0.52951	0.76011
2001	 4	29	24	0.09317	0.10191	0.09625
2001	 4	30	24	0.00000	0.00000	0.00000
2001	 5	 1	24	0.00000	0.00000	0.00000
2001	 5	 2	24	0.00000	0.00000	0.00000
2001	 5	 3	24	5.98423	2.53799	4.76732
2001	 5	 4	24	27.52087	32.04118	29.11704
2001	 5	 5	24	8.96000	8.17694	8.68349
2001	 5	 6	24	2.74808	1.63087	2.35358
2001	 5	 7	24	0.86939	0.32651	0.67769
2001	 5	 8	24	0.26534	0.00915	0.17488
2001	 5	 9	24	0.00000	0.00000	0.00000
2001	 5	10	24	0.00000	0.00000	0.00000
2001	 5	11	24	0.00000	0.00000	0.00000
2001	 5	12	24	0.00000	0.00000	0.00000
2001	 5	13	24	0.00000	0.00000	0.00000
2001	 5	14	24	0.00563	0.01968	0.01059
2001	 5	15	24	11.13179	6.35008	9.44331
2001	 5	16	24	0.16623	0.04062	0.12188
2001	 5	17	24	2.45536	1.96211	2.28119
2001	 5	18	24	0.50259	1.38308	0.81350
2001	 5	19	24	0.02184	0.00000	0.01413
2001	 5	20	24	0.00000	0.00000	0.00000
2001	 5	21	24	0.00000	0.00000	0.00000
2001	 5	22	24	0.00000	0.00000	0.00000
2001	 5	23	24	0.00000	0.00000	0.00000
2001	 5	24	24	0.00000	0.00000	0.00000
2001	 5	25	24	0.00000	0.00000	0.00000
2001	 5	26	24	0.00000	0.00000	0.00000
2001	 5	27	24	0.25573	0.30488	0.27308
2001	 5	28	24	8.35233	11.30413	9.39465
2001	 5	29	24	0.00345	0.00000	0.00223
2001	 5	30	24	0.00000	0.00000	0.00000
2001	 5	31	24	3.06139	6.22835	4.17968
2001	 6	 1	24	0.10342	0.08991	0.09865
2001	 6	 2	24	1.36232	3.71842	2.19428
2001	 6	 3	24	4.14365	6.49284	4.97317
2001	 6	 4	24	8.60188	14.96067	10.84724
2001	 6	 5	24	1.33682	0.13957	0.91406
2001	 6	 6	24	0.01017	0.00000	0.00658
2001	 6	 7	24	0.12855	0.09863	0.11798
2001	 6	 8	24	0.13226	0.11967	0.12781
2001	 6	 9	24	0.00000	0.00000	0.00000
2001	 6	10	24	3.56360	3.32587	3.47966
2001	 6	11	24	2.02405	1.89367	1.97801
2001	 6	12	24	0.00000	0.00000	0.00000
2001	 6	13	24	0.00000	0.00000	0.00000
2001	 6	14	24	0.00000	0.00000	0.00000
2001	 6	15	24	0.19263	0.01925	0.13141
2001	 6	16	24	0.87561	0.79754	0.84804
2001	 6	17	24	0.24111	0.05774	0.17636
2001	 6	18	24	3.84417	2.63104	3.41580
2001	 6	19	24	0.00000	0.00000	0.00000
2001	 6	20	24	0.00000	0.00000	0.00000
2001	 6	21	24	6.79037	6.21720	6.58798
2001	 6	22	24	2.75929	6.37953	4.03764
2001	 6	23	24	0.07937	0.05599	0.07112
2001	 6	24	24	0.00000	0.00000	0.00000
2001	 6	25	24	0.00000	0.00000	0.00000
2001	 6	26	24	0.00000	0.00000	0.00000
2001	 6	27	24	0.00000	0.00000	0.00000
2001	 6	28	24	0.75997	0.24240	0.57721
2001	 6	29	24	0.00000	0.00000	0.00000
2001	 6	30	24	1.72311	4.20153	2.59827
2001	 7	 1	24	0.05609	0.41928	0.18434
2001	 7	 2	24	0.00000	0.00000	0.00000
2001	 7	 3	24	0.00000	0.00000	0.00000
2001	 7	 4	24	0.05180	0.00706	0.03600
2001	 7	 5	24	0.00000	0.00000	0.00000
2001	 7	 6	24	0.04788	0.02245	0.03890
2001	 7	 7	24	18.79477	15.99342	17.80558
2001	 7	 8	24	3.02355	3.26160	3.10760
2001	 7	 9	24	2.04754	1.72219	1.93266
2001	 7	10	24	0.22515	0.03426	0.15775
2001	 7	11	24	0.02959	0.03696	0.03219
2001	 7	12	24	0.00880	0.04381	0.02116
2001	 7	13	24	0.04647	0.06257	0.05215
2001	 7	14	24	0.00000	0.00000	0.00000
2001	 7	15	24	8.99809	8.15357	8.69988
2001	 7	16	24	6.57769	3.85923	5.61777
2001	 7	17	24	4.01465	3.91910	3.98091
2001	 7	18	24	0.38229	1.15378	0.65471
2001	 7	19	24	0.00265	0.02354	0.01003
2001	 7	20	24	9.50446	14.73573	11.35168
2001	 7	21	24	0.00149	0.00000	0.00097
2001	 7	22	24	0.00000	0.00000	0.00000
2001	 7	23	24	0.00000	0.00000	0.00000
2001	 7	24	24	0.00000	0.00000	0.00000
2001	 7	25	24	0.00000	0.00000	0.00000
2001	 7	26	24	0.00000	0.00000	0.00000
2001	 7	27	24	0.00000	0.00000	0.00000
2001	 7	28	24	0.00000	0.00000	0.00000
2001	 7	29	24	0.22426	0.04237	0.16003
2001	 7	30	24	0.00000	0.00000	0.00000
2001	 7	31	24	0.93772	0.46805	0.77187
2001	 8	 1	24	0.03592	0.00429	0.02475
2001	 8	 2	24	0.00000	0.00000	0.00000
2001	 8	 3	24	0.09951	0.04716	0.08103
2001	 8	 4	24	1.25131	0.11330	0.84947
2001	 8	 5	24	0.05681	0.00780	0.03950
2001	 8	 6	24	0.06443	0.03657	0.05459
2001	 8	 7	24	0.00000	0.00000	0.00000
2001	 8	 8	24	0.07085	0.01470	0.05102
2001	 8	 9	24	0.37312	0.10022	0.27675
2001	 8	10	24	0.01175	0.00000	0.00760
2001	 8	11	24	0.01206	0.02496	0.01662
2001	 8	12	24	0.00000	0.00000	0.00000
2001	 8	13	24	0.13487	0.08382	0.11684
2001	 8	14	24	0.00000	0.00000	0.00000
2001	 8	15	24	0.00000	0.00000	0.00000
2001	 8	16	24	0.18749	0.14355	0.17198
2001	 8	17	24	6.97825	7.65947	7.21879
2001	 8	18	24	0.00005	0.00000	0.00003
2001	 8	19	24	15.26398	4.97852	11.63207
2001	 8	20	24	13.44117	16.35129	14.46876
2001	 8	21	24	1.33172	0.90552	1.18122
2001	 8	22	24	0.20463	0.00000	0.13237
2001	 8	23	24	0.00000	0.00000	0.00000
2001	 8	24	24	0.00000	0.00000	0.00000
2001	 8	25	24	0.00048	0.01292	0.00487
2001	 8	26	24	3.83873	11.38562	6.50362
2001	 8	27	24	1.68369	0.81410	1.37663
2001	 8	28	24	0.03492	0.00388	0.02396
2001	 8	29	24	0.00389	0.00000	0.00252
2001	 8	30	24	0.03990	0.00479	0.02750
2001	 8	31	24	3.35661	3.37287	3.36235
2001	 9	 1	24	18.95919	21.90386	19.99899
2001	 9	 2	24	0.12658	0.00220	0.08266
2001	 9	 3	24	2.40347	2.70068	2.50842
2001	 9	 4	24	0.46343	0.06327	0.32213
2001	 9	 5	24	0.44451	0.02958	0.29800
2001	 9	 6	24	0.18277	0.09464	0.15165
2001	 9	 7	24	9.68571	12.44664	10.66062
2001	 9	 8	24	5.22453	8.30495	6.31226
2001	 9	 9	24	12.10555	15.02768	13.13739
2001	 9	10	24	14.49333	23.75674	17.76434
2001	 9	11	24	2.55411	3.08650	2.74210
2001	 9	12	24	5.70781	6.93385	6.14074
2001	 9	13	24	6.76002	7.56219	7.04327
2001	 9	14	24	1.30268	3.28333	2.00207
2001	 9	15	24	1.32082	1.24273	1.29325
2001	 9	16	24	0.88793	1.18183	0.99171
2001	 9	17	24	0.86172	0.55074	0.75191
2001	 9	18	24	4.61306	6.50510	5.28116
2001	 9	19	24	3.20774	6.62081	4.41293
2001	 9	20	24	3.30035	4.35023	3.67108
2001	 9	21	24	2.90092	1.95779	2.56789
2001	 9	22	24	0.15645	0.01670	0.10711
2001	 9	23	24	2.49574	4.15743	3.08250
2001	 9	24	24	2.22654	3.87071	2.80712
2001	 9	25	24	3.33136	2.24609	2.94814
2001	 9	26	24	0.81232	0.57238	0.72760
2001	 9	27	24	1.91660	2.07967	1.97418
2001	 9	28	24	0.65473	0.71654	0.67656
2001	 9	29	24	0.05116	0.04652	0.04952
2001	 9	30	24	3.17387	2.09883	2.79426
2001	10	 1	24	8.28643	8.35698	8.31134
2001	10	 2	24	0.00712	0.00000	0.00461
2001	10	 3	24	9.01561	10.57970	9.56791
2001	10	 4	24	3.11436	1.93361	2.69743
2001	10	 5	24	0.00270	0.00000	0.00175
2001	10	 6	24	0.00307	0.00137	0.00247
2001	10	 7	24	0.00945	0.01048	0.00981
2001	10	 8	24	0.21700	0.04711	0.15701
2001	10	 9	24	0.00000	0.00000	0.00000
2001	10	10	24	0.00000	0.00000	0.00000
2001	10	11	24	0.00000	0.00000	0.00000
2001	10	12	24	0.00000	0.00000	0.00000
2001	10	13	24	0.00000	0.00000	0.00000
2001	10	14	24	0.00000	0.00000	0.00000
2001	10	15	24	0.00000	0.00000	0.00000
2001	10	16	24	0.00293	0.00000	0.00189
2001	10	17	24	0.00000	0.00000	0.00000
2001	10	18	24	0.00000	0.00000	0.00000
2001	10	19	24	0.00140	0.02292	0.00900
2001	10	20	24	0.00000	0.00000	0.00000
2001	10	21	24	3.54120	4.75960	3.97143
2001	10	22	24	4.36519	5.70421	4.83801
2001	10	23	24	0.04528	0.00000	0.02929
2001	10	24	24	3.11722	3.16823	3.13523
2001	10	25	24	0.32899	0.17783	0.27561
2001	10	26	24	0.00139	0.02294	0.00900
2001	10	27	24	1.75704	1.90738	1.81013
2001	10	28	24	4.51619	3.40776	4.12479
2001	10	29	24	0.23558	0.17994	0.21593
2001	10	30	24	0.00000	0.00000	0.00000
2001	10	31	24	0.68256	0.53825	0.63161
2001	11	 1	24	3.47360	5.19867	4.08274
2001	11	 2	24	2.05959	1.84453	1.98365
2001	11	 3	24	0.00000	0.00000	0.00000
2001	11	 4	24	0.00010	0.00000	0.00007
2001	11	 5	24	0.18772	0.55295	0.31669
2001	11	 6	24	2.03009	3.36984	2.50317
2001	11	 7	24	10.30958	8.17913	9.55730
2001	11	 8	24	22.28225	21.00169	21.83007
2001	11	 9	24	0.98753	0.00000	0.63882
2001	11	10	24	0.37805	0.43095	0.39673
2001	11	11	24	0.00764	0.00002	0.00495
2001	11	12	24	4.64463	3.46156	4.22688
2001	11	13	24	0.46514	0.15452	0.35546
2001	11	14	24	0.01261	0.19154	0.07579
2001	11	15	24	1.25131	1.05917	1.18346
2001	11	16	24	0.00879	0.00000	0.00569
2001	11	17	24	0.02944	0.00000	0.01904
2001	11	18	24	0.92686	0.12102	0.64231
2001	11	19	24	6.00815	5.75596	5.91910
2001	11	20	24	0.24379	0.00401	0.15912
2001	11	21	24	1.22334	2.04783	1.51448
2001	11	22	24	17.19420	14.73799	16.32688
2001	11	23	24	0.60762	0.00000	0.39306
2001	11	24	24	0.34698	0.00000	0.22445
2001	11	25	24	1.99011	0.01849	1.29391
2001	11	26	24	8.52116	10.69330	9.28816
2001	11	27	24	3.90202	2.88811	3.54400
2001	11	28	24	5.26910	2.21608	4.19105
2001	11	29	24	8.59446	4.75627	7.23915
2001	11	30	24	0.29539	1.11137	0.58352
2001	12	 1	24	0.03371	0.00000	0.02181
2001	12	 2	24	0.31333	1.59125	0.76458
2001	12	 3	24	0.27391	1.68795	0.77322
2001	12	 4	24	2.58408	0.00000	1.67162
2001	12	 5	24	25.07721	22.66251	24.22455
2001	12	 6	24	19.11226	18.36039	18.84677
2001	12	 7	24	1.30328	1.37442	1.32840
2001	12	 8	24	0.00009	0.00014	0.00011
2001	12	 9	24	0.04346	0.00209	0.02885
2001	12	10	24	2.17834	0.30197	1.51577
2001	12	11	24	3.25447	0.24217	2.19080
2001	12	12	24	5.01817	0.00000	3.24620
2001	12	13	24	0.00000	0.00000	0.00000
2001	12	14	24	0.00000	0.00000	0.00000
2001	12	15	24	0.00000	0.00000	0.00000
2001	12	16	24	0.00000	0.00000	0.00000
2001	12	17	24	0.00000	0.00000	0.00000
2001	12	18	24	0.00000	0.00000	0.00000
2001	12	19	24	5.73112	0.00000	3.70740
2001	12	20	24	0.00000	0.00000	0.00000
2001	12	21	24	0.57221	0.00000	0.37015
2001	12	22	24	1.58189	0.00000	1.02330
2001	12	23	24	0.00000	0.00000	0.00000
2001	12	24	24	0.45721	0.00000	0.29577
2001	12	25	24	6.51144	0.00000	4.21218
2001	12	26	24	2.45790	0.00000	1.58999
2001	12	27	24	3.89637	0.00000	2.52052
2001	12	28	24	9.92256	0.00000	6.41879
2001	12	29	24	4.01598	0.00000	2.59789
2001	12	30	24	1.05998	0.00000	0.68569
2001	12	31	24	0.00000	0.00000	0.00000
2002	 1	 1	24	0.00690	0.00000	0.00446
2002	 1	 2	24	0.57765	0.00000	0.37367
2002	 1	 3	24	0.29002	0.00000	0.18761
2002	 1	 4	24	1.19259	0.00000	0.77147
2002	 1	 5	24	2.49441	0.00000	1.61361
2002	 1	 6	24	4.08358	0.00000	2.64163
2002	 1	 7	24	1.92970	0.00000	1.24830
2002	 1	 8	24	1.38849	0.00000	0.89820
2002	 1	 9	24	4.14292	1.66957	3.26956
2002	 1	10	24	3.86940	3.96227	3.90219
2002	 1	11	24	3.61671	2.37630	3.17871
2002	 1	12	24	4.37577	0.02184	2.83835
2002	 1	13	24	2.15552	0.04153	1.40905
2002	 1	14	24	3.60800	0.48469	2.50513
2002	 1	15	24	0.29233	0.00000	0.18911
2002	 1	16	24	0.67631	0.00000	0.43750
2002	 1	17	24	1.28927	0.00000	0.83401
2002	 1	18	24	1.45406	0.00000	0.94062
2002	 1	19	24	5.89065	0.06757	3.83445
2002	 1	20	24	12.06519	6.29284	10.02691
2002	 1	21	24	11.36052	10.51692	11.06264
2002	 1	22	24	9.05097	7.40742	8.47062
2002	 1	23	24	8.10653	5.63754	7.23470
2002	 1	24	24	11.23808	10.60967	11.01618
2002	 1	25	24	5.79485	3.56660	5.00803
2002	 1	26	24	11.37936	8.46681	10.35091
2002	 1	27	24	18.87509	21.47745	19.79401
2002	 1	28	24	15.39017	15.99204	15.60270
2002	 1	29	24	11.37784	13.35583	12.07629
2002	 1	30	24	9.09195	13.27108	10.56764
2002	 1	31	24	5.87024	13.15408	8.44224
2002	 2	 1	24	3.64966	9.41124	5.68414
2002	 2	 2	24	4.42860	14.16089	7.86518
2002	 2	 3	24	2.74239	9.38383	5.08755
2002	 2	 4	24	2.17126	8.97068	4.57221
2002	 2	 5	24	3.07181	12.17686	6.28690
2002	 2	 6	24	1.71400	10.31422	4.75083
2002	 2	 7	24	1.35014	5.44896	2.79748
2002	 2	 8	24	1.02406	6.08766	2.81207
2002	 2	 9	24	8.86293	19.31254	12.55280
2002	 2	10	24	4.46568	7.93681	5.69138
2002	 2	11	24	2.74147	10.97258	5.64796
2002	 2	12	24	20.07517	28.84278	23.17111
2002	 2	13	24	1.97651	3.42114	2.48663
2002	 2	14	24	0.00000	0.03026	0.01069
2002	 2	15	24	0.00000	0.12597	0.04448
2002	 2	16	24	0.00000	0.01521	0.00537
2002	 2	17	24	0.00000	0.00000	0.00000
2002	 2	18	24	0.00011	0.00000	0.00007
2002	 2	19	24	6.04542	1.08946	4.29541
2002	 2	20	24	11.33420	8.73468	10.41628
2002	 2	21	24	0.12318	0.00000	0.07968
2002	 2	22	24	5.69680	0.00000	3.68520
2002	 2	23	24	9.29559	4.22265	7.50428
2002	 2	24	24	3.76387	0.00038	2.43494
2002	 2	25	24	7.78713	0.94555	5.37130
2002	 2	26	24	13.21811	10.84848	12.38137
2002	 2	27	24	12.23395	9.65454	11.32313
2002	 2	28	24	7.41745	5.08166	6.59265
2002	 3	 1	24	4.79298	4.71089	4.76400
2002	 3	 2	24	0.41920	0.05436	0.29037
2002	 3	 3	24	0.59158	0.00176	0.38331
2002	 3	 4	24	1.34163	2.58885	1.78204
2002	 3	 5	24	2.12582	6.79130	3.77325
2002	 3	 6	24	2.25568	11.06765	5.36728
2002	 3	 7	24	3.81612	11.75078	6.61794
2002	 3	 8	24	0.28733	6.01967	2.31148
2002	 3	 9	24	0.14084	7.55578	2.75914
2002	 3	10	24	0.02824	1.49720	0.54695
2002	 3	11	24	0.00000	0.17488	0.06175
2002	 3	12	24	0.00000	0.00000	0.00000
2002	 3	13	24	0.04618	0.00000	0.02987
2002	 3	14	24	0.75560	0.23424	0.57150
2002	 3	15	24	0.04947	0.25333	0.12145
2002	 3	16	24	0.00000	0.00000	0.00000
2002	 3	17	24	0.00000	0.00000	0.00000
2002	 3	18	24	1.14096	0.04417	0.75367
2002	 3	19	24	0.94703	2.95545	1.65622
2002	 3	20	24	7.94123	8.76952	8.23371
2002	 3	21	24	1.74901	2.45054	1.99673
2002	 3	22	24	6.59414	5.87952	6.34180
2002	 3	23	24	7.48791	0.00000	4.84385
2002	 3	24	24	2.90088	0.00000	1.87655
2002	 3	25	24	0.42074	0.00000	0.27217
2002	 3	26	24	0.41797	0.00000	0.27038
2002	 3	27	24	2.00323	0.00000	1.29587
2002	 3	28	24	5.83994	3.05316	4.85590
2002	 3	29	24	4.21032	11.11070	6.64692
2002	 3	30	24	1.56989	15.25748	6.40313
2002	 3	31	24	0.00680	0.15596	0.05947
2002	 4	 1	24	0.00000	0.00000	0.00000
2002	 4	 2	24	0.00000	0.00000	0.00000
2002	 4	 3	24	0.00000	0.00000	0.00000
2002	 4	 4	24	0.00000	0.00000	0.00000
2002	 4	 5	24	0.00000	0.00000	0.00000
2002	 4	 6	24	0.03937	0.01029	0.02910
2002	 4	 7	24	0.00001	0.00011	0.00004
2002	 4	 8	24	0.00000	0.00000	0.00000
2002	 4	 9	24	0.00000	0.00000	0.00000
2002	 4	10	24	0.00000	0.00000	0.00000
2002	 4	11	24	0.08354	0.06906	0.07843
2002	 4	12	24	0.11176	0.23486	0.15523
2002	 4	13	24	0.73299	0.61687	0.69199
2002	 4	14	24	15.91505	16.18735	16.01120
2002	 4	15	24	6.55013	6.11986	6.39819
2002	 4	16	24	0.33859	0.00661	0.22136
2002	 4	17	24	0.00000	0.00000	0.00000
2002	 4	18	24	0.00000	0.00000	0.00000
2002	 4	19	24	0.86968	0.43809	0.71728
2002	 4	20	24	0.00000	0.00000	0.00000
2002	 4	21	24	0.00000	0.00000	0.00000
2002	 4	22	24	0.00000	0.00000	0.00000
2002	 4	23	24	0.00345	0.00000	0.00223
2002	 4	24	24	0.00000	0.00000	0.00000
2002	 4	25	24	0.00000	0.00000	0.00000
2002	 4	26	24	4.28338	4.09946	4.21844
2002	 4	27	24	0.27293	0.25651	0.26713
2002	 4	28	24	0.02920	0.06050	0.04026
2002	 4	29	24	0.12357	0.24208	0.16542
2002	 4	30	24	0.00000	0.00000	0.00000
2002	 5	 1	24	0.01429	0.04532	0.02525
2002	 5	 2	24	0.21587	0.18717	0.20574
2002	 5	 3	24	0.04240	0.00254	0.02833
2002	 5	 4	24	0.13765	0.03565	0.10163
2002	 5	 5	24	11.03799	10.23375	10.75400
2002	 5	 6	24	4.72401	6.37331	5.30639
2002	 5	 7	24	0.00000	0.00000	0.00000
2002	 5	 8	24	0.00000	0.00000	0.00000
2002	 5	 9	24	0.00000	0.00000	0.00000
2002	 5	10	24	0.07673	0.01059	0.05338
2002	 5	11	24	1.15712	0.98600	1.09670
2002	 5	12	24	1.62647	1.81238	1.69212
2002	 5	13	24	0.21462	1.51588	0.67411
2002	 5	14	24	0.00000	0.00000	0.00000
2002	 5	15	24	0.10858	0.00000	0.07024
2002	 5	16	24	0.00000	0.00000	0.00000
2002	 5	17	24	0.00000	0.00000	0.00000
2002	 5	18	24	0.00000	0.00000	0.00000
2002	 5	19	24	1.29028	0.60164	1.04712
2002	 5	20	24	0.00000	0.00000	0.00000
2002	 5	21	24	0.00000	0.00000	0.00000
2002	 5	22	24	0.00000	0.00000	0.00000
2002	 5	23	24	3.59611	2.74889	3.29695
2002	 5	24	24	0.00006	0.00000	0.00004
2002	 5	25	24	6.53719	7.00477	6.70229
2002	 5	26	24	0.42735	0.13756	0.32502
2002	 5	27	24	2.26253	1.49980	1.99320
2002	 5	28	24	0.45484	0.33159	0.41132
2002	 5	29	24	0.17967	0.20901	0.19003
2002	 5	30	24	0.02728	0.00000	0.01765
2002	 5	31	24	0.00000	0.00000	0.00000
2002	 6	 1	24	0.00000	0.00000	0.00000
2002	 6	 2	24	0.00000	0.00000	0.00000
2002	 6	 3	24	0.00000	0.00000	0.00000
2002	 6	 4	24	0.00000	0.00000	0.00000
2002	 6	 5	24	1.19104	0.92872	1.09842
2002	 6	 6	24	1.57306	0.60425	1.23096
2002	 6	 7	24	30.54418	25.90858	28.90730
2002	 6	 8	24	16.47220	16.16796	16.36477
2002	 6	 9	24	0.71559	0.05819	0.48345
2002	 6	10	24	0.04755	0.00746	0.03340
2002	 6	11	24	0.00000	0.00000	0.00000
2002	 6	12	24	0.00812	0.00000	0.00525
2002	 6	13	24	3.88209	4.15957	3.98007
2002	 6	14	24	0.13917	0.04597	0.10626
2002	 6	15	24	2.57702	1.87238	2.32821
2002	 6	16	24	0.01860	0.00000	0.01203
2002	 6	17	24	0.00000	0.00000	0.00000
2002	 6	18	24	0.00000	0.00000	0.00000
2002	 6	19	24	0.00865	0.00000	0.00560
2002	 6	20	24	4.44578	1.64234	3.45585
2002	 6	21	24	2.62427	1.09575	2.08453
2002	 6	22	24	0.00000	0.00000	0.00000
2002	 6	23	24	0.23835	0.34094	0.27458
2002	 6	24	24	0.00000	0.00000	0.00000
2002	 6	25	24	0.00000	0.00000	0.00000
2002	 6	26	24	0.00000	0.00000	0.00000
2002	 6	27	24	0.00033	0.00000	0.00022
2002	 6	28	24	0.05973	0.06486	0.06154
2002	 6	29	24	0.01374	0.00000	0.00889
2002	 6	30	24	0.00000	0.00000	0.00000
2002	 7	 1	24	0.13612	0.26116	0.18027
2002	 7	 2	24	3.46323	5.28197	4.10545
2002	 7	 3	24	2.54238	3.14937	2.75672
2002	 7	 4	24	0.11037	0.04146	0.08604
2002	 7	 5	24	0.00000	0.00000	0.00000
2002	 7	 6	24	3.15731	2.06610	2.77199
2002	 7	 7	24	0.00000	0.00000	0.00000
2002	 7	 8	24	0.00000	0.00000	0.00000
2002	 7	 9	24	0.00000	0.00000	0.00000
2002	 7	10	24	2.68978	0.83421	2.03456
2002	 7	11	24	0.00625	0.00000	0.00404
2002	 7	12	24	0.00000	0.00000	0.00000
2002	 7	13	24	9.01122	9.79234	9.28704
2002	 7	14	24	0.00000	0.00000	0.00000
2002	 7	15	24	0.01078	0.00000	0.00697
2002	 7	16	24	12.35075	10.69081	11.76460
2002	 7	17	24	1.50588	2.17668	1.74275
2002	 7	18	24	0.13829	0.20712	0.16259
2002	 7	19	24	0.02906	0.00000	0.01880
2002	 7	20	24	0.00000	0.00000	0.00000
2002	 7	21	24	0.08822	0.38308	0.19234
2002	 7	22	24	0.00058	0.00000	0.00037
2002	 7	23	24	0.00000	0.00000	0.00000
2002	 7	24	24	0.04675	0.05340	0.04910
2002	 7	25	24	0.04494	0.01043	0.03276
2002	 7	26	24	0.14811	0.11292	0.13569
2002	 7	27	24	0.00000	0.00000	0.00000
2002	 7	28	24	0.00000	0.00000	0.00000
2002	 7	29	24	0.00000	0.00000	0.00000
2002	 7	30	24	0.00000	0.00000	0.00000
2002	 7	31	24	0.52659	0.49812	0.51654
2002	 8	 1	24	26.60418	2.69127	18.16027
2002	 8	 2	24	0.00000	0.00000	0.00000
2002	 8	 3	24	0.00000	0.00000	0.00000
2002	 8	 4	24	6.56909	10.67385	8.01852
2002	 8	 5	24	0.34491	0.10294	0.25947
2002	 8	 6	24	1.24643	1.16227	1.21671
2002	 8	 7	24	9.31897	9.17293	9.26740
2002	 8	 8	24	6.56901	3.74255	5.57096
2002	 8	 9	24	0.00000	0.00000	0.00000
2002	 8	10	24	0.00000	0.00000	0.00000
2002	 8	11	24	23.02904	48.50335	32.02430
2002	 8	12	24	196.00882	245.61086	213.52383
2002	 8	13	24	13.56704	20.98696	16.18709
2002	 8	14	24	1.21816	0.74795	1.05213
2002	 8	15	24	1.97387	0.84211	1.57423
2002	 8	16	24	0.04095	0.00494	0.02823
2002	 8	17	24	7.27187	0.12542	4.74838
2002	 8	18	24	0.59375	0.00941	0.38741
2002	 8	19	24	0.00000	0.00000	0.00000
2002	 8	20	24	0.00000	0.00000	0.00000
2002	 8	21	24	0.04581	0.30498	0.13733
2002	 8	22	24	0.01751	0.00047	0.01149
2002	 8	23	24	0.00000	0.00000	0.00000
2002	 8	24	24	0.00000	0.00000	0.00000
2002	 8	25	24	0.00000	0.00000	0.00000
2002	 8	26	24	0.00000	0.00000	0.00000
2002	 8	27	24	0.00000	0.00000	0.00000
2002	 8	28	24	0.00000	0.00000	0.00000
2002	 8	29	24	0.00326	0.00000	0.00211
2002	 8	30	24	0.00000	0.00000	0.00000
2002	 8	31	24	2.15177	3.95936	2.79005
2002	 9	 1	24	0.06343	0.10514	0.07816
2002	 9	 2	24	0.00000	0.00000	0.00000
2002	 9	 3	24	0.00000	0.00000	0.00000
2002	 9	 4	24	0.00000	0.00000	0.00000
2002	 9	 5	24	9.40839	13.67414	10.91467
2002	 9	 6	24	0.00000	0.00000	0.00000
2002	 9	 7	24	0.01121	0.00000	0.00725
2002	 9	 8	24	0.00000	0.00000	0.00000
2002	 9	 9	24	0.00000	0.00000	0.00000
2002	 9	10	24	4.61420	2.43400	3.84434
2002	 9	11	24	0.00000	0.00000	0.00000
2002	 9	12	24	0.00000	0.00000	0.00000
2002	 9	13	24	0.00000	0.00000	0.00000
2002	 9	14	24	4.07983	6.70433	5.00656
2002	 9	15	24	6.06446	3.32444	5.09693
2002	 9	16	24	1.05538	1.00439	1.03737
2002	 9	17	24	0.43312	0.35298	0.40482
2002	 9	18	24	0.02859	0.00000	0.01850
2002	 9	19	24	0.00000	0.00000	0.00000
2002	 9	20	24	0.00000	0.00000	0.00000
2002	 9	21	24	0.05438	0.06444	0.05794
2002	 9	22	24	6.44920	11.69168	8.30038
2002	 9	23	24	3.56593	1.79034	2.93895
2002	 9	24	24	0.48336	1.08377	0.69537
2002	 9	25	24	0.22204	0.41794	0.29122
2002	 9	26	24	20.93321	21.64747	21.18542
2002	 9	27	24	2.52866	1.84008	2.28552
2002	 9	28	24	0.00000	0.00000	0.00000
2002	 9	29	24	0.00000	0.00081	0.00029
2002	 9	30	24	0.00000	0.00000	0.00000
2002	10	 1	24	0.00000	0.00000	0.00000
2002	10	 2	24	0.00000	0.00000	0.00000
2002	10	 3	24	1.50135	2.13780	1.72609
2002	10	 4	24	0.73496	0.62580	0.69642
2002	10	 5	24	6.23321	7.51249	6.68494
2002	10	 6	24	13.15227	15.17882	13.86786
2002	10	 7	24	4.07573	4.38282	4.18417
2002	10	 8	24	2.52108	2.17117	2.39752
2002	10	 9	24	0.06120	0.00000	0.03959
2002	10	10	24	0.00000	0.00000	0.00000
2002	10	11	24	0.00000	0.00000	0.00000
2002	10	12	24	0.05887	0.07378	0.06414
2002	10	13	24	0.13897	0.03676	0.10288
2002	10	14	24	0.00000	0.00000	0.00000
2002	10	15	24	5.24007	7.34072	5.98183
2002	10	16	24	7.51422	6.94554	7.31341
2002	10	17	24	0.28386	1.11158	0.57614
2002	10	18	24	0.42898	0.80356	0.56125
2002	10	19	24	5.32620	6.24765	5.65157
2002	10	20	24	0.00870	0.00000	0.00563
2002	10	21	24	5.12847	5.59339	5.29264
2002	10	22	24	5.82266	7.42713	6.38922
2002	10	23	24	0.94875	1.36819	1.09686
2002	10	24	24	0.07604	0.02756	0.05892
2002	10	25	24	11.75604	20.90143	14.98538
2002	10	26	24	0.01716	0.02929	0.02144
2002	10	27	24	6.65611	11.13407	8.23732
2002	10	28	24	6.00859	9.08034	7.09326
2002	10	29	24	0.27694	0.25839	0.27039
2002	10	30	24	0.02680	0.35157	0.14148
2002	10	31	24	0.48821	0.71265	0.56746
2002	11	 1	24	2.31915	1.70224	2.10131
2002	11	 2	24	6.75266	8.37470	7.32542
2002	11	 3	24	6.95888	0.83177	4.79533
2002	11	 4	24	2.92851	0.67003	2.13102
2002	11	 5	24	0.28912	0.00000	0.18703
2002	11	 6	24	0.38953	0.00000	0.25199
2002	11	 7	24	1.81030	0.00000	1.17107
2002	11	 8	24	16.56067	1.62603	11.28708
2002	11	 9	24	8.41596	6.32156	7.67641
2002	11	10	24	4.39816	2.77814	3.82612
2002	11	11	24	7.29853	8.60580	7.76014
2002	11	12	24	3.04857	9.11709	5.19143
2002	11	13	24	2.18264	7.32090	3.99701
2002	11	14	24	1.84084	6.65729	3.54158
2002	11	15	24	2.26175	12.42346	5.84996
2002	11	16	24	1.99959	16.92026	7.26824
2002	11	17	24	0.50631	11.79217	4.49147
2002	11	18	24	3.61143	13.39943	7.06768
2002	11	19	24	26.94090	28.35622	27.44067
2002	11	20	24	0.00000	0.64392	0.22737
2002	11	21	24	0.00000	0.76618	0.27055
2002	11	22	24	15.87928	18.39409	16.76728
2002	11	23	24	3.56610	6.06962	4.45012
2002	11	24	24	0.00070	0.00000	0.00045
2002	11	25	24	0.04438	0.15517	0.08350
2002	11	26	24	0.00000	0.00000	0.00000
2002	11	27	24	1.35447	4.87830	2.59877
2002	11	28	24	0.58379	0.59095	0.58632
2002	11	29	24	12.86467	15.52317	13.80341
2002	11	30	24	14.44981	11.05689	13.25173
2002	12	 1	24	0.14611	1.97361	0.79142
2002	12	 2	24	0.25975	0.47544	0.33592
2002	12	 3	24	0.54866	0.38085	0.48940
2002	12	 4	24	0.15908	0.44887	0.26141
2002	12	 5	24	0.50530	0.94051	0.65898
2002	12	 6	24	0.00000	0.00000	0.00000
2002	12	 7	24	0.00000	0.00000	0.00000
2002	12	 8	24	0.02464	0.00000	0.01594
2002	12	 9	24	0.00010	0.00000	0.00006
2002	12	10	24	0.00002	0.00000	0.00001
2002	12	11	24	0.00000	0.00000	0.00000
2002	12	12	24	0.00498	0.00000	0.00322
2002	12	13	24	0.03137	0.00000	0.02029
2002	12	14	24	0.00000	0.00000	0.00000
2002	12	15	24	0.00000	0.00000	0.00000
2002	12	16	24	0.67183	0.00000	0.43460
2002	12	17	24	2.00505	0.00000	1.29705
2002	12	18	24	0.00001	0.00000	0.00001
2002	12	19	24	0.78463	0.00000	0.50757
2002	12	20	24	1.97154	0.00000	1.27536
2002	12	21	24	1.45216	0.00000	0.93938
2002	12	22	24	3.25026	0.00000	2.10256
2002	12	23	24	0.44920	0.00000	0.29058
2002	12	24	24	0.00600	0.00000	0.00388
2002	12	25	24	1.32650	0.00000	0.85810
2002	12	26	24	1.87697	0.00000	1.21419
2002	12	27	24	3.08096	0.00000	1.99304
2002	12	28	24	4.80956	0.00000	3.11125
2002	12	29	24	18.92908	8.34320	15.19109
2002	12	30	24	28.76352	26.83131	28.08123
2002	12	31	24	0.00000	0.00000	0.00000
2003	 1	 1	24	0.79656	0.00000	0.51528
2003	 1	 2	24	29.19809	31.40905	29.97880
2003	 1	 3	24	14.57847	16.80311	15.36401
2003	 1	 4	24	0.02672	0.00000	0.01729
2003	 1	 5	24	0.00000	0.00000	0.00000
2003	 1	 6	24	0.00000	0.00000	0.00000
2003	 1	 7	24	0.00000	0.00000	0.00000
2003	 1	 8	24	0.00000	0.00000	0.00000
2003	 1	 9	24	0.17412	0.00000	0.11264
2003	 1	10	24	0.00000	0.00000	0.00000
2003	 1	11	24	0.00000	0.00000	0.00000
2003	 1	12	24	0.00000	0.00000	0.00000
2003	 1	13	24	2.68149	0.00000	1.73463
2003	 1	14	24	7.04256	3.24848	5.70283
2003	 1	15	24	4.73606	1.89558	3.73306
2003	 1	16	24	4.29332	1.25654	3.22100
2003	 1	17	24	3.71676	2.42129	3.25932
2003	 1	18	24	2.24290	1.56820	2.00465
2003	 1	19	24	1.45310	0.44693	1.09781
2003	 1	20	24	1.85982	2.00435	1.91086
2003	 1	21	24	0.49009	0.00000	0.31704
2003	 1	22	24	0.70490	0.00006	0.45601
2003	 1	23	24	11.24253	5.76263	9.30752
2003	 1	24	24	2.65599	0.86771	2.02453
2003	 1	25	24	1.66772	0.00000	1.07883
2003	 1	26	24	1.02059	0.00000	0.66021
2003	 1	27	24	11.49548	17.74670	13.70285
2003	 1	28	24	9.68556	12.88895	10.81671
2003	 1	29	24	3.51395	0.00000	2.27313
2003	 1	30	24	1.05844	0.00000	0.68469
2003	 1	31	24	0.00000	0.00000	0.00000
2003	 2	 1	24	0.07165	0.00000	0.04635
2003	 2	 2	24	0.36422	0.00000	0.23561
2003	 2	 3	24	3.97364	0.00000	2.57050
2003	 2	 4	24	2.58114	0.00000	1.66971
2003	 2	 5	24	3.16208	0.00000	2.04551
2003	 2	 6	24	0.00000	0.00000	0.00000
2003	 2	 7	24	1.23630	0.00000	0.79975
2003	 2	 8	24	0.11804	0.00000	0.07636
2003	 2	 9	24	0.15602	0.00000	0.10093
2003	 2	10	24	0.78221	0.00000	0.50600
2003	 2	11	24	1.38997	0.00000	0.89916
2003	 2	12	24	2.11288	0.00000	1.36680
2003	 2	13	24	1.93700	0.00000	1.25302
2003	 2	14	24	1.57248	0.00000	1.01722
2003	 2	15	24	0.00000	0.00000	0.00000
2003	 2	16	24	0.00000	0.00000	0.00000
2003	 2	17	24	0.07182	0.00000	0.04646
2003	 2	18	24	0.00023	0.00000	0.00015
2003	 2	19	24	0.00873	0.00000	0.00565
2003	 2	20	24	2.77399	0.52154	1.97862
2003	 2	21	24	3.56236	2.70390	3.25923
2003	 2	22	24	1.90911	1.45664	1.74934
2003	 2	23	24	1.42285	2.22998	1.70786
2003	 2	24	24	1.86102	4.93186	2.94537
2003	 2	25	24	1.88124	5.61827	3.20082
2003	 2	26	24	1.12583	3.03210	1.79896
2003	 2	27	24	1.56171	5.48555	2.94726
2003	 2	28	24	2.11514	9.97005	4.88879
2003	 3	 1	24	1.74782	10.08937	4.69331
2003	 3	 2	24	0.81365	5.23001	2.37311
2003	 3	 3	24	0.63203	4.47053	1.98745
2003	 3	 4	24	0.18849	1.75902	0.74306
2003	 3	 5	24	0.24884	2.49704	1.04271
2003	 3	 6	24	2.96699	1.11192	2.31194
2003	 3	 7	24	2.83103	0.97268	2.17483
2003	 3	 8	24	1.99285	4.50619	2.88034
2003	 3	 9	24	0.79317	6.85489	2.93363
2003	 3	10	24	0.46038	13.52070	5.07212
2003	 3	11	24	5.49134	15.94700	9.18335
2003	 3	12	24	6.87428	13.09261	9.07004
2003	 3	13	24	0.72755	0.77320	0.74367
2003	 3	14	24	0.05794	0.00758	0.04016
2003	 3	15	24	0.00011	0.54905	0.19395
2003	 3	16	24	0.00000	1.14802	0.40538
2003	 3	17	24	0.00000	0.41559	0.14675
2003	 3	18	24	0.00000	0.42628	0.15052
2003	 3	19	24	0.00000	0.29076	0.10267
2003	 3	20	24	0.00000	0.00000	0.00000
2003	 3	21	24	0.00000	0.01034	0.00365
2003	 3	22	24	0.00000	0.00000	0.00000
2003	 3	23	24	0.00000	0.00000	0.00000
2003	 3	24	24	0.00000	0.00000	0.00000
2003	 3	25	24	0.00628	0.02031	0.01123
2003	 3	26	24	0.00000	0.00000	0.00000
2003	 3	27	24	0.13840	0.07517	0.11607
2003	 3	28	24	0.00000	0.00000	0.00000
2003	 3	29	24	0.00000	0.00000	0.00000
2003	 3	30	24	0.00000	0.00000	0.00000
2003	 3	31	24	0.00000	0.00000	0.00000
2003	 4	 1	24	0.74307	0.19371	0.54908
2003	 4	 2	24	1.82785	0.73981	1.44365
2003	 4	 3	24	1.93157	1.47085	1.76889
2003	 4	 4	24	0.00000	0.00000	0.00000
2003	 4	 5	24	0.22390	1.83266	0.79197
2003	 4	 6	24	2.19180	0.00000	1.41785
2003	 4	 7	24	0.31886	0.00000	0.20627
2003	 4	 8	24	0.89169	0.00000	0.57682
2003	 4	 9	24	0.37725	0.00000	0.24404
2003	 4	10	24	1.28884	2.88630	1.85292
2003	 4	11	24	0.38447	1.63136	0.82476
2003	 4	12	24	0.07126	3.09108	1.13759
2003	 4	13	24	0.00000	0.00000	0.00000
2003	 4	14	24	0.00000	0.00000	0.00000
2003	 4	15	24	0.00000	0.00000	0.00000
2003	 4	16	24	0.00000	0.00000	0.00000
2003	 4	17	24	0.00000	0.00000	0.00000
2003	 4	18	24	12.91021	9.77996	11.80488
2003	 4	19	24	17.20212	17.83031	17.42394
2003	 4	20	24	0.00000	0.00000	0.00000
2003	 4	21	24	0.00000	0.00000	0.00000
2003	 4	22	24	0.00000	0.00000	0.00000
2003	 4	23	24	0.00000	0.00000	0.00000
2003	 4	24	24	0.00000	0.00000	0.00000
2003	 4	25	24	0.00000	0.00000	0.00000
2003	 4	26	24	1.52061	1.35244	1.46123
2003	 4	27	24	0.67130	0.18762	0.50051
2003	 4	28	24	0.02179	0.00000	0.01410
2003	 4	29	24	0.00000	0.00000	0.00000
2003	 4	30	24	0.00000	0.00000	0.00000
2003	 5	 1	24	0.00000	0.00000	0.00000
2003	 5	 2	24	0.00000	0.00000	0.00000
2003	 5	 3	24	0.00000	0.00000	0.00000
2003	 5	 4	24	0.00000	0.00000	0.00000
2003	 5	 5	24	0.00000	0.00000	0.00000
2003	 5	 6	24	0.00000	0.00000	0.00000
2003	 5	 7	24	0.00000	0.00000	0.00000
2003	 5	 8	24	8.29256	6.68033	7.72326
2003	 5	 9	24	0.64627	1.57766	0.97515
2003	 5	10	24	0.03405	0.03506	0.03441
2003	 5	11	24	0.00000	0.00000	0.00000
2003	 5	12	24	0.25208	1.06401	0.53878
2003	 5	13	24	1.26987	0.05450	0.84071
2003	 5	14	24	0.00568	0.01593	0.00930
2003	 5	15	24	0.23169	0.85051	0.45020
2003	 5	16	24	0.00488	0.00000	0.00316
2003	 5	17	24	0.43243	0.11838	0.32154
2003	 5	18	24	3.45284	4.79989	3.92850
2003	 5	19	24	5.11553	6.27901	5.52637
2003	 5	20	24	0.01282	0.06616	0.03166
2003	 5	21	24	0.00000	0.00000	0.00000
2003	 5	22	24	0.00000	0.00000	0.00000
2003	 5	23	24	0.00000	0.00000	0.00000
2003	 5	24	24	0.00000	0.00000	0.00000
2003	 5	25	24	0.00806	0.00000	0.00521
2003	 5	26	24	4.25128	3.76171	4.07840
2003	 5	27	24	0.00000	0.00000	0.00000
2003	 5	28	24	0.00000	0.00000	0.00000
2003	 5	29	24	0.00000	0.00000	0.00000
2003	 5	30	24	0.05174	0.00000	0.03347
2003	 5	31	24	0.14419	0.13058	0.13938
2003	 6	 1	24	0.00000	0.00000	0.00000
2003	 6	 2	24	0.00000	0.00000	0.00000
2003	 6	 3	24	0.00000	0.00000	0.00000
2003	 6	 4	24	0.00000	0.00000	0.00000
2003	 6	 5	24	3.36139	0.14035	2.22400
2003	 6	 6	24	0.02487	0.00000	0.01609
2003	 6	 7	24	0.00000	0.00000	0.00000
2003	 6	 8	24	0.12155	0.83806	0.37456
2003	 6	 9	24	0.00000	0.00000	0.00000
2003	 6	10	24	0.00047	0.01196	0.00453
2003	 6	11	24	0.01222	0.00000	0.00790
2003	 6	12	24	4.40176	7.29961	5.42502
2003	 6	13	24	0.00000	0.00000	0.00000
2003	 6	14	24	0.00000	0.00000	0.00000
2003	 6	15	24	0.00000	0.00000	0.00000
2003	 6	16	24	0.00000	0.00000	0.00000
2003	 6	17	24	0.00000	0.00000	0.00000
2003	 6	18	24	1.45800	1.38386	1.43182
2003	 6	19	24	0.75001	0.39309	0.62398
2003	 6	20	24	0.00000	0.00000	0.00000
2003	 6	21	24	0.00000	0.00000	0.00000
2003	 6	22	24	0.00000	0.00000	0.00000
2003	 6	23	24	1.47321	4.34269	2.48646
2003	 6	24	24	0.00000	0.00000	0.00000
2003	 6	25	24	0.00000	0.00000	0.00000
2003	 6	26	24	0.00000	0.00000	0.00000
2003	 6	27	24	0.00000	0.00000	0.00000
2003	 6	28	24	0.00000	0.00000	0.00000
2003	 6	29	24	0.10879	0.07790	0.09788
2003	 6	30	24	7.25948	10.91997	8.55204
2003	 7	 1	24	7.73702	9.69249	8.42752
2003	 7	 2	24	0.16617	0.00000	0.10749
2003	 7	 3	24	0.66244	0.98380	0.77591
2003	 7	 4	24	2.28894	4.41833	3.04085
2003	 7	 5	24	1.03012	2.55447	1.56838
2003	 7	 6	24	0.13287	0.30518	0.19371
2003	 7	 7	24	0.00000	0.00000	0.00000
2003	 7	 8	24	0.00000	0.00000	0.00000
2003	 7	 9	24	0.94634	0.15072	0.66540
2003	 7	10	24	0.00000	0.00000	0.00000
2003	 7	11	24	0.01847	0.02554	0.02097
2003	 7	12	24	0.00719	0.00000	0.00465
2003	 7	13	24	0.00000	0.00000	0.00000
2003	 7	14	24	0.00000	0.00000	0.00000
2003	 7	15	24	0.00000	0.00000	0.00000
2003	 7	16	24	0.01323	0.00000	0.00856
2003	 7	17	24	3.49369	3.36927	3.44976
2003	 7	18	24	0.00000	0.00000	0.00000
2003	 7	19	24	0.00000	0.00000	0.00000
2003	 7	20	24	0.00000	0.00000	0.00000
2003	 7	21	24	0.13047	0.21552	0.16050
2003	 7	22	24	0.03052	0.01388	0.02464
2003	 7	23	24	0.94890	0.56512	0.81338
2003	 7	24	24	11.04460	12.67059	11.61876
2003	 7	25	24	0.00962	0.00000	0.00622
2003	 7	26	24	0.05254	0.24453	0.12033
2003	 7	27	24	8.22750	24.87394	14.10554
2003	 7	28	24	3.10757	1.24631	2.45034
2003	 7	29	24	0.01444	0.00000	0.00934
2003	 7	30	24	0.00000	0.00000	0.00000
2003	 7	31	24	0.02151	0.00201	0.01462
2003	 8	 1	24	0.10140	0.00090	0.06591
2003	 8	 2	24	0.00000	0.00000	0.00000
2003	 8	 3	24	0.00000	0.00000	0.00000
2003	 8	 4	24	0.00000	0.00000	0.00000
2003	 8	 5	24	0.00000	0.00000	0.00000
2003	 8	 6	24	0.00000	0.00000	0.00000
2003	 8	 7	24	0.00000	0.00000	0.00000
2003	 8	 8	24	0.00000	0.00000	0.00000
2003	 8	 9	24	0.00000	0.00000	0.00000
2003	 8	10	24	0.00000	0.00000	0.00000
2003	 8	11	24	0.00000	0.00000	0.00000
2003	 8	12	24	0.00000	0.00000	0.00000
2003	 8	13	24	1.75678	2.11733	1.88409
2003	 8	14	24	0.18893	0.05857	0.14290
2003	 8	15	24	0.00000	0.00000	0.00000
2003	 8	16	24	0.00000	0.00000	0.00000
2003	 8	17	24	0.00000	0.00000	0.00000
2003	 8	18	24	0.08234	0.05593	0.07302
2003	 8	19	24	0.52790	0.77916	0.61662
2003	 8	20	24	0.00000	0.00000	0.00000
2003	 8	21	24	0.00000	0.00000	0.00000
2003	 8	22	24	0.00000	0.00000	0.00000
2003	 8	23	24	0.06850	0.04328	0.05959
2003	 8	24	24	0.00000	0.00000	0.00000
2003	 8	25	24	0.00000	0.00000	0.00000
2003	 8	26	24	0.00000	0.00000	0.00000
2003	 8	27	24	0.00000	0.00000	0.00000
2003	 8	28	24	0.15573	0.10175	0.13667
2003	 8	29	24	1.03430	0.53349	0.85746
2003	 8	30	24	0.10807	0.02035	0.07709
2003	 8	31	24	0.21688	0.08144	0.16905
2003	 9	 1	24	1.32558	1.00634	1.21286
2003	 9	 2	24	0.54426	0.15482	0.40674
2003	 9	 3	24	0.00000	0.00000	0.00000
2003	 9	 4	24	0.00000	0.00000	0.00000
2003	 9	 5	24	0.00000	0.00000	0.00000
2003	 9	 6	24	0.00000	0.00000	0.00000
2003	 9	 7	24	0.00000	0.00000	0.00000
2003	 9	 8	24	0.00000	0.00000	0.00000
2003	 9	 9	24	1.22468	1.31384	1.25617
2003	 9	10	24	3.41116	4.68065	3.85943
2003	 9	11	24	3.92408	2.73681	3.50484
2003	 9	12	24	5.10713	3.37952	4.49709
2003	 9	13	24	3.67594	2.49831	3.26011
2003	 9	14	24	0.01552	0.00071	0.01029
2003	 9	15	24	0.00000	0.00000	0.00000
2003	 9	16	24	0.00000	0.00000	0.00000
2003	 9	17	24	0.00000	0.00000	0.00000
2003	 9	18	24	0.00000	0.00000	0.00000
2003	 9	19	24	0.00000	0.00000	0.00000
2003	 9	20	24	0.00000	0.00000	0.00000
2003	 9	21	24	0.00000	0.00000	0.00000
2003	 9	22	24	0.00000	0.00000	0.00000
2003	 9	23	24	0.17297	0.03627	0.12470
2003	 9	24	24	0.00000	0.00000	0.00000
2003	 9	25	24	0.00000	0.00000	0.00000
2003	 9	26	24	0.00000	0.00000	0.00000
2003	 9	27	24	0.00000	0.00000	0.00000
2003	 9	28	24	0.75716	0.60054	0.70186
2003	 9	29	24	0.16550	0.16212	0.16430
2003	 9	30	24	0.00174	0.02104	0.00856
2003	10	 1	24	0.00000	0.00000	0.00000
2003	10	 2	24	0.51118	0.41806	0.47830
2003	10	 3	24	0.46429	0.78228	0.57658
2003	10	 4	24	0.89505	1.65127	1.16208
2003	10	 5	24	3.18514	3.48105	3.28963
2003	10	 6	24	3.88160	2.67122	3.45420
2003	10	 7	24	8.03109	8.47346	8.18730
2003	10	 8	24	22.61841	30.87362	25.53341
2003	10	 9	24	3.87704	5.94017	4.60555
2003	10	10	24	0.77808	2.01478	1.21477
2003	10	11	24	1.89293	1.75768	1.84517
2003	10	12	24	0.00000	0.00432	0.00152
2003	10	13	24	0.00639	0.00000	0.00414
2003	10	14	24	0.05837	0.02453	0.04642
2003	10	15	24	0.09820	0.03382	0.07547
2003	10	16	24	0.00000	0.00000	0.00000
2003	10	17	24	0.00000	0.00000	0.00000
2003	10	18	24	0.00000	0.00000	0.00000
2003	10	19	24	0.00000	0.00000	0.00000
2003	10	20	24	0.00000	0.00000	0.00000
2003	10	21	24	3.72824	0.73419	2.67101
2003	10	22	24	1.32288	0.41572	1.00255
2003	10	23	24	0.23835	0.08240	0.18328
2003	10	24	24	0.05303	0.00001	0.03431
2003	10	25	24	1.62878	1.43620	1.56078
2003	10	26	24	0.63777	1.95018	1.10119
2003	10	27	24	0.01199	0.23390	0.09035
2003	10	28	24	0.00000	0.00000	0.00000
2003	10	29	24	7.20959	5.69033	6.67312
2003	10	30	24	2.00465	3.19648	2.42550
2003	10	31	24	0.06096	2.42247	0.89484
2003	11	 1	24	0.01087	0.00000	0.00703
2003	11	 2	24	0.00297	0.00000	0.00192
2003	11	 3	24	0.64255	1.23169	0.85058
2003	11	 4	24	0.00000	0.00000	0.00000
2003	11	 5	24	0.00000	0.00000	0.00000
2003	11	 6	24	0.00000	0.00000	0.00000
2003	11	 7	24	0.00000	0.00000	0.00000
2003	11	 8	24	0.00000	0.00000	0.00000
2003	11	 9	24	0.00000	0.00000	0.00000
2003	11	10	24	0.00000	0.00000	0.00000
2003	11	11	24	0.00000	0.00000	0.00000
2003	11	12	24	0.00000	0.00000	0.00000
2003	11	13	24	0.00000	0.00000	0.00000
2003	11	14	24	0.00964	0.00000	0.00624
2003	11	15	24	0.00000	0.00000	0.00000
2003	11	16	24	2.52039	2.57167	2.53850
2003	11	17	24	3.41460	6.40999	4.47230
2003	11	18	24	0.96845	2.29810	1.43796
2003	11	19	24	0.00113	0.00000	0.00073
2003	11	20	24	0.00010	0.00000	0.00006
2003	11	21	24	0.00000	0.00000	0.00000
2003	11	22	24	0.00000	0.00000	0.00000
2003	11	23	24	0.00000	0.00000	0.00000
2003	11	24	24	0.00174	0.02507	0.00998
2003	11	25	24	0.06931	0.00000	0.04484
2003	11	26	24	0.61824	0.91710	0.72377
2003	11	27	24	0.00482	0.00000	0.00312
2003	11	28	24	3.58443	3.41220	3.52361
2003	11	29	24	3.98003	4.42468	4.13704
2003	11	30	24	0.03518	0.31434	0.13375
2003	12	 1	24	0.00000	0.00000	0.00000
2003	12	 2	24	0.03656	0.19653	0.09304
2003	12	 3	24	0.01291	0.20258	0.07988
2003	12	 4	24	0.07503	0.00000	0.04854
2003	12	 5	24	2.15716	1.85808	2.05155
2003	12	 6	24	4.98529	5.07378	5.01654
2003	12	 7	24	0.23744	0.31722	0.26561
2003	12	 8	24	0.24885	2.33117	0.98414
2003	12	 9	24	0.03431	2.08403	0.75809
2003	12	10	24	0.00000	0.61578	0.21744
2003	12	11	24	1.27716	1.83526	1.47423
2003	12	12	24	2.78877	0.16165	1.86111
2003	12	13	24	13.85254	21.67381	16.61432
2003	12	14	24	14.10311	20.01396	16.19029
2003	12	15	24	0.81418	0.00000	0.52668
2003	12	16	24	0.33308	0.00000	0.21547
2003	12	17	24	3.12895	0.00003	2.02409
2003	12	18	24	5.23292	4.25835	4.88879
2003	12	19	24	1.75563	3.65075	2.42482
2003	12	20	24	0.80851	3.49750	1.75802
2003	12	21	24	3.35828	2.98206	3.22543
2003	12	22	24	2.19381	0.00000	1.41915
2003	12	23	24	3.26466	0.01055	2.11560
2003	12	24	24	2.50163	0.00709	1.62078
2003	12	25	24	2.05643	0.82247	1.62071
2003	12	26	24	0.58694	1.72944	0.99037
2003	12	27	24	0.08626	0.13845	0.10469
2003	12	28	24	0.13615	0.88500	0.40058
2003	12	29	24	0.07642	0.78703	0.32734
2003	12	30	24	0.17388	0.74572	0.37580
2003	12	31	24	0.71660	0.00000	0.46356
2004	 1	 1	24	0.46551	0.00074	0.30139
2004	 1	 2	24	0.36405	0.00000	0.23550
2004	 1	 3	24	0.03306	0.00000	0.02138
2004	 1	 4	24	0.00000	0.00000	0.00000
2004	 1	 5	24	0.00000	0.00000	0.00000
2004	 1	 6	24	4.48068	0.00000	2.89850
2004	 1	 7	24	3.37811	0.00000	2.18527
2004	 1	 8	24	3.72472	0.00834	2.41242
2004	 1	 9	24	4.20585	0.00000	2.72072
2004	 1	10	24	10.45292	5.59812	8.73864
2004	 1	11	24	14.44631	7.95887	12.15553
2004	 1	12	24	7.90983	7.97450	7.93267
2004	 1	13	24	13.66168	8.92673	11.98972
2004	 1	14	24	8.32486	4.38664	6.93423
2004	 1	15	24	5.96428	2.15013	4.61746
2004	 1	16	24	5.45637	0.57483	3.73265
2004	 1	17	24	5.14314	1.96934	4.02244
2004	 1	18	24	1.88293	0.00000	1.21805
2004	 1	19	24	6.86557	0.00000	4.44126
2004	 1	20	24	3.15125	0.00000	2.03851
2004	 1	21	24	0.00032	0.00000	0.00021
2004	 1	22	24	0.01242	0.00000	0.00803
2004	 1	23	24	0.50509	0.00000	0.32673
2004	 1	24	24	2.36425	0.00000	1.52941
2004	 1	25	24	1.04600	0.00000	0.67664
2004	 1	26	24	2.72256	0.00000	1.76119
2004	 1	27	24	0.00000	0.00000	0.00000
2004	 1	28	24	0.37498	0.00000	0.24257
2004	 1	29	24	1.97946	0.00000	1.28049
2004	 1	30	24	2.93793	0.00000	1.90052
2004	 1	31	24	5.31214	0.00000	3.43637
2004	 2	 1	24	14.46446	10.10058	12.92353
2004	 2	 2	24	32.05024	38.01519	34.15653
2004	 2	 3	24	13.66306	13.74092	13.69055
2004	 2	 4	24	12.17860	15.96425	13.51536
2004	 2	 5	24	6.49352	17.06953	10.22803
2004	 2	 6	24	4.75556	15.98776	8.72178
2004	 2	 7	24	4.17533	12.83415	7.23286
2004	 2	 8	24	9.40220	5.79647	8.12898
2004	 2	 9	24	2.80733	0.00000	1.81603
2004	 2	10	24	2.52589	0.00000	1.63397
2004	 2	11	24	1.02730	0.00000	0.66455
2004	 2	12	24	0.33559	0.00000	0.21709
2004	 2	13	24	4.19267	0.00836	2.71514
2004	 2	14	24	4.78979	2.75800	4.07234
2004	 2	15	24	3.10697	1.33286	2.48051
2004	 2	16	24	2.50096	1.59599	2.18141
2004	 2	17	24	4.41040	3.30949	4.02165
2004	 2	18	24	1.95315	0.05692	1.28357
2004	 2	19	24	0.15859	0.00000	0.10259
2004	 2	20	24	3.67270	1.02971	2.73943
2004	 2	21	24	2.44771	1.56756	2.13692
2004	 2	22	24	0.48869	0.03340	0.32792
2004	 2	23	24	0.00726	0.00000	0.00470
2004	 2	24	24	1.49791	0.01845	0.97550
2004	 2	25	24	0.56914	0.00010	0.36820
2004	 2	26	24	1.41731	0.00000	0.91684
2004	 2	27	24	0.24493	0.00000	0.15844
2004	 2	28	24	0.39043	0.00000	0.25257
2004	 2	29	24	0.00000	0.00000	0.00000
2004	 3	 1	24	1.66899	0.00000	1.07965
2004	 3	 2	24	6.37231	1.14648	4.52701
2004	 3	 3	24	2.19473	0.00000	1.41975
2004	 3	 4	24	0.52316	0.00000	0.33843
2004	 3	 5	24	3.24953	0.03805	2.11552
2004	 3	 6	24	2.80116	0.00000	1.81204
2004	 3	 7	24	3.54793	0.85348	2.59649
2004	 3	 8	24	0.93738	0.01240	0.61076
2004	 3	 9	24	2.98775	0.00000	1.93274
2004	 3	10	24	1.74153	0.00000	1.12658
2004	 3	11	24	4.07123	1.30803	3.09551
2004	 3	12	24	6.07377	2.51368	4.81666
2004	 3	13	24	4.38156	4.13504	4.29451
2004	 3	14	24	2.31754	7.68108	4.21147
2004	 3	15	24	2.41198	10.95394	5.42824
2004	 3	16	24	2.66594	14.51559	6.85018
2004	 3	17	24	3.07501	20.71952	9.30548
2004	 3	18	24	2.49940	22.54843	9.57893
2004	 3	19	24	2.97612	22.82357	9.98447
2004	 3	20	24	4.48364	20.79056	10.24179
2004	 3	21	24	0.13711	12.40340	4.46847
2004	 3	22	24	0.11040	6.57961	2.39475
2004	 3	23	24	7.10601	6.94874	7.05048
2004	 3	24	24	20.35237	10.17749	16.75951
2004	 3	25	24	0.36722	0.00006	0.23757
2004	 3	26	24	1.84863	0.01796	1.20220
2004	 3	27	24	1.34516	1.12090	1.26597
2004	 3	28	24	0.62257	4.87210	2.12312
2004	 3	29	24	0.21707	7.64054	2.83838
2004	 3	30	24	0.00000	5.44160	1.92149
2004	 3	31	24	0.00000	3.77709	1.33373
2004	 4	 1	24	0.00000	2.37664	0.83922
2004	 4	 2	24	0.00000	1.04816	0.37012
2004	 4	 3	24	0.00000	0.04489	0.01585
2004	 4	 4	24	0.26027	0.10833	0.20662
2004	 4	 5	24	1.31550	1.18734	1.27025
2004	 4	 6	24	0.38299	0.61386	0.46451
2004	 4	 7	24	0.72279	0.22632	0.54748
2004	 4	 8	24	0.40641	0.39482	0.40232
2004	 4	 9	24	0.21328	0.00000	0.13797
2004	 4	10	24	0.73350	0.04358	0.48988
2004	 4	11	24	0.00000	0.00000	0.00000
2004	 4	12	24	0.00000	0.00000	0.00000
2004	 4	13	24	0.00000	0.00000	0.00000
2004	 4	14	24	0.00000	0.00000	0.00000
2004	 4	15	24	0.00000	0.00000	0.00000
2004	 4	16	24	0.00000	0.00000	0.00000
2004	 4	17	24	0.00000	0.00000	0.00000
2004	 4	18	24	0.55777	5.91345	2.44892
2004	 4	19	24	3.50977	3.62062	3.54891
2004	 4	20	24	0.00000	0.00000	0.00000
2004	 4	21	24	0.00000	0.00000	0.00000
2004	 4	22	24	0.00000	0.00000	0.00000
2004	 4	23	24	0.77025	0.32000	0.61126
2004	 4	24	24	6.34454	6.41882	6.37077
2004	 4	25	24	0.05542	0.00112	0.03625
2004	 4	26	24	0.17840	0.07068	0.14037
2004	 4	27	24	0.00000	0.00000	0.00000
2004	 4	28	24	0.00000	0.00000	0.00000
2004	 4	29	24	0.00000	0.00000	0.00000
2004	 4	30	24	0.00000	0.00000	0.00000
2004	 5	 1	24	0.27166	0.44431	0.33263
2004	 5	 2	24	2.76484	2.16446	2.55284
2004	 5	 3	24	8.94858	7.27369	8.35716
2004	 5	 4	24	0.11181	0.03575	0.08495
2004	 5	 5	24	10.17674	2.59606	7.49992
2004	 5	 6	24	18.19145	20.08183	18.85896
2004	 5	 7	24	2.83157	2.39713	2.67817
2004	 5	 8	24	0.08782	0.00356	0.05807
2004	 5	 9	24	1.15815	0.74585	1.01256
2004	 5	10	24	24.20282	21.36287	23.20000
2004	 5	11	24	0.01469	0.00000	0.00950
2004	 5	12	24	0.16310	0.06315	0.12780
2004	 5	13	24	1.31455	0.35697	0.97642
2004	 5	14	24	0.00000	0.00000	0.00000
2004	 5	15	24	15.30394	16.50974	15.72972
2004	 5	16	24	0.00000	0.00000	0.00000
2004	 5	17	24	0.00000	0.00000	0.00000
2004	 5	18	24	0.00000	0.00000	0.00000
2004	 5	19	24	0.00000	0.00000	0.00000
2004	 5	20	24	0.00000	0.00000	0.00000
2004	 5	21	24	2.92321	2.81215	2.88399
2004	 5	22	24	6.62069	5.44499	6.20554
2004	 5	23	24	11.42295	14.52429	12.51807
2004	 5	24	24	0.13754	2.05104	0.81321
2004	 5	25	24	0.00054	0.00000	0.00035
2004	 5	26	24	0.03855	0.00000	0.02494
2004	 5	27	24	0.00000	0.00000	0.00000
2004	 5	28	24	0.00356	0.00000	0.00231
2004	 5	29	24	0.00000	0.00000	0.00000
2004	 5	30	24	0.00000	0.00000	0.00000
2004	 5	31	24	0.24589	0.07372	0.18509
2004	 6	 1	24	2.72154	2.39587	2.60654
2004	 6	 2	24	2.51987	4.22355	3.12146
2004	 6	 3	24	0.05194	0.00397	0.03500
2004	 6	 4	24	0.73592	1.23801	0.91321
2004	 6	 5	24	1.41511	1.52781	1.45491
2004	 6	 6	24	0.00000	0.00000	0.00000
2004	 6	 7	24	0.00000	0.00000	0.00000
2004	 6	 8	24	0.00000	0.00000	0.00000
2004	 6	 9	24	0.02223	0.11933	0.05652
2004	 6	10	24	0.18645	0.04887	0.13787
2004	 6	11	24	5.20485	8.56257	6.39050
2004	 6	12	24	1.37771	0.40414	1.03393
2004	 6	13	24	0.07529	0.08788	0.07973
2004	 6	14	24	0.00000	0.00000	0.00000
2004	 6	15	24	0.67306	1.08794	0.81956
2004	 6	16	24	0.00000	0.00000	0.00000
2004	 6	17	24	1.51817	3.80103	2.32427
2004	 6	18	24	0.21421	0.70925	0.38901
2004	 6	19	24	0.33725	1.89452	0.88714
2004	 6	20	24	0.09781	0.01051	0.06698
2004	 6	21	24	0.10972	0.57000	0.27225
2004	 6	22	24	1.37840	0.47212	1.05839
2004	 6	23	24	0.10926	0.05057	0.08854
2004	 6	24	24	0.00000	0.00000	0.00000
2004	 6	25	24	0.00319	0.00000	0.00206
2004	 6	26	24	0.00000	0.00000	0.00000
2004	 6	27	24	0.20176	0.05531	0.15005
2004	 6	28	24	0.02399	0.05953	0.03654
2004	 6	29	24	0.07498	0.09484	0.08199
2004	 6	30	24	0.00527	0.00000	0.00341
2004	 7	 1	24	4.31678	1.37927	3.27951
2004	 7	 2	24	0.07700	0.06578	0.07304
2004	 7	 3	24	1.02254	1.07708	1.04180
2004	 7	 4	24	0.17658	0.26930	0.20932
2004	 7	 5	24	0.34262	0.43299	0.37453
2004	 7	 6	24	0.00004	0.00000	0.00002
2004	 7	 7	24	0.00000	0.00000	0.00000
2004	 7	 8	24	19.75296	51.21608	30.86293
2004	 7	 9	24	0.01125	0.00000	0.00728
2004	 7	10	24	0.10024	0.27359	0.16145
2004	 7	11	24	0.05975	0.04643	0.05505
2004	 7	12	24	2.81321	3.29504	2.98335
2004	 7	13	24	1.02520	2.28287	1.46929
2004	 7	14	24	0.55251	1.50843	0.89006
2004	 7	15	24	0.00063	0.01190	0.00461
2004	 7	16	24	0.01443	0.00000	0.00934
2004	 7	17	24	0.00000	0.00000	0.00000
2004	 7	18	24	0.15274	0.10833	0.13706
2004	 7	19	24	0.00000	0.00000	0.00000
2004	 7	20	24	1.46293	0.81037	1.23250
2004	 7	21	24	0.00000	0.00000	0.00000
2004	 7	22	24	13.24360	19.01221	15.28056
2004	 7	23	24	1.58917	2.89456	2.05011
2004	 7	24	24	0.02286	0.00000	0.01479
2004	 7	25	24	0.08880	0.03637	0.07029
2004	 7	26	24	2.72521	2.20516	2.54158
2004	 7	27	24	0.04978	0.02310	0.04036
2004	 7	28	24	0.00000	0.00000	0.00000
2004	 7	29	24	0.00000	0.00000	0.00000
2004	 7	30	24	0.00000	0.00000	0.00000
2004	 7	31	24	0.00000	0.00000	0.00000
2004	 8	 1	24	0.00000	0.00000	0.00000
2004	 8	 2	24	0.00000	0.00000	0.00000
2004	 8	 3	24	0.00000	0.00000	0.00000
2004	 8	 4	24	0.00000	0.00000	0.00000
2004	 8	 5	24	0.00000	0.00000	0.00000
2004	 8	 6	24	0.00000	0.00000	0.00000
2004	 8	 7	24	0.00000	0.00000	0.00000
2004	 8	 8	24	0.00000	0.00000	0.00000
2004	 8	 9	24	0.00000	0.00000	0.00000
2004	 8	10	24	0.00000	0.00000	0.00000
2004	 8	11	24	0.00000	0.00000	0.00000
2004	 8	12	24	8.65329	16.56705	11.44772
2004	 8	13	24	0.13588	0.66723	0.32351
2004	 8	14	24	0.63772	0.07479	0.43894
2004	 8	15	24	0.00000	0.00000	0.00000
2004	 8	16	24	0.00000	0.00000	0.00000
2004	 8	17	24	3.74731	0.48204	2.59431
2004	 8	18	24	0.00955	0.00000	0.00618
2004	 8	19	24	0.28360	0.93751	0.51450
2004	 8	20	24	0.16302	0.07000	0.13017
2004	 8	21	24	0.13729	0.08761	0.11975
2004	 8	22	24	0.00000	0.00000	0.00000
2004	 8	23	24	0.00000	0.00000	0.00000
2004	 8	24	24	5.46056	8.58285	6.56307
2004	 8	25	24	0.02109	0.01458	0.01879
2004	 8	26	24	5.58550	11.92394	7.82367
2004	 8	27	24	0.09668	0.07178	0.08789
2004	 8	28	24	0.09724	0.06307	0.08517
2004	 8	29	24	0.10290	0.01301	0.07116
2004	 8	30	24	2.58700	4.13511	3.13365
2004	 8	31	24	0.00000	0.00000	0.00000
2004	 9	 1	24	0.00000	0.00000	0.00000
2004	 9	 2	24	0.00000	0.00000	0.00000
2004	 9	 3	24	0.00000	0.00000	0.00000
2004	 9	 4	24	0.00000	0.00000	0.00000
2004	 9	 5	24	0.00000	0.00000	0.00000
2004	 9	 6	24	0.00000	0.00000	0.00000
2004	 9	 7	24	0.00000	0.00000	0.00000
2004	 9	 8	24	0.00000	0.00000	0.00000
2004	 9	 9	24	0.00000	0.00000	0.00000
2004	 9	10	24	0.00000	0.00000	0.00000
2004	 9	11	24	0.27461	0.22248	0.25620
2004	 9	12	24	3.67005	3.65471	3.66463
2004	 9	13	24	0.00000	0.00000	0.00000
2004	 9	14	24	0.12504	0.05830	0.10148
2004	 9	15	24	0.00000	0.00000	0.00000
2004	 9	16	24	0.00000	0.00000	0.00000
2004	 9	17	24	0.00000	0.00000	0.00000
2004	 9	18	24	0.00000	0.00000	0.00000
2004	 9	19	24	0.04106	0.04540	0.04259
2004	 9	20	24	0.00800	0.00000	0.00517
2004	 9	21	24	6.45075	12.72470	8.66615
2004	 9	22	24	8.75975	11.61954	9.76958
2004	 9	23	24	7.39856	11.32698	8.78572
2004	 9	24	24	6.68439	8.51766	7.33174
2004	 9	25	24	5.89428	6.39640	6.07158
2004	 9	26	24	1.14869	1.03437	1.10832
2004	 9	27	24	1.07025	2.65518	1.62991
2004	 9	28	24	0.74114	0.69023	0.72316
2004	 9	29	24	7.22096	8.00363	7.49733
2004	 9	30	24	0.00255	0.00000	0.00165
2004	10	 1	24	0.00000	0.00000	0.00000
2004	10	 2	24	1.86711	3.79878	2.54920
2004	10	 3	24	0.00000	0.00000	0.00000
2004	10	 4	24	0.00000	0.00000	0.00000
2004	10	 5	24	0.00000	0.00000	0.00000
2004	10	 6	24	2.93701	2.37599	2.73891
2004	10	 7	24	0.00000	0.00000	0.00000
2004	10	 8	24	0.75571	1.12459	0.88596
2004	10	 9	24	0.00000	0.00000	0.00000
2004	10	10	24	0.00000	0.00000	0.00000
2004	10	11	24	0.00000	0.00000	0.00000
2004	10	12	24	0.00000	0.00000	0.00000
2004	10	13	24	0.00000	0.00000	0.00000
2004	10	14	24	0.02560	0.01573	0.02212
2004	10	15	24	2.45353	3.02972	2.65699
2004	10	16	24	2.24904	4.16682	2.92623
2004	10	17	24	0.10691	0.01878	0.07579
2004	10	18	24	0.05466	0.01615	0.04106
2004	10	19	24	0.00000	0.00000	0.00000
2004	10	20	24	0.71035	1.18708	0.87869
2004	10	21	24	0.01836	0.06607	0.03521
2004	10	22	24	0.00297	0.00000	0.00192
2004	10	23	24	0.00000	0.00000	0.00000
2004	10	24	24	0.00000	0.00000	0.00000
2004	10	25	24	0.82195	2.30612	1.34603
2004	10	26	24	5.17809	5.81187	5.40188
2004	10	27	24	0.70737	1.11488	0.85126
2004	10	28	24	0.16664	0.17604	0.16996
2004	10	29	24	2.23906	3.93540	2.83806
2004	10	30	24	1.32328	4.61151	2.48439
2004	10	31	24	0.01989	0.00000	0.01287
2004	11	 1	24	0.40132	0.67654	0.49851
2004	11	 2	24	0.60105	1.03627	0.75473
2004	11	 3	24	0.01198	0.19702	0.07732
2004	11	 4	24	0.76952	0.71889	0.75165
2004	11	 5	24	1.37570	2.86809	1.90268
2004	11	 6	24	6.96095	11.90664	8.70733
2004	11	 7	24	7.51694	6.30661	7.08956
2004	11	 8	24	8.03763	2.99717	6.25779
2004	11	 9	24	16.39875	3.19093	11.73492
2004	11	10	24	2.20336	1.23128	1.86011
2004	11	11	24	2.40564	7.79930	4.31020
2004	11	12	24	4.07281	8.46668	5.62433
2004	11	13	24	3.87306	3.83456	3.85947
2004	11	14	24	0.36846	1.56954	0.79257
2004	11	15	24	1.23995	2.63646	1.73308
2004	11	16	24	8.30079	13.85227	10.26108
2004	11	17	24	4.02922	15.92057	8.22819
2004	11	18	24	23.30204	34.69001	27.32326
2004	11	19	24	5.42620	0.22631	3.59006
2004	11	20	24	3.00933	0.00000	1.94670
2004	11	21	24	2.97141	0.01074	1.92597
2004	11	22	24	18.91592	18.32399	18.70690
2004	11	23	24	9.89346	11.31065	10.39389
2004	11	24	24	1.23547	2.44075	1.66107
2004	11	25	24	0.86325	2.75294	1.53052
2004	11	26	24	1.07488	4.29283	2.21117
2004	11	27	24	3.08246	8.54264	5.01051
2004	11	28	24	0.76467	4.38689	2.04371
2004	11	29	24	0.45742	4.37455	1.84060
2004	11	30	24	0.26496	2.84552	1.17618
2004	12	 1	24	2.29536	6.65975	3.83648
2004	12	 2	24	0.22467	2.38025	0.98583
2004	12	 3	24	0.07334	1.44380	0.55727
2004	12	 4	24	0.11607	2.76639	1.05193
2004	12	 5	24	0.25211	2.64518	1.09713
2004	12	 6	24	0.04434	2.63303	0.95843
2004	12	 7	24	0.01710	1.57115	0.56585
2004	12	 8	24	0.00606	2.63631	0.93483
2004	12	 9	24	0.00010	1.94424	0.68659
2004	12	10	24	0.00000	4.79001	1.69140
2004	12	11	24	0.00000	2.35292	0.83084
2004	12	12	24	0.01788	0.06794	0.03556
2004	12	13	24	0.00036	0.00000	0.00023
2004	12	14	24	0.00006	0.00000	0.00004
2004	12	15	24	0.00243	0.16792	0.06087
2004	12	16	24	0.28769	0.00000	0.18610
2004	12	17	24	3.57507	0.00215	2.31343
2004	12	18	24	7.72329	0.01050	4.99982
2004	12	19	24	1.42177	0.00261	0.92065
2004	12	20	24	2.28250	0.15318	1.53061
2004	12	21	24	1.61920	0.75028	1.31237
2004	12	22	24	1.15049	0.00000	0.74424
2004	12	23	24	3.86334	6.66882	4.85398
2004	12	24	24	2.05557	8.00169	4.15521
2004	12	25	24	4.35138	8.94835	5.97462
2004	12	26	24	11.24319	4.20957	8.75954
2004	12	27	24	2.36396	0.14977	1.58211
2004	12	28	24	1.37513	0.02840	0.89958
2004	12	29	24	2.28170	0.61668	1.69377
2004	12	30	24	2.10710	2.48710	2.24128
2004	12	31	24	4.47595	7.13661	5.41546
2005	 1	 1	24	1.92075	7.76018	3.98271
2005	 1	 2	24	0.97630	4.53505	2.23293
2005	 1	 3	24	8.60446	2.57499	6.47539
2005	 1	 4	24	1.81540	5.29562	3.04431
2005	 1	 5	24	4.57561	7.92558	5.75852
2005	 1	 6	24	1.31458	4.90236	2.58146
2005	 1	 7	24	0.71515	9.85273	3.94173
2005	 1	 8	24	0.49695	11.40397	4.34834
2005	 1	 9	24	0.06699	5.54005	1.99959
2005	 1	10	24	0.02362	7.39067	2.62500
2005	 1	11	24	0.00000	3.96996	1.40183
2005	 1	12	24	0.29222	5.17768	2.01733
2005	 1	13	24	3.29431	4.48720	3.71553
2005	 1	14	24	0.61434	1.29978	0.85638
2005	 1	15	24	0.08143	1.01151	0.40986
2005	 1	16	24	0.00336	1.32322	0.46942
2005	 1	17	24	0.00000	0.18638	0.06581
2005	 1	18	24	0.11568	0.00000	0.07483
2005	 1	19	24	2.03483	1.04924	1.68681
2005	 1	20	24	28.99418	30.16099	29.40619
2005	 1	21	24	9.33743	3.39871	7.24040
2005	 1	22	24	3.91542	2.89994	3.55684
2005	 1	23	24	2.49559	0.77532	1.88815
2005	 1	24	24	0.00000	0.00000	0.00000
2005	 1	25	24	0.00000	0.00000	0.00000
2005	 1	26	24	0.00000	0.00000	0.00000
2005	 1	27	24	0.00000	0.00000	0.00000
2005	 1	28	24	0.00000	0.00000	0.00000
2005	 1	29	24	0.00000	0.00000	0.00000
2005	 1	30	24	0.00000	0.00000	0.00000
2005	 1	31	24	8.50151	0.00000	5.49954
2005	 2	 1	24	1.79808	0.02269	1.17117
2005	 2	 2	24	6.07122	0.86344	4.23229
2005	 2	 3	24	3.10583	0.55113	2.20374
2005	 2	 4	24	2.08369	0.43710	1.50226
2005	 2	 5	24	3.39526	0.24283	2.28210
2005	 2	 6	24	2.96064	0.00000	1.91520
2005	 2	 7	24	2.72576	0.05006	1.78094
2005	 2	 8	24	2.45318	0.01406	1.59190
2005	 2	 9	24	3.86920	0.34404	2.62443
2005	 2	10	24	9.42778	4.42969	7.66290
2005	 2	11	24	10.29516	9.10104	9.87350
2005	 2	12	24	17.50929	21.34602	18.86408
2005	 2	13	24	7.15217	6.19238	6.81326
2005	 2	14	24	0.26373	0.00000	0.17061
2005	 2	15	24	0.20633	0.00000	0.13348
2005	 2	16	24	0.16994	0.00000	0.10993
2005	 2	17	24	0.00000	0.00000	0.00000
2005	 2	18	24	0.00000	0.00000	0.00000
2005	 2	19	24	0.00000	0.00000	0.00000
2005	 2	20	24	1.23291	0.00000	0.79756
2005	 2	21	24	1.86288	0.00000	1.20507
2005	 2	22	24	0.00000	0.00000	0.00000
2005	 2	23	24	0.41273	0.00000	0.26699
2005	 2	24	24	0.39226	0.00000	0.25375
2005	 2	25	24	0.39407	0.00000	0.25492
2005	 2	26	24	1.05632	0.00000	0.68332
2005	 2	27	24	0.00000	0.00000	0.00000
2005	 2	28	24	0.00000	0.00000	0.00000
2005	 3	 1	24	0.60555	0.00000	0.39172
2005	 3	 2	24	2.46345	0.00000	1.59358
2005	 3	 3	24	2.48432	0.00000	1.60708
2005	 3	 4	24	1.89735	0.00000	1.22738
2005	 3	 5	24	2.17812	0.00000	1.40900
2005	 3	 6	24	0.00000	0.00000	0.00000
2005	 3	 7	24	1.07345	0.00000	0.69440
2005	 3	 8	24	1.96783	0.00000	1.27297
2005	 3	 9	24	3.09491	0.00000	2.00206
2005	 3	10	24	3.27634	0.00000	2.11943
2005	 3	11	24	6.71131	0.00000	4.34147
2005	 3	12	24	5.69671	0.00287	3.68616
2005	 3	13	24	2.32002	0.05616	1.52063
2005	 3	14	24	4.07891	0.64611	2.86675
2005	 3	15	24	7.72797	6.88136	7.42902
2005	 3	16	24	13.00522	16.29362	14.16639
2005	 3	17	24	17.33023	26.75321	20.65759
2005	 3	18	24	17.14516	30.92216	22.00997
2005	 3	19	24	3.91802	4.31087	4.05674
2005	 3	20	24	3.88210	3.89868	3.88796
2005	 3	21	24	3.82870	5.73039	4.50021
2005	 3	22	24	3.95885	6.87199	4.98751
2005	 3	23	24	4.41277	10.43736	6.54011
2005	 3	24	24	5.04278	14.67900	8.44543
2005	 3	25	24	6.23601	18.09592	10.42387
2005	 3	26	24	3.41243	13.62958	7.02022
2005	 3	27	24	2.82692	12.65610	6.29771
2005	 3	28	24	2.18197	12.53708	5.83847
2005	 3	29	24	1.89364	12.82554	5.75382
2005	 3	30	24	1.24532	10.65528	4.56808
2005	 3	31	24	0.75340	8.50731	3.49139
2005	 4	 1	24	0.57077	9.40245	3.68933
2005	 4	 2	24	0.42794	12.22870	4.59492
2005	 4	 3	24	0.18607	15.43662	5.57121
2005	 4	 4	24	0.00379	14.51905	5.12929
2005	 4	 5	24	0.04255	8.26927	2.94749
2005	 4	 6	24	0.61899	6.45391	2.67937
2005	 4	 7	24	0.10392	3.05334	1.14539
2005	 4	 8	24	0.65788	1.32742	0.89430
2005	 4	 9	24	4.32644	6.02131	4.92492
2005	 4	10	24	0.00576	0.25552	0.09396
2005	 4	11	24	0.00000	0.43433	0.15337
2005	 4	12	24	0.00571	0.15194	0.05734
2005	 4	13	24	0.00000	0.00093	0.00033
2005	 4	14	24	0.00000	0.00000	0.00000
2005	 4	15	24	0.00000	0.00000	0.00000
2005	 4	16	24	0.04922	0.00523	0.03369
2005	 4	17	24	0.70960	1.43448	0.96556
2005	 4	18	24	0.00000	0.00000	0.00000
2005	 4	19	24	0.00000	0.00000	0.00000
2005	 4	20	24	0.00000	0.00000	0.00000
2005	 4	21	24	0.00000	0.00000	0.00000
2005	 4	22	24	0.00000	0.00000	0.00000
2005	 4	23	24	0.00000	0.00000	0.00000
2005	 4	24	24	0.00000	0.00000	0.00000
2005	 4	25	24	0.88808	2.25788	1.37177
2005	 4	26	24	0.20701	0.07588	0.16071
2005	 4	27	24	1.89931	2.60066	2.14697
2005	 4	28	24	0.00000	0.00000	0.00000
2005	 4	29	24	0.00000	0.00000	0.00000
2005	 4	30	24	0.00000	0.00000	0.00000
2005	 5	 1	24	0.00000	0.00000	0.00000
2005	 5	 2	24	0.00000	0.00000	0.00000
2005	 5	 3	24	4.96349	6.20695	5.40257
2005	 5	 4	24	7.16512	7.37145	7.23798
2005	 5	 5	24	0.12116	0.10871	0.11676
2005	 5	 6	24	3.92548	4.09908	3.98678
2005	 5	 7	24	5.60025	6.94760	6.07601
2005	 5	 8	24	1.59726	2.44301	1.89590
2005	 5	 9	24	0.38828	0.64035	0.47729
2005	 5	10	24	0.04635	0.05827	0.05056
2005	 5	11	24	0.80808	2.44122	1.38476
2005	 5	12	24	0.00000	0.00000	0.00000
2005	 5	13	24	0.00000	0.00000	0.00000
2005	 5	14	24	0.85242	0.99014	0.90105
2005	 5	15	24	0.33487	0.24375	0.30269
2005	 5	16	24	10.74516	15.19869	12.31775
2005	 5	17	24	0.18990	0.48748	0.29498
2005	 5	18	24	0.12812	0.20342	0.15471
2005	 5	19	24	0.00000	0.00000	0.00000
2005	 5	20	24	0.00000	0.00000	0.00000
2005	 5	21	24	0.15440	0.36215	0.22776
2005	 5	22	24	1.59458	3.15354	2.14506
2005	 5	23	24	10.19579	12.62893	11.05496
2005	 5	24	24	0.00000	0.00000	0.00000
2005	 5	25	24	0.00000	0.00000	0.00000
2005	 5	26	24	0.00000	0.00000	0.00000
2005	 5	27	24	0.00000	0.00000	0.00000
2005	 5	28	24	0.00000	0.00000	0.00000
2005	 5	29	24	0.00025	0.01260	0.00461
2005	 5	30	24	0.33132	0.59410	0.42411
2005	 5	31	24	0.00000	0.00000	0.00000
2005	 6	 1	24	0.00000	0.00000	0.00000
2005	 6	 2	24	0.01180	0.00000	0.00764
2005	 6	 3	24	0.02363	0.03916	0.02911
2005	 6	 4	24	0.03641	0.01579	0.02913
2005	 6	 5	24	0.39997	0.11432	0.29910
2005	 6	 6	24	4.13768	5.48950	4.61502
2005	 6	 7	24	2.55185	3.61836	2.92845
2005	 6	 8	24	0.04595	0.01820	0.03615
2005	 6	 9	24	0.00000	0.00000	0.00000
2005	 6	10	24	0.61305	0.60706	0.61094
2005	 6	11	24	0.00012	0.00000	0.00008
2005	 6	12	24	0.01758	0.00000	0.01137
2005	 6	13	24	0.00000	0.00000	0.00000
2005	 6	14	24	16.18084	42.34709	25.42043
2005	 6	15	24	0.00000	0.00000	0.00000
2005	 6	16	24	0.00000	0.00000	0.00000
2005	 6	17	24	1.13592	0.87420	1.04350
2005	 6	18	24	0.00000	0.00000	0.00000
2005	 6	19	24	0.00000	0.00000	0.00000
2005	 6	20	24	0.00000	0.00000	0.00000
2005	 6	21	24	0.15119	0.10579	0.13516
2005	 6	22	24	0.00000	0.00000	0.00000
2005	 6	23	24	0.00000	0.00000	0.00000
2005	 6	24	24	0.32574	0.04646	0.22712
2005	 6	25	24	5.46428	6.11273	5.69325
2005	 6	26	24	0.01996	0.01327	0.01760
2005	 6	27	24	0.00000	0.00000	0.00000
2005	 6	28	24	0.00000	0.00000	0.00000
2005	 6	29	24	0.01259	0.00000	0.00815
2005	 6	30	24	1.71644	2.11001	1.85542
2005	 7	 1	24	6.74073	6.73652	6.73924
2005	 7	 2	24	0.00935	0.00000	0.00605
2005	 7	 3	24	0.00000	0.00000	0.00000
2005	 7	 4	24	1.35014	3.79698	2.21415
2005	 7	 5	24	11.02310	13.92255	12.04693
2005	 7	 6	24	0.10252	0.00628	0.06854
2005	 7	 7	24	1.87785	1.76428	1.83775
2005	 7	 8	24	8.96950	12.47552	10.20751
2005	 7	 9	24	0.12659	1.13010	0.48094
2005	 7	10	24	0.42840	2.20577	1.05601
2005	 7	11	24	0.07418	0.03056	0.05878
2005	 7	12	24	0.00000	0.00000	0.00000
2005	 7	13	24	0.00000	0.00000	0.00000
2005	 7	14	24	0.00000	0.00000	0.00000
2005	 7	15	24	0.42816	0.43736	0.43141
2005	 7	16	24	0.00000	0.00000	0.00000
2005	 7	17	24	0.00000	0.00000	0.00000
2005	 7	18	24	0.08646	0.03772	0.06925
2005	 7	19	24	7.88041	10.96626	8.97006
2005	 7	20	24	3.37129	4.66237	3.82718
2005	 7	21	24	5.51215	10.74297	7.35921
2005	 7	22	24	2.02875	3.10579	2.40907
2005	 7	23	24	0.43271	0.09040	0.31184
2005	 7	24	24	1.27522	2.42874	1.68254
2005	 7	25	24	0.13790	0.05549	0.10880
2005	 7	26	24	0.02890	0.00000	0.01870
2005	 7	27	24	0.00000	0.00000	0.00000
2005	 7	28	24	0.00128	0.01804	0.00720
2005	 7	29	24	6.05708	9.40842	7.24048
2005	 7	30	24	2.96417	4.42964	3.48165
2005	 7	31	24	0.00000	0.00000	0.00000
2005	 8	 1	24	0.03058	0.00339	0.02098
2005	 8	 2	24	1.51384	1.02414	1.34092
2005	 8	 3	24	1.09987	0.81806	1.00036
2005	 8	 4	24	0.29254	0.19667	0.25869
2005	 8	 5	24	7.09923	8.95909	7.75597
2005	 8	 6	24	1.31742	1.63047	1.42796
2005	 8	 7	24	0.67526	1.96434	1.13045
2005	 8	 8	24	0.89469	1.16959	0.99176
2005	 8	 9	24	0.06559	0.00299	0.04349
2005	 8	10	24	0.12842	0.06701	0.10674
2005	 8	11	24	0.00000	0.00000	0.00000
2005	 8	12	24	5.24456	5.47984	5.32764
2005	 8	13	24	0.14253	0.22530	0.17176
2005	 8	14	24	1.17599	2.23196	1.54886
2005	 8	15	24	1.40859	6.08990	3.06161
2005	 8	16	24	0.00000	0.00000	0.00000
2005	 8	17	24	0.00000	0.00000	0.00000
2005	 8	18	24	0.00000	0.00000	0.00000
2005	 8	19	24	0.00000	0.00000	0.00000
2005	 8	20	24	7.00593	10.95900	8.40180
2005	 8	21	24	0.00000	0.00000	0.00000
2005	 8	22	24	11.57739	20.41566	14.69828
2005	 8	23	24	2.91742	1.96356	2.58061
2005	 8	24	24	0.58570	0.15754	0.43451
2005	 8	25	24	1.67864	1.57839	1.64324
2005	 8	26	24	0.00000	0.00000	0.00000
2005	 8	27	24	0.00000	0.00000	0.00000
2005	 8	28	24	0.00000	0.00000	0.00000
2005	 8	29	24	0.00000	0.00000	0.00000
2005	 8	30	24	0.00000	0.00000	0.00000
2005	 8	31	24	0.00000	0.00000	0.00000
2005	 9	 1	24	0.00000	0.00000	0.00000
2005	 9	 2	24	0.00000	0.00000	0.00000
2005	 9	 3	24	0.02526	0.00000	0.01634
2005	 9	 4	24	0.00000	0.00000	0.00000
2005	 9	 5	24	0.00000	0.00000	0.00000
2005	 9	 6	24	0.00000	0.00000	0.00000
2005	 9	 7	24	0.00000	0.00000	0.00000
2005	 9	 8	24	0.00000	0.00000	0.00000
2005	 9	 9	24	0.00000	0.00000	0.00000
2005	 9	10	24	16.86112	24.17058	19.44217
2005	 9	11	24	0.38146	0.25888	0.33818
2005	 9	12	24	15.05548	18.75973	16.36349
2005	 9	13	24	0.00000	0.00000	0.00000
2005	 9	14	24	0.00555	0.00000	0.00359
2005	 9	15	24	3.49231	5.32986	4.14117
2005	 9	16	24	6.89818	7.60559	7.14797
2005	 9	17	24	3.00840	1.44910	2.45779
2005	 9	18	24	0.00000	0.00000	0.00000
2005	 9	19	24	0.00000	0.00000	0.00000
2005	 9	20	24	0.00000	0.00000	0.00000
2005	 9	21	24	0.00000	0.00000	0.00000
2005	 9	22	24	0.00000	0.00000	0.00000
2005	 9	23	24	0.00000	0.00000	0.00000
2005	 9	24	24	0.00000	0.00000	0.00000
2005	 9	25	24	0.00000	0.00000	0.00000
2005	 9	26	24	0.01552	0.00000	0.01004
2005	 9	27	24	0.07276	0.36474	0.17586
2005	 9	28	24	1.04588	0.43458	0.83002
2005	 9	29	24	5.17079	9.04871	6.54013
2005	 9	30	24	0.55745	0.67238	0.59803
2005	10	 1	24	5.16690	4.83448	5.04952
2005	10	 2	24	4.52175	5.59219	4.89973
2005	10	 3	24	0.30054	0.00638	0.19667
2005	10	 4	24	0.00000	0.00000	0.00000
2005	10	 5	24	0.00000	0.00000	0.00000
2005	10	 6	24	0.00000	0.00000	0.00000
2005	10	 7	24	0.00000	0.00000	0.00000
2005	10	 8	24	0.00000	0.00000	0.00000
2005	10	 9	24	0.00000	0.00000	0.00000
2005	10	10	24	0.00000	0.00000	0.00000
2005	10	11	24	0.00000	0.00000	0.00000
2005	10	12	24	0.00000	0.00000	0.00000
2005	10	13	24	0.00000	0.00000	0.00000
2005	10	14	24	0.00000	0.00000	0.00000
2005	10	15	24	0.00000	0.00000	0.00000
2005	10	16	24	0.00000	0.00000	0.00000
2005	10	17	24	0.00000	0.00000	0.00000
2005	10	18	24	0.00000	0.00000	0.00000
2005	10	19	24	0.00000	0.00000	0.00000
2005	10	20	24	0.00000	0.00000	0.00000
2005	10	21	24	0.00011	0.00000	0.00007
2005	10	22	24	0.26856	0.03020	0.18439
2005	10	23	24	2.86000	4.30668	3.37084
2005	10	24	24	0.08955	0.21992	0.13558
2005	10	25	24	0.49696	1.46365	0.83831
2005	10	26	24	0.00000	0.00000	0.00000
2005	10	27	24	0.00000	0.00000	0.00000
2005	10	28	24	0.00000	0.00000	0.00000
2005	10	29	24	0.00000	0.00000	0.00000
2005	10	30	24	0.00000	0.00000	0.00000
2005	10	31	24	0.00000	0.00000	0.00000
2005	11	 1	24	0.11949	0.25018	0.16564
2005	11	 2	24	0.00000	0.00000	0.00000
2005	11	 3	24	0.17042	0.37588	0.24297
2005	11	 4	24	0.11783	0.26931	0.17132
2005	11	 5	24	1.80772	3.37576	2.36141
2005	11	 6	24	0.00000	0.00000	0.00000
2005	11	 7	24	0.00000	0.00000	0.00000
2005	11	 8	24	0.00000	0.00000	0.00000
2005	11	 9	24	0.00012	0.00000	0.00008
2005	11	10	24	0.00000	0.00000	0.00000
2005	11	11	24	0.00000	0.00000	0.00000
2005	11	12	24	0.00000	0.00000	0.00000
2005	11	13	24	0.00800	0.07646	0.03217
2005	11	14	24	0.00000	0.00000	0.00000
2005	11	15	24	2.38239	2.46219	2.41057
2005	11	16	24	4.93399	5.60176	5.16978
2005	11	17	24	4.37267	0.08561	2.85886
2005	11	18	24	1.95229	0.04707	1.27954
2005	11	19	24	1.60548	0.00000	1.03857
2005	11	20	24	8.63037	2.29639	6.39377
2005	11	21	24	3.95490	0.57230	2.76047
2005	11	22	24	1.87755	0.00000	1.21456
2005	11	23	24	0.96295	0.00000	0.62292
2005	11	24	24	1.11334	0.00000	0.72021
2005	11	25	24	1.43879	0.00000	0.93074
2005	11	26	24	3.89533	0.46626	2.68449
2005	11	27	24	1.31074	0.00032	0.84802
2005	11	28	24	1.62466	0.00159	1.05154
2005	11	29	24	2.07871	0.99986	1.69776
2005	11	30	24	1.51078	0.76012	1.24571
2005	12	 1	24	1.80838	1.85880	1.82618
2005	12	 2	24	0.82085	0.00000	0.53100
2005	12	 3	24	3.75583	0.00000	2.42961
2005	12	 4	24	5.06669	2.39113	4.12192
2005	12	 5	24	1.78068	2.13760	1.90671
2005	12	 6	24	2.52217	3.84460	2.98913
2005	12	 7	24	1.39535	1.90141	1.57404
2005	12	 8	24	2.85517	2.88294	2.86498
2005	12	 9	24	0.82267	0.75512	0.79882
2005	12	10	24	0.69640	1.75816	1.07132
2005	12	11	24	0.55075	0.85540	0.65832
2005	12	12	24	1.93073	4.79203	2.94109
2005	12	13	24	1.64989	1.49627	1.59565
2005	12	14	24	2.86964	2.28040	2.66157
2005	12	15	24	12.65338	9.69736	11.60958
2005	12	16	24	11.81612	0.03685	7.65673
2005	12	17	24	0.00000	0.00000	0.00000
2005	12	18	24	0.26419	0.00000	0.17090
2005	12	19	24	3.50103	0.00000	2.26478
2005	12	20	24	9.52557	0.05913	6.18287
2005	12	21	24	2.94722	0.39456	2.04585
2005	12	22	24	6.15376	1.63469	4.55802
2005	12	23	24	6.98757	3.67740	5.81872
2005	12	24	24	8.57833	6.13622	7.71599
2005	12	25	24	2.82135	1.69391	2.42324
2005	12	26	24	2.52912	0.30466	1.74364
2005	12	27	24	0.59859	0.00000	0.38722
2005	12	28	24	0.00000	0.00000	0.00000
2005	12	29	24	0.00000	0.00000	0.00000
2005	12	30	24	2.02247	0.00000	1.30831
2005	12	31	24	2.04649	0.00000	1.32385
2006	 1	 1	24	3.81720	0.19597	2.53850
2006	 1	 2	24	2.68281	0.96676	2.07685
2006	 1	 3	24	2.21585	0.00265	1.43435
2006	 1	 4	24	0.08528	0.00000	0.05516
2006	 1	 5	24	0.33531	0.00000	0.21691
2006	 1	 6	24	1.46738	1.05462	1.32163
2006	 1	 7	24	1.04550	0.02524	0.68524
2006	 1	 8	24	0.39382	0.00000	0.25476
2006	 1	 9	24	3.26071	0.81747	2.39798
2006	 1	10	24	3.19146	2.97362	3.11454
2006	 1	11	24	4.18971	5.19978	4.54638
2006	 1	12	24	1.66349	1.51773	1.61202
2006	 1	13	24	1.12841	0.04924	0.74734
2006	 1	14	24	1.83833	2.21678	1.97197
2006	 1	15	24	0.52842	0.00000	0.34183
2006	 1	16	24	0.52512	0.00000	0.33970
2006	 1	17	24	2.86042	0.00000	1.85037
2006	 1	18	24	1.42086	0.00000	0.91914
2006	 1	19	24	0.00000	0.00000	0.00000
2006	 1	20	24	9.65088	4.35445	7.78066
2006	 1	21	24	11.32623	4.36898	8.86955
2006	 1	22	24	0.00184	0.00122	0.00162
2006	 1	23	24	0.17101	0.00133	0.11110
2006	 1	24	24	2.00863	0.00796	1.30217
2006	 1	25	24	0.21747	0.02392	0.14912
2006	 1	26	24	0.04275	0.01525	0.03304
2006	 1	27	24	1.01051	0.00794	0.65649
2006	 1	28	24	2.34306	3.92479	2.90159
2006	 1	29	24	1.49499	2.78301	1.94981
2006	 1	30	24	1.33892	2.83555	1.86739
2006	 1	31	24	1.24711	3.11132	1.90539
2006	 2	 1	24	2.49389	8.38416	4.57381
2006	 2	 2	24	1.54118	4.53047	2.59673
2006	 2	 3	24	0.12136	0.11748	0.11999
2006	 2	 4	24	0.00153	0.00000	0.00099
2006	 2	 5	24	0.02246	0.00000	0.01453
2006	 2	 6	24	3.86487	0.00079	2.50042
2006	 2	 7	24	18.74590	14.24211	17.15556
2006	 2	 8	24	7.20262	3.03782	5.73198
2006	 2	 9	24	6.56999	1.81951	4.89255
2006	 2	10	24	5.89512	0.00000	3.81349
2006	 2	11	24	1.71356	0.00000	1.10848
2006	 2	12	24	2.16693	0.00000	1.40176
2006	 2	13	24	3.25023	0.53288	2.29071
2006	 2	14	24	4.21546	2.67571	3.67176
2006	 2	15	24	3.78698	0.00000	2.44975
2006	 2	16	24	5.17678	3.10145	4.44396
2006	 2	17	24	4.00553	4.22374	4.08258
2006	 2	18	24	2.09510	3.10252	2.45083
2006	 2	19	24	1.94360	4.80854	2.95524
2006	 2	20	24	1.12799	2.70529	1.68495
2006	 2	21	24	0.66648	1.80211	1.06748
2006	 2	22	24	0.02975	0.00000	0.01924
2006	 2	23	24	0.20423	0.00000	0.13212
2006	 2	24	24	1.03945	1.58018	1.23039
2006	 2	25	24	0.22713	0.00148	0.14745
2006	 2	26	24	0.00000	0.00000	0.00000
2006	 2	27	24	1.28100	0.00074	0.82893
2006	 2	28	24	3.55055	0.00000	2.29681
2006	 3	 1	24	3.35798	0.00000	2.17224
2006	 3	 2	24	2.75426	0.21235	1.85668
2006	 3	 3	24	2.85317	0.00000	1.84568
2006	 3	 4	24	0.52655	0.00018	0.34068
2006	 3	 5	24	2.53957	0.85701	1.94544
2006	 3	 6	24	2.64282	0.34324	1.83082
2006	 3	 7	24	2.94155	0.13179	1.94940
2006	 3	 8	24	2.81934	0.00000	1.82380
2006	 3	 9	24	8.25772	1.29736	5.79994
2006	 3	10	24	6.06367	5.22874	5.76885
2006	 3	11	24	5.91860	0.56356	4.02768
2006	 3	12	24	0.00000	0.00000	0.00000
2006	 3	13	24	0.18722	0.00000	0.12111
2006	 3	14	24	0.81203	0.00000	0.52529
2006	 3	15	24	0.45341	0.00000	0.29331
2006	 3	16	24	1.54823	0.00000	1.00154
2006	 3	17	24	0.99239	0.00000	0.64196
2006	 3	18	24	1.52638	1.17263	1.40146
2006	 3	19	24	5.55732	4.22113	5.08549
2006	 3	20	24	4.95188	5.47136	5.13531
2006	 3	21	24	3.68270	4.43492	3.94832
2006	 3	22	24	1.37479	3.40197	2.09061
2006	 3	23	24	1.09456	3.24354	1.85339
2006	 3	24	24	1.25649	4.01000	2.22878
2006	 3	25	24	3.54148	8.38579	5.25206
2006	 3	26	24	9.27146	24.16794	14.53157
2006	 3	27	24	3.25448	17.33742	8.22732
2006	 3	28	24	2.21392	12.73042	5.92741
2006	 3	29	24	2.16282	11.14353	5.33401
2006	 3	30	24	9.98254	21.07999	13.90117
2006	 3	31	24	2.29291	14.51372	6.60821
2006	 4	 1	24	2.23083	15.73872	7.00061
2006	 4	 2	24	1.98368	15.26504	6.67347
2006	 4	 3	24	2.06305	10.77232	5.13839
2006	 4	 4	24	0.64296	5.55667	2.37805
2006	 4	 5	24	0.36747	3.29295	1.40049
2006	 4	 6	24	0.51011	5.28958	2.19779
2006	 4	 7	24	0.71119	8.40508	3.42799
2006	 4	 8	24	0.92675	13.24857	5.27772
2006	 4	 9	24	0.67687	10.87971	4.27961
2006	 4	10	24	5.14087	6.97370	5.78806
2006	 4	11	24	0.20661	3.77143	1.46539
2006	 4	12	24	0.20757	3.43206	1.34617
2006	 4	13	24	2.35292	11.17132	5.46680
2006	 4	14	24	3.20995	15.21922	7.45055
2006	 4	15	24	0.37307	13.41610	4.97871
2006	 4	16	24	3.40621	19.42064	9.06108
2006	 4	17	24	0.41553	14.79747	5.49395
2006	 4	18	24	0.00112	12.12124	4.28087
2006	 4	19	24	0.00122	10.74994	3.79671
2006	 4	20	24	0.00000	10.06894	3.55545
2006	 4	21	24	0.00000	7.55164	2.66657
2006	 4	22	24	0.59568	5.24916	2.23887
2006	 4	23	24	0.60152	2.04346	1.11069
2006	 4	24	24	0.00000	0.60524	0.21372
2006	 4	25	24	0.00000	0.00896	0.00317
2006	 4	26	24	0.34160	3.72335	1.53573
2006	 4	27	24	0.13704	0.11127	0.12794
2006	 4	28	24	2.56590	1.90250	2.33165
2006	 4	29	24	6.98104	11.07385	8.42625
