YY	MM	DD	HH	"1"	"2"	tot_average
gebildeter Interflow in mm je Zone (Summe aus QBB, QB und QI)soil_model
--	--	--	--	0.6468891	0.3531109	1.0000
2000	 8	 1	24	0.51394	0.63571	0.55694
2000	 8	 2	24	0.50115	0.61693	0.54203
2000	 8	 3	24	0.48986	0.59945	0.52856
2000	 8	 4	24	0.47963	0.58312	0.51618
2000	 8	 5	24	0.47032	0.56768	0.50470
2000	 8	 6	24	0.46175	0.55313	0.49402
2000	 8	 7	24	0.45435	0.54159	0.48516
2000	 8	 8	24	0.44805	0.52936	0.47676
2000	 8	 9	24	0.44097	0.51670	0.46771
2000	 8	10	24	0.43422	0.50467	0.45909
2000	 8	11	24	0.42791	0.49323	0.45097
2000	 8	12	24	0.42173	0.48231	0.44312
2000	 8	13	24	0.41577	0.47190	0.43559
2000	 8	14	24	0.41002	0.46195	0.42836
2000	 8	15	24	0.40448	0.45243	0.42141
2000	 8	16	24	0.40320	0.48839	0.43328
2000	 8	17	24	0.39844	0.48852	0.43025
2000	 8	18	24	0.39340	0.48296	0.42503
2000	 8	19	24	0.38846	0.47568	0.41926
2000	 8	20	24	0.42474	0.46700	0.43966
2000	 8	21	24	2.07228	0.90102	1.65869
2000	 8	22	24	1.63912	1.07381	1.43950
2000	 8	23	24	1.31068	1.03588	1.21364
2000	 8	24	24	1.07691	0.94413	1.03002
2000	 8	25	24	0.91386	0.87106	0.89875
2000	 8	26	24	0.79623	0.81571	0.80311
2000	 8	27	24	0.70840	0.76779	0.72937
2000	 8	28	24	0.68047	0.72765	0.69713
2000	 8	29	24	0.62178	0.69407	0.64731
2000	 8	30	24	0.57465	0.66553	0.60674
2000	 8	31	24	0.53786	0.64044	0.57408
2000	 9	 1	24	0.51521	0.61979	0.55214
2000	 9	 2	24	0.49863	0.61443	0.53952
2000	 9	 3	24	3.09291	2.63409	2.93089
2000	 9	 4	24	2.30944	2.32272	2.31413
2000	 9	 5	24	1.77245	1.97164	1.84278
2000	 9	 6	24	2.02496	2.43284	2.16899
2000	 9	 7	24	1.60183	2.21246	1.81745
2000	 9	 8	24	1.29513	1.86426	1.49609
2000	 9	 9	24	1.08231	1.64647	1.28152
2000	 9	10	24	0.92872	1.50763	1.13314
2000	 9	11	24	0.81503	1.40205	1.02232
2000	 9	12	24	0.72906	1.30694	0.93312
2000	 9	13	24	0.66325	1.22521	0.86168
2000	 9	14	24	0.61335	1.15416	0.80431
2000	 9	15	24	0.57312	1.09033	0.75575
2000	 9	16	24	0.54122	1.03597	0.71593
2000	 9	17	24	0.51647	0.98966	0.68356
2000	 9	18	24	0.49580	0.94871	0.65573
2000	 9	19	24	0.47868	0.91239	0.63183
2000	 9	20	24	0.46422	0.87993	0.61101
2000	 9	21	24	0.45182	0.85067	0.59266
2000	 9	22	24	0.44209	0.82507	0.57732
2000	 9	23	24	0.43264	0.80024	0.56245
2000	 9	24	24	0.42423	0.77655	0.54864
2000	 9	25	24	0.41667	0.75378	0.53571
2000	 9	26	24	0.40978	0.73249	0.52374
2000	 9	27	24	0.40338	0.71256	0.51255
2000	 9	28	24	0.39752	0.69393	0.50218
2000	 9	29	24	0.39187	0.67636	0.49233
2000	 9	30	24	0.38646	0.65953	0.48288
2000	10	 1	24	1.14059	1.43211	1.24353
2000	10	 2	24	1.00763	1.75192	1.27045
2000	10	 3	24	0.85839	1.68058	1.14872
2000	10	 4	24	0.74511	1.55153	1.02986
2000	10	 5	24	0.78369	1.46855	1.02552
2000	10	 6	24	1.53864	1.75268	1.61422
2000	10	 7	24	4.20637	2.93334	3.75685
2000	10	 8	24	3.09207	2.79146	2.98592
2000	10	 9	24	2.31666	2.35444	2.33000
2000	10	10	24	1.80760	2.06190	1.89740
2000	10	11	24	1.46114	1.84895	1.59808
2000	10	12	24	1.21476	1.68373	1.38036
2000	10	13	24	1.03296	1.54981	1.21547
2000	10	14	24	0.89572	1.43526	1.08624
2000	10	15	24	0.79071	1.34089	0.98498
2000	10	16	24	0.70898	1.26166	0.90413
2000	10	17	24	0.64551	1.19407	0.83921
2000	10	18	24	0.74901	1.14117	0.88749
2000	10	19	24	0.68938	1.26422	0.89236
2000	10	20	24	0.63094	1.21252	0.83630
2000	10	21	24	0.58529	1.15739	0.78730
2000	10	22	24	0.54928	1.10834	0.74669
2000	10	23	24	0.52046	1.06390	0.71235
2000	10	24	24	0.49740	1.02082	0.68223
2000	10	25	24	0.47875	0.98147	0.65627
2000	10	26	24	0.60089	0.94611	0.72280
2000	10	27	24	0.58156	0.98246	0.72313
2000	10	28	24	0.54566	0.94970	0.68833
2000	10	29	24	0.51563	0.91697	0.65735
2000	10	30	24	0.49106	0.88595	0.63050
2000	10	31	24	0.47078	0.85562	0.60667
2000	11	 1	24	0.45405	0.82668	0.58563
2000	11	 2	24	0.44002	0.79965	0.56701
2000	11	 3	24	0.52961	0.77419	0.61598
2000	11	 4	24	0.51601	0.83352	0.62813
2000	11	 5	24	0.48919	0.81499	0.60423
2000	11	 6	24	0.46623	0.79202	0.58127
2000	11	 7	24	0.46645	0.76774	0.57284
2000	11	 8	24	0.45048	0.77526	0.56516
2000	11	 9	24	0.43391	0.75087	0.54583
2000	11	10	24	0.42003	0.72756	0.52862
2000	11	11	24	0.40825	0.70560	0.51324
2000	11	12	24	0.39814	0.68490	0.49940
2000	11	13	24	0.38937	0.66535	0.48682
2000	11	14	24	0.39320	0.64688	0.48278
2000	11	15	24	0.38927	0.63907	0.47748
2000	11	16	24	0.38182	0.62220	0.46670
2000	11	17	24	0.52064	0.60737	0.55126
2000	11	18	24	0.50601	0.62546	0.54819
2000	11	19	24	0.47380	0.61204	0.52262
2000	11	20	24	0.44712	0.59650	0.49987
2000	11	21	24	0.42536	0.58342	0.48117
2000	11	22	24	0.40764	0.56989	0.46493
2000	11	23	24	0.39261	0.55580	0.45023
2000	11	24	24	0.73810	0.58730	0.68486
2000	11	25	24	1.16144	0.76197	1.02038
2000	11	26	24	1.26329	0.92460	1.14369
2000	11	27	24	1.06731	0.95108	1.02627
2000	11	28	24	0.91264	0.92161	0.91581
2000	11	29	24	0.78343	0.86292	0.81150
2000	11	30	24	0.68580	0.81015	0.72971
2000	12	 1	24	0.61076	0.76522	0.66531
2000	12	 2	24	0.55253	0.72786	0.61445
2000	12	 3	24	0.50674	0.69641	0.57371
2000	12	 4	24	0.47038	0.66957	0.54071
2000	12	 5	24	0.44112	0.64547	0.51328
2000	12	 6	24	0.41746	0.62401	0.49040
2000	12	 7	24	0.39820	0.60400	0.47087
2000	12	 8	24	0.38238	0.58455	0.45377
2000	12	 9	24	0.36947	0.56740	0.43936
2000	12	10	24	0.36698	0.55318	0.43273
2000	12	11	24	0.42460	0.70942	0.52517
2000	12	12	24	0.48029	0.81442	0.59828
2000	12	13	24	0.45020	0.77049	0.56330
2000	12	14	24	0.45119	0.80436	0.57590
2000	12	15	24	1.20948	1.08531	1.16564
2000	12	16	24	1.37048	1.09596	1.27355
2000	12	17	24	1.14636	0.99008	1.09118
2000	12	18	24	0.98404	0.91101	0.95825
2000	12	19	24	0.84056	0.85407	0.84533
2000	12	20	24	0.72700	0.79614	0.75141
2000	12	21	24	0.63947	0.74565	0.67697
2000	12	22	24	0.57138	0.70362	0.61807
2000	12	23	24	0.51768	0.66756	0.57060
2000	12	24	24	0.47511	0.63577	0.53184
2000	12	25	24	0.44136	0.61100	0.50126
2000	12	26	24	0.41457	0.58689	0.47542
2000	12	27	24	0.39247	0.56571	0.45365
2000	12	28	24	0.37567	0.54700	0.43617
2000	12	29	24	0.37154	0.53457	0.42911
2000	12	30	24	0.41415	0.51953	0.45136
2000	12	31	24	0.41642	0.50525	0.44779
2001	 1	 1	24	0.46563	0.49199	0.47494
2001	 1	 2	24	0.51840	0.47966	0.50472
2001	 1	 3	24	0.50823	0.46817	0.49408
2001	 1	 4	24	0.49114	0.46267	0.48108
2001	 1	 5	24	1.25406	0.52651	0.99716
2001	 1	 6	24	1.31310	0.79828	1.13131
2001	 1	 7	24	1.11914	1.05765	1.09742
2001	 1	 8	24	0.93077	1.05868	0.97594
2001	 1	 9	24	0.79093	0.96616	0.85281
2001	 1	10	24	0.74493	0.88450	0.79422
2001	 1	11	24	0.65390	0.81073	0.70928
2001	 1	12	24	0.57865	0.75113	0.63955
2001	 1	13	24	0.51957	0.70157	0.58384
2001	 1	14	24	0.47310	0.66130	0.53955
2001	 1	15	24	0.43628	0.62773	0.50389
2001	 1	16	24	0.40690	0.59934	0.47485
2001	 1	17	24	0.38326	0.57472	0.45087
2001	 1	18	24	0.36411	0.55321	0.43088
2001	 1	19	24	0.34857	0.53399	0.41404
2001	 1	20	24	0.33588	0.51638	0.39961
2001	 1	21	24	0.32542	0.50058	0.38727
2001	 1	22	24	0.31697	0.48641	0.37680
2001	 1	23	24	0.32789	0.47354	0.37932
2001	 1	24	24	0.77780	0.46167	0.66618
2001	 1	25	24	1.16198	0.45060	0.91079
2001	 1	26	24	1.11422	0.44226	0.87694
2001	 1	27	24	1.00948	0.43755	0.80752
2001	 1	28	24	0.91916	0.42897	0.74607
2001	 1	29	24	0.79665	0.42754	0.66631
2001	 1	30	24	0.76616	0.42037	0.64406
2001	 1	31	24	0.67955	0.41245	0.58523
2001	 2	 1	24	0.62963	0.40485	0.55026
2001	 2	 2	24	0.58285	0.39736	0.51735
2001	 2	 3	24	0.52075	0.39019	0.47465
2001	 2	 4	24	0.64512	0.38332	0.55268
2001	 2	 5	24	1.71850	0.40924	1.25619
2001	 2	 6	24	3.09654	0.89536	2.31928
2001	 2	 7	24	4.15690	1.72724	3.29896
2001	 2	 8	24	4.38594	2.09398	3.57663
2001	 2	 9	24	3.90568	2.39236	3.37131
2001	 2	10	24	3.00225	2.09587	2.68220
2001	 2	11	24	2.53171	2.00627	2.34618
2001	 2	12	24	2.54944	2.79243	2.63524
2001	 2	13	24	2.05441	2.75587	2.30210
2001	 2	14	24	1.67525	2.52789	1.97633
2001	 2	15	24	1.43197	2.91428	1.95539
2001	 2	16	24	1.17411	2.92352	1.79185
2001	 2	17	24	0.97736	2.63804	1.56377
2001	 2	18	24	0.84365	2.31741	1.36405
2001	 2	19	24	0.79658	2.08317	1.25089
2001	 2	20	24	0.76488	1.92293	1.17380
2001	 2	21	24	1.13246	1.79312	1.36575
2001	 2	22	24	2.79321	1.65952	2.39289
2001	 2	23	24	2.27299	1.54143	2.01466
2001	 2	24	24	1.82578	1.44241	1.69041
2001	 2	25	24	1.49233	1.35521	1.44391
2001	 2	26	24	1.28531	1.27847	1.28290
2001	 2	27	24	1.27747	1.21301	1.25471
2001	 2	28	24	1.42410	1.15658	1.32963
2001	 3	 1	24	1.73805	1.10575	1.51478
2001	 3	 2	24	1.75418	1.06010	1.50909
2001	 3	 3	24	2.09424	1.01957	1.71476
2001	 3	 4	24	2.45737	0.98290	1.93672
2001	 3	 5	24	2.10757	0.94959	1.69868
2001	 3	 6	24	2.09954	0.91713	1.68202
2001	 3	 7	24	2.45101	0.89047	1.89997
2001	 3	 8	24	3.78178	0.92411	2.77270
2001	 3	 9	24	5.13437	1.58728	3.88186
2001	 3	10	24	6.00196	2.69932	4.83576
2001	 3	11	24	6.19246	3.91931	5.38979
2001	 3	12	24	6.88076	5.35369	6.34154
2001	 3	13	24	6.27324	6.09248	6.20941
2001	 3	14	24	5.49028	6.28242	5.76999
2001	 3	15	24	4.77754	6.00012	5.20925
2001	 3	16	24	4.18332	5.95664	4.80950
2001	 3	17	24	5.02465	6.71295	5.62081
2001	 3	18	24	4.80405	7.65130	5.80945
2001	 3	19	24	4.61452	7.86453	5.76213
2001	 3	20	24	3.78034	7.11047	4.95625
2001	 3	21	24	3.20918	6.02484	4.20342
2001	 3	22	24	3.76244	5.14268	4.24981
2001	 3	23	24	4.28974	4.74077	4.44900
2001	 3	24	24	5.83801	6.55420	6.09091
2001	 3	25	24	5.84719	8.78313	6.88390
2001	 3	26	24	4.77184	9.06718	6.28858
2001	 3	27	24	3.89420	7.43429	5.14425
2001	 3	28	24	3.30395	6.17499	4.31775
2001	 3	29	24	2.74635	5.22653	3.62213
2001	 3	30	24	2.31736	4.49679	3.08694
2001	 3	31	24	1.96792	4.03541	2.69797
2001	 4	 1	24	1.68822	3.53365	2.33986
2001	 4	 2	24	1.45149	3.10178	2.03423
2001	 4	 3	24	1.25899	2.74355	1.78321
2001	 4	 4	24	1.33861	2.46330	1.73575
2001	 4	 5	24	1.20095	2.45198	1.64270
2001	 4	 6	24	1.07809	2.23201	1.48556
2001	 4	 7	24	1.16130	2.05838	1.47807
2001	 4	 8	24	1.30337	1.98978	1.54575
2001	 4	 9	24	1.17210	1.88671	1.42444
2001	 4	10	24	1.06165	1.75441	1.30627
2001	 4	11	24	0.97264	1.62885	1.20435
2001	 4	12	24	0.97575	1.51940	1.16772
2001	 4	13	24	1.34427	1.48877	1.39530
2001	 4	14	24	1.80333	1.39669	1.65974
2001	 4	15	24	2.45264	1.31563	2.05115
2001	 4	16	24	2.98987	1.24398	2.37338
2001	 4	17	24	2.81324	1.26123	2.26521
2001	 4	18	24	2.74327	1.26080	2.21979
2001	 4	19	24	2.44409	1.33288	2.05171
2001	 4	20	24	2.52235	1.43715	2.13915
2001	 4	21	24	2.96670	1.56620	2.47217
2001	 4	22	24	2.66180	1.50262	2.25248
2001	 4	23	24	2.24914	1.40700	1.95177
2001	 4	24	24	1.91858	1.31667	1.70604
2001	 4	25	24	1.94427	1.27996	1.70970
2001	 4	26	24	1.68486	1.36699	1.57262
2001	 4	27	24	1.45433	1.28958	1.39615
2001	 4	28	24	1.28238	1.21373	1.25814
2001	 4	29	24	1.15192	1.14646	1.14999
2001	 4	30	24	1.04713	1.08629	1.06096
2001	 5	 1	24	0.96323	1.03279	0.98780
2001	 5	 2	24	0.89817	0.98492	0.92880
2001	 5	 3	24	1.09397	0.94180	1.04024
2001	 5	 4	24	5.05492	2.00511	3.97800
2001	 5	 5	24	4.98452	2.86187	4.23499
2001	 5	 6	24	4.00544	2.85789	3.60023
2001	 5	 7	24	3.26203	2.63078	3.03913
2001	 5	 8	24	2.70524	2.40725	2.60002
2001	 5	 9	24	2.27730	2.23429	2.26211
2001	 5	10	24	1.92488	2.04180	1.96616
2001	 5	11	24	1.62277	1.86697	1.70900
2001	 5	12	24	1.40470	1.71611	1.51466
2001	 5	13	24	1.24576	1.59260	1.36823
2001	 5	14	24	1.12680	1.48939	1.25483
2001	 5	15	24	1.94006	1.40201	1.75007
2001	 5	16	24	1.66831	1.45882	1.59434
2001	 5	17	24	1.50370	1.38518	1.46185
2001	 5	18	24	1.31450	1.32718	1.31898
2001	 5	19	24	1.17462	1.26212	1.20552
2001	 5	20	24	1.06948	1.20142	1.11607
2001	 5	21	24	0.98899	1.14453	1.04391
2001	 5	22	24	0.92623	1.09068	0.98430
2001	 5	23	24	0.87647	1.04009	0.93425
2001	 5	24	24	0.83642	0.99364	0.89193
2001	 5	25	24	0.80371	0.95127	0.85581
2001	 5	26	24	0.77659	0.91249	0.82458
2001	 5	27	24	0.75379	0.87671	0.79719
2001	 5	28	24	0.91064	0.85321	0.89036
2001	 5	29	24	0.90854	1.01263	0.94529
2001	 5	30	24	0.85862	1.01056	0.91227
2001	 5	31	24	0.88567	1.05392	0.94508
2001	 6	 1	24	0.84280	1.12420	0.94216
2001	 6	 2	24	0.80461	1.10138	0.90941
2001	 6	 3	24	0.87844	1.26869	1.01624
2001	 6	 4	24	1.55473	2.21868	1.78918
2001	 6	 5	24	1.40067	2.34363	1.73364
2001	 6	 6	24	1.21620	2.05994	1.51414
2001	 6	 7	24	1.08134	1.82581	1.34422
2001	 6	 8	24	0.98168	1.64107	1.21452
2001	 6	 9	24	0.90534	1.49962	1.11518
2001	 6	10	24	0.87883	1.38645	1.05808
2001	 6	11	24	0.83575	1.32712	1.00926
2001	 6	12	24	0.79335	1.24507	0.95286
2001	 6	13	24	0.75724	1.17156	0.90354
2001	 6	14	24	0.72749	1.10724	0.86158
2001	 6	15	24	0.70260	1.04948	0.82509
2001	 6	16	24	0.68194	0.99681	0.79312
2001	 6	17	24	0.66509	0.95116	0.76611
2001	 6	18	24	0.65828	0.90868	0.74670
2001	 6	19	24	0.65243	0.89126	0.73676
2001	 6	20	24	0.63816	0.85504	0.71475
2001	 6	21	24	0.85467	0.82237	0.84327
2001	 6	22	24	0.87681	0.91800	0.89136
2001	 6	23	24	0.81500	0.99175	0.87741
2001	 6	24	24	0.76223	0.95832	0.83147
2001	 6	25	24	0.72014	0.92269	0.79166
2001	 6	26	24	0.68622	0.88631	0.75687
2001	 6	27	24	0.65838	0.85020	0.72611
2001	 6	28	24	0.63502	0.81683	0.69922
2001	 6	29	24	0.61727	0.78682	0.67714
2001	 6	30	24	0.60005	0.75848	0.65599
2001	 7	 1	24	0.58850	0.77622	0.65478
2001	 7	 2	24	0.57511	0.75268	0.63781
2001	 7	 3	24	0.56299	0.72748	0.62107
2001	 7	 4	24	0.55194	0.70385	0.60558
2001	 7	 5	24	0.54189	0.68181	0.59130
2001	 7	 6	24	0.53247	0.66117	0.57791
2001	 7	 7	24	1.87812	0.92984	1.54327
2001	 7	 8	24	1.70245	1.19287	1.52251
2001	 7	 9	24	1.41666	1.15935	1.32580
2001	 7	10	24	1.19449	1.08404	1.15549
2001	 7	11	24	1.03448	1.01286	1.02684
2001	 7	12	24	0.91662	0.95286	0.92942
2001	 7	13	24	0.82795	0.90197	0.85409
2001	 7	14	24	0.75991	0.85827	0.79464
2001	 7	15	24	1.42011	1.00996	1.27528
2001	 7	16	24	1.87319	1.22840	1.64551
2001	 7	17	24	1.79064	1.27918	1.61004
2001	 7	18	24	1.45876	1.19383	1.36521
2001	 7	19	24	1.22550	1.09481	1.17935
2001	 7	20	24	2.01151	1.87565	1.96354
2001	 7	21	24	1.66199	1.97910	1.77397
2001	 7	22	24	1.37168	1.72192	1.49536
2001	 7	23	24	1.16796	1.53030	1.29590
2001	 7	24	24	1.02015	1.37529	1.14556
2001	 7	25	24	0.90862	1.25373	1.03048
2001	 7	26	24	0.82333	1.15851	0.94169
2001	 7	27	24	0.75725	1.07958	0.87107
2001	 7	28	24	0.70494	1.01394	0.81405
2001	 7	29	24	0.66276	0.95876	0.76728
2001	 7	30	24	0.62887	0.91101	0.72850
2001	 7	31	24	0.60073	0.86781	0.69504
2001	 8	 1	24	0.57862	0.83032	0.66750
2001	 8	 2	24	0.55901	0.79487	0.64230
2001	 8	 3	24	0.54226	0.76309	0.62024
2001	 8	 4	24	0.52794	0.73434	0.60082
2001	 8	 5	24	0.51709	0.70779	0.58443
2001	 8	 6	24	0.50591	0.68329	0.56854
2001	 8	 7	24	0.49592	0.66086	0.55416
2001	 8	 8	24	0.48674	0.64009	0.54089
2001	 8	 9	24	0.47839	0.62088	0.52870
2001	 8	10	24	0.47104	0.60317	0.51770
2001	 8	11	24	0.46369	0.58639	0.50702
2001	 8	12	24	0.45677	0.57067	0.49699
2001	 8	13	24	0.45020	0.55585	0.48750
2001	 8	14	24	0.44410	0.54199	0.47867
2001	 8	15	24	0.43807	0.52876	0.47009
2001	 8	16	24	0.43225	0.51621	0.46190
2001	 8	17	24	0.42883	0.50454	0.45556
2001	 8	18	24	0.43957	0.55310	0.47966
2001	 8	19	24	1.61980	0.55480	1.24374
2001	 8	20	24	2.85964	0.93343	2.17947
2001	 8	21	24	2.14075	1.15007	1.79093
2001	 8	22	24	1.65852	1.10951	1.46466
2001	 8	23	24	1.33588	1.02155	1.22489
2001	 8	24	24	1.11561	0.95645	1.05941
2001	 8	25	24	0.95879	0.89802	0.93733
2001	 8	26	24	1.02091	1.46796	1.17877
2001	 8	27	24	0.94301	1.57033	1.16452
2001	 8	28	24	0.83319	1.38445	1.02785
2001	 8	29	24	0.74924	1.23518	0.92083
2001	 8	30	24	0.68514	1.12020	0.83876
2001	 8	31	24	0.74102	1.05470	0.85179
2001	 9	 1	24	3.22104	2.52015	2.97355
2001	 9	 2	24	2.39368	2.44475	2.41171
2001	 9	 3	24	1.88763	2.14581	1.97880
2001	 9	 4	24	1.51424	1.86694	1.63878
2001	 9	 5	24	1.25599	1.67072	1.40244
2001	 9	 6	24	1.07088	1.50999	1.22593
2001	 9	 7	24	1.97604	2.03533	1.99697
2001	 9	 8	24	2.11183	2.65104	2.30223
2001	 9	 9	24	3.35435	3.53084	3.41668
2001	 9	10	24	4.60648	5.20892	4.81921
2001	 9	11	24	3.22939	4.85592	3.80374
2001	 9	12	24	2.99033	4.54386	3.53890
2001	 9	13	24	3.06848	4.71642	3.65038
2001	 9	14	24	2.38083	4.48439	3.12362
2001	 9	15	24	1.90711	3.97619	2.63772
2001	 9	16	24	1.58152	3.46808	2.24769
2001	 9	17	24	1.34740	3.06902	1.95532
2001	 9	18	24	1.36596	2.76171	1.85881
2001	 9	19	24	1.35402	2.87804	1.89216
2001	 9	20	24	1.31121	2.99146	1.90452
2001	 9	21	24	1.24337	2.83076	1.80390
2001	 9	22	24	1.09930	2.56807	1.61794
2001	 9	23	24	1.03423	2.34929	1.49859
2001	 9	24	24	0.99069	2.30532	1.45490
2001	 9	25	24	1.01961	2.22534	1.44537
2001	 9	26	24	0.94346	2.06397	1.33912
2001	 9	27	24	0.90130	1.91784	1.26025
2001	 9	28	24	0.83992	1.79153	1.17594
2001	 9	29	24	0.78363	1.67471	1.09828
2001	 9	30	24	0.80596	1.57127	1.07620
2001	10	 1	24	1.54577	1.55459	1.54889
2001	10	 2	24	1.37182	1.71186	1.49189
2001	10	 3	24	2.24695	1.89553	2.12286
2001	10	 4	24	2.07182	2.19940	2.11687
2001	10	 5	24	1.71045	2.03037	1.82341
2001	10	 6	24	1.44245	1.86095	1.59023
2001	10	 7	24	1.24130	1.71415	1.40827
2001	10	 8	24	1.08775	1.58962	1.26497
2001	10	 9	24	0.97112	1.48241	1.15167
2001	10	10	24	0.87951	1.38778	1.05899
2001	10	11	24	0.80756	1.30524	0.98330
2001	10	12	24	0.75077	1.23261	0.92092
2001	10	13	24	0.70529	1.16770	0.86857
2001	10	14	24	0.66831	1.10850	0.82375
2001	10	15	24	0.63797	1.05485	0.78517
2001	10	16	24	0.61277	1.00623	0.75171
2001	10	17	24	0.59159	0.96216	0.72244
2001	10	18	24	0.57354	0.92200	0.69658
2001	10	19	24	0.55798	0.88524	0.67354
2001	10	20	24	0.54441	0.85156	0.65287
2001	10	21	24	0.53239	0.82050	0.63412
2001	10	22	24	0.53210	0.84737	0.64343
2001	10	23	24	0.53298	0.90013	0.66263
2001	10	24	24	0.52794	0.87568	0.65073
2001	10	25	24	0.52403	0.87215	0.64696
2001	10	26	24	0.51482	0.84343	0.63086
2001	10	27	24	0.50993	0.81430	0.61741
2001	10	28	24	0.57669	0.78812	0.65135
2001	10	29	24	0.57081	0.79025	0.64830
2001	10	30	24	0.54976	0.76440	0.62555
2001	10	31	24	0.53444	0.73966	0.60691
2001	11	 1	24	0.60592	0.71727	0.64524
2001	11	 2	24	0.62303	0.75346	0.66909
2001	11	 3	24	0.58966	0.74028	0.64285
2001	11	 4	24	0.55991	0.71902	0.61610
2001	11	 5	24	0.53505	0.69709	0.59227
2001	11	 6	24	0.53438	0.67903	0.58546
2001	11	 7	24	1.22205	0.72978	1.04822
2001	11	 8	24	4.19278	1.62464	3.28594
2001	11	 9	24	3.08169	1.85609	2.64892
2001	11	10	24	2.38152	1.75623	2.16072
2001	11	11	24	1.89893	1.60301	1.79443
2001	11	12	24	1.96117	1.60627	1.83585
2001	11	13	24	1.63999	1.50521	1.59240
2001	11	14	24	1.37621	1.38831	1.38048
2001	11	15	24	1.20709	1.29107	1.23674
2001	11	16	24	1.05108	1.21069	1.10744
2001	11	17	24	0.92997	1.13903	1.00379
2001	11	18	24	0.84828	1.07580	0.92862
2001	11	19	24	1.22263	1.07292	1.16977
2001	11	20	24	1.10118	1.13355	1.11261
2001	11	21	24	0.99613	1.10315	1.03392
2001	11	22	24	3.39866	1.97623	2.89639
2001	11	23	24	2.69346	2.12721	2.49351
2001	11	24	24	2.15890	1.89858	2.06698
2001	11	25	24	1.87016	1.69533	1.80842
2001	11	26	24	2.66515	2.13229	2.47699
2001	11	27	24	2.57120	2.31527	2.48083
2001	11	28	24	2.70986	2.11170	2.49864
2001	11	29	24	3.40900	2.07474	2.93786
2001	11	30	24	2.74000	1.94643	2.45978
2001	12	 1	24	2.21821	1.75299	2.05394
2001	12	 2	24	1.84090	1.59277	1.75328
2001	12	 3	24	1.55627	1.47545	1.52773
2001	12	 4	24	1.43399	1.36974	1.41130
2001	12	 5	24	5.13284	2.66804	4.26249
2001	12	 6	24	6.83421	4.45385	5.99367
2001	12	 7	24	5.34129	4.38580	5.00389
2001	12	 8	24	4.23809	3.86448	4.10616
2001	12	 9	24	3.42070	3.45122	3.43148
2001	12	10	24	2.99988	3.06515	3.02293
2001	12	11	24	2.89847	2.73322	2.84012
2001	12	12	24	3.16244	2.44741	2.90996
2001	12	13	24	2.63537	2.20631	2.48386
2001	12	14	24	2.20894	2.00573	2.13718
2001	12	15	24	1.87507	1.83755	1.86183
2001	12	16	24	1.61334	1.69069	1.64065
2001	12	17	24	1.40766	1.56583	1.46352
2001	12	18	24	1.24471	1.45914	1.32043
2001	12	19	24	1.71295	1.36621	1.59051
2001	12	20	24	1.50117	1.28230	1.42388
2001	12	21	24	1.39888	1.20629	1.33087
2001	12	22	24	1.41620	1.13857	1.31816
2001	12	23	24	1.25019	1.07844	1.18955
2001	12	24	24	1.14732	1.02481	1.10406
2001	12	25	24	1.81897	0.97669	1.52155
2001	12	26	24	1.90589	0.93329	1.56245
2001	12	27	24	2.18172	0.89403	1.72703
2001	12	28	24	3.40522	0.85834	2.50589
2001	12	29	24	3.48052	0.82571	2.54308
2001	12	30	24	3.02612	0.79574	2.23855
2001	12	31	24	2.51862	0.76807	1.90048
2002	 1	 1	24	2.11902	0.74243	1.63293
2002	 1	 2	24	1.85882	0.71858	1.45619
2002	 1	 3	24	1.61878	0.69630	1.29304
2002	 1	 4	24	1.52146	0.67545	1.22273
2002	 1	 5	24	1.60549	0.65591	1.27018
2002	 1	 6	24	1.93429	0.63753	1.47639
2002	 1	 7	24	1.92106	0.62018	1.46170
2002	 1	 8	24	1.79499	0.60367	1.37432
2002	 1	 9	24	2.06229	0.58794	1.54168
2002	 1	10	24	2.28408	0.58068	1.68259
2002	 1	11	24	2.44936	0.59818	1.79569
2002	 1	12	24	2.73502	0.59532	1.97947
2002	 1	13	24	2.61668	0.58238	1.89834
2002	 1	14	24	2.71780	0.56801	1.95869
2002	 1	15	24	2.31944	0.55560	1.69661
2002	 1	16	24	2.02478	0.54217	1.50125
2002	 1	17	24	1.86554	0.52929	1.39369
2002	 1	18	24	1.77795	0.51700	1.33269
2002	 1	19	24	2.41912	0.50525	1.74331
2002	 1	20	24	3.98828	0.49420	2.75448
2002	 1	21	24	5.19086	0.53363	3.54634
2002	 1	22	24	5.81225	0.78985	4.03878
2002	 1	23	24	6.14511	1.01675	4.33423
2002	 1	24	24	6.84728	1.62323	5.00261
2002	 1	25	24	6.60974	1.91984	4.95369
2002	 1	26	24	7.13368	2.35299	5.44557
2002	 1	27	24	7.78590	3.93383	6.42569
2002	 1	28	24	7.90672	4.72384	6.78281
2002	 1	29	24	7.81142	5.21136	6.89332
2002	 1	30	24	7.52986	5.65618	6.86824
2002	 1	31	24	6.92857	6.15573	6.65567
2002	 2	 1	24	6.23828	6.74520	6.41728
2002	 2	 2	24	5.64727	7.27698	6.22274
2002	 2	 3	24	5.06398	8.16143	6.15772
2002	 2	 4	24	4.51879	8.83567	6.04313
2002	 2	 5	24	4.06622	9.25284	5.89768
2002	 2	 6	24	3.66085	9.92412	5.87248
2002	 2	 7	24	3.24812	9.78305	5.55567
2002	 2	 8	24	2.90727	8.72785	4.96258
2002	 2	 9	24	3.42891	9.01815	5.40253
2002	 2	10	24	3.57521	10.60196	6.05643
2002	 2	11	24	3.41545	9.95524	5.72472
2002	 2	12	24	6.13807	10.70720	7.75148
2002	 2	13	24	5.57872	14.74911	8.81688
2002	 2	14	24	4.68988	11.29890	7.02360
2002	 2	15	24	3.95570	8.72705	5.64052
2002	 2	16	24	3.36164	7.05893	4.66719
2002	 2	17	24	2.86624	5.83861	3.91582
2002	 2	18	24	2.46914	4.89023	3.32405
2002	 2	19	24	2.32306	4.16801	2.97453
2002	 2	20	24	3.55339	3.63008	3.58047
2002	 2	21	24	3.16669	3.70484	3.35671
2002	 2	22	24	3.59258	3.26096	3.47548
2002	 2	23	24	4.53425	2.89961	3.95704
2002	 2	24	24	4.51023	2.75026	3.88877
2002	 2	25	24	5.06374	2.47547	4.14980
2002	 2	26	24	6.47630	2.26161	4.98805
2002	 2	27	24	7.42519	2.58601	5.71642
2002	 2	28	24	7.48001	3.02694	5.90758
2002	 3	 1	24	7.03255	3.11443	5.64902
2002	 3	 2	24	5.91110	3.01810	4.88955
2002	 3	 3	24	4.97855	2.70892	4.17712
2002	 3	 4	24	4.33051	2.44747	3.66559
2002	 3	 5	24	3.97099	2.40620	3.41844
2002	 3	 6	24	3.74523	2.93539	3.45927
2002	 3	 7	24	3.50309	4.18396	3.74352
2002	 3	 8	24	3.10498	5.01383	3.77902
2002	 3	 9	24	2.72721	5.29604	3.63429
2002	 3	10	24	2.41199	5.22233	3.40435
2002	 3	11	24	2.14797	4.65157	3.03202
2002	 3	12	24	1.92839	4.01592	2.66552
2002	 3	13	24	1.75374	3.45768	2.35542
2002	 3	14	24	1.61714	3.00311	2.10654
2002	 3	15	24	1.50936	2.63931	1.90836
2002	 3	16	24	1.41977	2.34435	1.74625
2002	 3	17	24	1.34539	2.10579	1.61389
2002	 3	18	24	1.28247	1.91056	1.50425
2002	 3	19	24	1.23147	1.74870	1.41411
2002	 3	20	24	1.20433	1.64987	1.36165
2002	 3	21	24	1.22043	1.80947	1.42842
2002	 3	22	24	1.39507	1.77036	1.52759
2002	 3	23	24	1.91047	1.89030	1.90335
2002	 3	24	24	2.05033	1.76488	1.94953
2002	 3	25	24	1.87698	1.64146	1.79381
2002	 3	26	24	1.70882	1.52787	1.64492
2002	 3	27	24	1.70990	1.42873	1.61062
2002	 3	28	24	2.17450	1.34161	1.88040
2002	 3	29	24	2.44528	1.55763	2.13184
2002	 3	30	24	2.34330	2.87777	2.53202
2002	 3	31	24	2.03868	3.37020	2.50885
2002	 4	 1	24	1.78373	3.11386	2.25342
2002	 4	 2	24	1.58270	2.78019	2.00555
2002	 4	 3	24	1.42847	2.46015	1.79277
2002	 4	 4	24	1.31073	2.20208	1.62548
2002	 4	 5	24	1.21826	1.99915	1.49400
2002	 4	 6	24	1.14386	1.83110	1.38654
2002	 4	 7	24	1.08266	1.68421	1.29507
2002	 4	 8	24	1.03095	1.55483	1.21594
2002	 4	 9	24	0.98661	1.44189	1.14737
2002	 4	10	24	0.94817	1.34507	1.08832
2002	 4	11	24	0.91458	1.26138	1.03704
2002	 4	12	24	0.88496	1.18847	0.99213
2002	 4	13	24	0.85844	1.12455	0.95240
2002	 4	14	24	1.27639	1.06929	1.20326
2002	 4	15	24	1.80504	1.48270	1.69122
2002	 4	16	24	1.60241	1.58785	1.59727
2002	 4	17	24	1.41685	1.54048	1.46051
2002	 4	18	24	1.27407	1.46424	1.34122
2002	 4	19	24	1.16471	1.38294	1.24177
2002	 4	20	24	1.07884	1.31290	1.16149
2002	 4	21	24	1.00709	1.24846	1.09232
2002	 4	22	24	0.94853	1.18667	1.03262
2002	 4	23	24	0.90000	1.12885	0.98081
2002	 4	24	24	0.85938	1.07316	0.93487
2002	 4	25	24	0.82484	1.02256	0.89465
2002	 4	26	24	0.79785	0.97683	0.86105
2002	 4	27	24	0.78857	0.98359	0.85743
2002	 4	28	24	0.76549	0.94390	0.82849
2002	 4	29	24	0.74367	0.90577	0.80091
2002	 4	30	24	0.72399	0.87105	0.77592
2002	 5	 1	24	0.70575	0.83865	0.75268
2002	 5	 2	24	0.68888	0.80875	0.73121
2002	 5	 3	24	0.67330	0.78120	0.71140
2002	 5	 4	24	0.65824	0.75531	0.69252
2002	 5	 5	24	0.94797	0.73124	0.87144
2002	 5	 6	24	1.14998	0.89309	1.05927
2002	 5	 7	24	1.04347	0.97570	1.01954
2002	 5	 8	24	0.94721	0.95692	0.95064
2002	 5	 9	24	0.87323	0.92724	0.89230
2002	 5	10	24	0.81428	0.89413	0.84248
2002	 5	11	24	0.76656	0.86332	0.80073
2002	 5	12	24	0.73179	0.83584	0.76853
2002	 5	13	24	0.70225	0.81013	0.74034
2002	 5	14	24	0.67377	0.78439	0.71283
2002	 5	15	24	0.64915	0.75759	0.68744
2002	 5	16	24	0.62801	0.73219	0.66480
2002	 5	17	24	0.60930	0.70858	0.64435
2002	 5	18	24	0.59268	0.68662	0.62585
2002	 5	19	24	0.57774	0.66612	0.60894
2002	 5	20	24	0.56622	0.64768	0.59498
2002	 5	21	24	0.55367	0.62954	0.58046
2002	 5	22	24	0.54205	0.61246	0.56691
2002	 5	23	24	0.53185	0.59633	0.55462
2002	 5	24	24	0.53207	0.59493	0.55426
2002	 5	25	24	0.59600	0.57995	0.59033
2002	 5	26	24	0.59725	0.63146	0.60933
2002	 5	27	24	0.58572	0.62767	0.60054
2002	 5	28	24	0.56825	0.61754	0.58566
2002	 5	29	24	0.55103	0.60467	0.56997
2002	 5	30	24	0.53519	0.59034	0.55467
2002	 5	31	24	0.52107	0.57556	0.54031
2002	 6	 1	24	0.50849	0.56139	0.52717
2002	 6	 2	24	0.49720	0.54789	0.51510
2002	 6	 3	24	0.48694	0.53500	0.50391
2002	 6	 4	24	0.47753	0.52267	0.49347
2002	 6	 5	24	0.46881	0.51085	0.48365
2002	 6	 6	24	0.46236	0.50042	0.47580
2002	 6	 7	24	3.27902	1.19364	2.54265
2002	 6	 8	24	4.29159	2.44132	3.63824
2002	 6	 9	24	2.75778	2.10116	2.52592
2002	 6	10	24	2.03322	1.80207	1.95160
2002	 6	11	24	1.59794	1.62247	1.60661
2002	 6	12	24	1.31228	1.44643	1.35965
2002	 6	13	24	1.33649	1.46814	1.38297
2002	 6	14	24	1.14468	1.39677	1.23369
2002	 6	15	24	1.08293	1.30950	1.16293
2002	 6	16	24	0.95443	1.23378	1.05307
2002	 6	17	24	0.85517	1.16022	0.96289
2002	 6	18	24	0.78041	1.09801	0.89256
2002	 6	19	24	0.72335	1.04497	0.83692
2002	 6	20	24	0.89239	0.99719	0.92940
2002	 6	21	24	0.96788	0.96426	0.96660
2002	 6	22	24	0.86235	0.92962	0.88611
2002	 6	23	24	0.78130	0.89382	0.82103
2002	 6	24	24	0.72062	0.86239	0.77068
2002	 6	25	24	0.67371	0.83347	0.73012
2002	 6	26	24	0.63707	0.80724	0.69716
2002	 6	27	24	0.60801	0.78327	0.66990
2002	 6	28	24	0.58457	0.76105	0.64688
2002	 6	29	24	0.56534	0.74040	0.62716
2002	 6	30	24	0.54923	0.72074	0.60979
2002	 7	 1	24	0.53507	0.70192	0.59399
2002	 7	 2	24	0.53583	0.68399	0.58815
2002	 7	 3	24	0.54589	0.71988	0.60733
2002	 7	 4	24	0.53274	0.72347	0.60009
2002	 7	 5	24	0.51898	0.70562	0.58488
2002	 7	 6	24	0.57486	0.68967	0.61540
2002	 7	 7	24	0.55547	0.68402	0.60087
2002	 7	 8	24	0.53390	0.66604	0.58056
2002	 7	 9	24	0.51586	0.64888	0.56283
2002	 7	10	24	0.55562	0.63235	0.58271
2002	 7	11	24	0.53542	0.61755	0.56442
2002	 7	12	24	0.51430	0.60201	0.54527
2002	 7	13	24	0.96322	0.63855	0.84857
2002	 7	14	24	0.86216	0.74183	0.81967
2002	 7	15	24	0.76124	0.72696	0.74914
2002	 7	16	24	1.95365	1.09633	1.65092
2002	 7	17	24	1.58026	1.19379	1.44379
2002	 7	18	24	1.28321	1.08590	1.21354
2002	 7	19	24	1.07544	0.99378	1.04660
2002	 7	20	24	0.92715	0.92085	0.92493
2002	 7	21	24	0.81807	0.86276	0.83385
2002	 7	22	24	0.73629	0.81488	0.76404
2002	 7	23	24	0.67346	0.77443	0.70911
2002	 7	24	24	0.62404	0.73935	0.66476
2002	 7	25	24	0.58474	0.70885	0.62857
2002	 7	26	24	0.55316	0.68185	0.59860
2002	 7	27	24	0.52749	0.65769	0.57347
2002	 7	28	24	0.50594	0.63512	0.55156
2002	 7	29	24	0.48788	0.61471	0.53267
2002	 7	30	24	0.47260	0.59602	0.51618
2002	 7	31	24	0.45951	0.57872	0.50160
2002	 8	 1	24	3.47790	0.56321	2.44869
2002	 8	 2	24	2.34990	0.55871	1.71741
2002	 8	 3	24	1.76052	0.54523	1.33139
2002	 8	 4	24	2.01738	0.59506	1.51514
2002	 8	 5	24	1.59950	0.74362	1.29728
2002	 8	 6	24	1.29615	0.73092	1.09656
2002	 8	 7	24	2.16009	1.18574	1.81603
2002	 8	 8	24	2.43075	1.35705	2.05161
2002	 8	 9	24	1.86326	1.21777	1.63533
2002	 8	10	24	1.47896	1.08016	1.33814
2002	 8	11	24	4.42036	4.04805	4.28890
2002	 8	12	24	8.38942	9.30778	8.71370
2002	 8	13	24	6.82542	9.61167	7.80928
2002	 8	14	24	4.33709	8.42086	5.77911
2002	 8	15	24	3.24490	9.56486	5.47655
2002	 8	16	24	2.56679	12.31484	6.00893
2002	 8	17	24	3.05730	12.43880	6.37001
2002	 8	18	24	2.48102	12.93198	6.17137
2002	 8	19	24	2.07300	9.45280	4.67889
2002	 8	20	24	1.75415	7.22978	3.68766
2002	 8	21	24	1.51933	5.85050	3.04871
2002	 8	22	24	1.35251	4.90786	2.60794
2002	 8	23	24	1.22161	4.21773	2.27958
2002	 8	24	24	1.12646	3.69290	2.03270
2002	 8	25	24	1.05678	3.28120	1.84225
2002	 8	26	24	1.00566	2.95038	1.69236
2002	 8	27	24	0.96832	2.67933	1.57250
2002	 8	28	24	0.94120	2.45365	1.47526
2002	 8	29	24	0.92152	2.26313	1.39526
2002	 8	30	24	0.90647	2.08403	1.32228
2002	 8	31	24	0.90808	1.93051	1.26911
2002	 9	 1	24	0.89635	1.88646	1.24597
2002	 9	 2	24	0.88240	1.75970	1.19219
2002	 9	 3	24	0.87116	1.63643	1.14138
2002	 9	 4	24	0.86228	1.52428	1.09604
2002	 9	 5	24	1.47482	1.42596	1.45757
2002	 9	 6	24	1.37749	1.72987	1.50192
2002	 9	 7	24	1.24548	1.70092	1.40630
2002	 9	 8	24	1.14552	1.61342	1.31074
2002	 9	 9	24	1.06840	1.52323	1.22900
2002	 9	10	24	1.19719	1.43166	1.27998
2002	 9	11	24	1.11684	1.37450	1.20782
2002	 9	12	24	1.04358	1.29337	1.13179
2002	 9	13	24	0.98713	1.21842	1.06880
2002	 9	14	24	1.06085	1.15096	1.09267
2002	 9	15	24	1.36965	1.23824	1.32325
2002	 9	16	24	1.24974	1.22119	1.23966
2002	 9	17	24	1.14123	1.16645	1.15014
2002	 9	18	24	1.05977	1.10755	1.07664
2002	 9	19	24	0.99689	1.05127	1.01609
2002	 9	20	24	0.94767	0.99905	0.96581
2002	 9	21	24	0.90850	0.95144	0.92366
2002	 9	22	24	1.08034	0.90756	1.01933
2002	 9	23	24	1.20649	1.06559	1.15673
2002	 9	24	24	1.10999	1.07153	1.09641
2002	 9	25	24	1.03150	1.04545	1.03643
2002	 9	26	24	3.44674	1.01807	2.58915
2002	 9	27	24	2.76947	1.35159	2.26880
2002	 9	28	24	2.23224	1.42981	1.94889
2002	 9	29	24	1.86471	1.43510	1.71301
2002	 9	30	24	1.60263	1.39251	1.52843
2002	10	 1	24	1.41052	1.33249	1.38297
2002	10	 2	24	1.26601	1.27556	1.26938
2002	10	 3	24	1.15548	1.22307	1.17935
2002	10	 4	24	1.07452	1.18816	1.11465
2002	10	 5	24	1.18565	1.15401	1.17448
2002	10	 6	24	2.69077	1.53583	2.28295
2002	10	 7	24	2.53657	1.90323	2.31293
2002	10	 8	24	2.11401	1.89098	2.03525
2002	10	 9	24	1.78657	1.77107	1.78110
2002	10	10	24	1.55027	1.64590	1.58404
2002	10	11	24	1.37584	1.54022	1.43388
2002	10	12	24	1.24300	1.44986	1.31604
2002	10	13	24	1.14057	1.36806	1.22090
2002	10	14	24	1.06040	1.29245	1.14234
2002	10	15	24	1.04805	1.22431	1.11029
2002	10	16	24	1.59783	1.44504	1.54388
2002	10	17	24	1.43899	1.53994	1.47464
2002	10	18	24	1.28220	1.44826	1.34084
2002	10	19	24	1.43385	1.42761	1.43165
2002	10	20	24	1.29537	1.49342	1.36530
2002	10	21	24	1.48743	1.46862	1.48079
2002	10	22	24	1.84395	1.65438	1.77701
2002	10	23	24	1.60018	1.74111	1.64995
2002	10	24	24	1.40134	1.60789	1.47428
2002	10	25	24	2.53446	2.21867	2.42295
2002	10	26	24	2.13634	2.67208	2.32552
2002	10	27	24	2.44334	3.09136	2.67216
2002	10	28	24	2.65804	3.73845	3.03954
2002	10	29	24	2.18343	3.61277	2.68815
2002	10	30	24	1.83563	3.16208	2.30402
2002	10	31	24	1.58455	2.78829	2.00960
2002	11	 1	24	1.42384	2.49505	1.80209
2002	11	 2	24	1.71649	2.32995	1.93311
2002	11	 3	24	2.32890	2.49304	2.38686
2002	11	 4	24	2.16388	2.27656	2.20367
2002	11	 5	24	1.84026	2.08519	1.92675
2002	11	 6	24	1.59918	1.90907	1.70861
2002	11	 7	24	1.43684	1.75673	1.54979
2002	11	 8	24	3.50346	1.62565	2.84039
2002	11	 9	24	3.89786	1.53330	3.06291
2002	11	10	24	3.52496	1.62000	2.85230
2002	11	11	24	3.72034	1.76334	3.02930
2002	11	12	24	3.37158	2.38626	3.02365
2002	11	13	24	2.97251	2.95699	2.96703
2002	11	14	24	2.61428	3.25369	2.84006
2002	11	15	24	2.45292	3.89585	2.96244
2002	11	16	24	2.29573	5.12830	3.29594
2002	11	17	24	1.95811	5.94386	3.36552
2002	11	18	24	1.76497	6.53598	3.44967
2002	11	19	24	5.57607	7.89678	6.39554
2002	11	20	24	4.29018	9.96163	6.29283
2002	11	21	24	3.41541	8.23869	5.11856
2002	11	22	24	5.15182	7.29800	5.90966
2002	11	23	24	4.49527	8.85735	6.03557
2002	11	24	24	3.65577	7.73746	5.09706
2002	11	25	24	3.03106	6.30486	4.18707
2002	11	26	24	2.56242	5.27489	3.52022
2002	11	27	24	2.22571	4.46838	3.01762
2002	11	28	24	1.95595	4.12030	2.72020
2002	11	29	24	3.19637	3.64696	3.35548
2002	11	30	24	5.11720	5.01919	5.08259
2002	12	 1	24	4.24480	5.37192	4.64280
2002	12	 2	24	3.52094	4.65887	3.92276
2002	12	 3	24	2.96915	3.98349	3.32732
2002	12	 4	24	2.53698	3.43985	2.85579
2002	12	 5	24	2.19524	3.01286	2.48395
2002	12	 6	24	1.92548	2.67768	2.19109
2002	12	 7	24	1.70981	2.38777	1.94920
2002	12	 8	24	1.53654	2.14857	1.75265
2002	12	 9	24	1.39677	1.94984	1.59206
2002	12	10	24	1.28316	1.78255	1.45950
2002	12	11	24	1.18992	1.64068	1.34909
2002	12	12	24	1.11287	1.51917	1.25634
2002	12	13	24	1.04874	1.41386	1.17767
2002	12	14	24	0.99499	1.32215	1.11051
2002	12	15	24	0.94920	1.24170	1.05249
2002	12	16	24	0.91004	1.17064	1.00206
2002	12	17	24	0.87884	1.10742	0.95956
2002	12	18	24	0.85608	1.05078	0.92483
2002	12	19	24	0.83066	0.99979	0.89038
2002	12	20	24	0.83611	0.95360	0.87759
2002	12	21	24	0.85765	0.91149	0.87666
2002	12	22	24	1.06474	0.87298	0.99703
2002	12	23	24	1.02274	0.83759	0.95736
2002	12	24	24	0.95309	0.80489	0.90076
2002	12	25	24	0.96518	0.77468	0.89791
2002	12	26	24	1.04525	0.74671	0.93983
2002	12	27	24	1.22945	0.72065	1.04979
2002	12	28	24	1.57634	0.69633	1.26560
2002	12	29	24	3.55591	0.67357	2.53812
2002	12	30	24	6.19798	0.75036	4.27436
2002	12	31	24	5.05375	1.08423	3.65207
2003	 1	 1	24	4.25674	1.20752	3.18003
2003	 1	 2	24	7.30064	3.11970	5.82430
2003	 1	 3	24	7.55481	4.71309	6.55136
2003	 1	 4	24	6.19790	4.91984	5.74660
2003	 1	 5	24	5.06982	4.54045	4.88289
2003	 1	 6	24	4.18732	4.13081	4.16736
2003	 1	 7	24	3.49870	3.80392	3.60648
2003	 1	 8	24	2.95688	3.47197	3.13876
2003	 1	 9	24	2.54292	3.13740	2.75284
2003	 1	10	24	2.20419	2.84092	2.42902
2003	 1	11	24	1.93451	2.57153	2.15945
2003	 1	12	24	1.71819	2.33557	1.93620
2003	 1	13	24	1.80723	2.13381	1.92255
2003	 1	14	24	2.41299	1.96373	2.25435
2003	 1	15	24	2.78805	1.87924	2.46714
2003	 1	16	24	3.02013	1.76832	2.57810
2003	 1	17	24	3.11486	1.66687	2.60356
2003	 1	18	24	2.95196	1.59222	2.47182
2003	 1	19	24	2.69552	1.51531	2.27878
2003	 1	20	24	2.55678	1.44153	2.16297
2003	 1	21	24	2.26069	1.38196	1.95040
2003	 1	22	24	2.04270	1.31235	1.78480
2003	 1	23	24	3.32094	1.33077	2.61819
2003	 1	24	24	3.31918	1.42098	2.64891
2003	 1	25	24	3.03218	1.34536	2.43655
2003	 1	26	24	2.67140	1.26945	2.17636
2003	 1	27	24	4.00722	1.98182	3.29203
2003	 1	28	24	5.02940	3.44370	4.46947
2003	 1	29	24	4.82145	3.54489	4.37069
2003	 1	30	24	4.17224	3.21720	3.83500
2003	 1	31	24	3.49816	2.88562	3.28187
2003	 2	 1	24	2.95981	2.57417	2.82364
2003	 2	 2	24	2.55108	2.30215	2.46318
2003	 2	 3	24	2.57625	2.07454	2.39909
2003	 2	 4	24	2.58766	1.88535	2.33967
2003	 2	 5	24	2.66307	1.72337	2.33125
2003	 2	 6	24	2.30685	1.58235	2.05102
2003	 2	 7	24	2.11278	1.46087	1.88258
2003	 2	 8	24	1.86215	1.35587	1.68338
2003	 2	 9	24	1.65869	1.26498	1.51967
2003	 2	10	24	1.52656	1.18503	1.40596
2003	 2	11	24	1.50167	1.11556	1.36533
2003	 2	12	24	1.59187	1.05453	1.40213
2003	 2	13	24	1.64878	1.00066	1.41992
2003	 2	14	24	1.63570	0.95284	1.39457
2003	 2	15	24	1.47020	0.91006	1.27241
2003	 2	16	24	1.33063	0.87150	1.16851
2003	 2	17	24	1.21737	0.83644	1.08286
2003	 2	18	24	1.12482	0.80449	1.01171
2003	 2	19	24	1.04813	0.77524	0.95177
2003	 2	20	24	1.00661	0.74799	0.91529
2003	 2	21	24	1.23502	0.72489	1.05489
2003	 2	22	24	1.35390	0.72107	1.13044
2003	 2	23	24	1.36238	0.70427	1.13000
2003	 2	24	24	1.40537	0.69243	1.15362
2003	 2	25	24	1.46908	0.72936	1.20788
2003	 2	26	24	1.44838	0.82661	1.22883
2003	 2	27	24	1.48935	0.97567	1.30796
2003	 2	28	24	1.60285	1.66036	1.62316
2003	 3	 1	24	1.64025	2.57882	1.97167
2003	 3	 2	24	1.53863	2.96967	2.04395
2003	 3	 3	24	1.42376	3.08461	2.01022
2003	 3	 4	24	1.28567	2.91912	1.86246
2003	 3	 5	24	1.18321	2.71189	1.72300
2003	 3	 6	24	1.11510	2.45403	1.58789
2003	 3	 7	24	1.06487	2.19547	1.46410
2003	 3	 8	24	1.09135	2.26947	1.50736
2003	 3	 9	24	1.07319	2.67224	1.63783
2003	 3	10	24	1.05648	3.72366	1.99829
2003	 3	11	24	1.18274	4.98497	2.52535
2003	 3	12	24	1.72985	5.62319	3.10463
2003	 3	13	24	1.58224	5.71146	3.04031
2003	 3	14	24	1.38770	5.07454	2.68956
2003	 3	15	24	1.23015	4.48433	2.37924
2003	 3	16	24	1.10265	3.99934	2.12551
2003	 3	17	24	0.99937	3.60082	1.91797
2003	 3	18	24	0.91577	3.21862	1.72893
2003	 3	19	24	0.84787	2.91098	1.57638
2003	 3	20	24	0.79207	2.62829	1.44046
2003	 3	21	24	0.74666	2.36294	1.31738
2003	 3	22	24	0.70908	2.13881	1.21394
2003	 3	23	24	0.67810	1.94901	1.12687
2003	 3	24	24	0.65216	1.79205	1.05467
2003	 3	25	24	0.63010	1.65987	0.99372
2003	 3	26	24	0.61098	1.54659	0.94136
2003	 3	27	24	0.59421	1.44812	0.89573
2003	 3	28	24	0.57946	1.36231	0.85589
2003	 3	29	24	0.56603	1.28650	0.82044
2003	 3	30	24	0.55384	1.21934	0.78884
2003	 3	31	24	0.54266	1.15930	0.76040
2003	 4	 1	24	0.53231	1.10515	0.73459
2003	 4	 2	24	0.52346	1.05608	0.71153
2003	 4	 3	24	0.51804	1.01205	0.69248
2003	 4	 4	24	0.51168	0.97221	0.67430
2003	 4	 5	24	0.50332	0.93368	0.65528
2003	 4	 6	24	0.49556	0.90096	0.63871
2003	 4	 7	24	0.49231	0.86784	0.62491
2003	 4	 8	24	0.48513	0.83703	0.60939
2003	 4	 9	24	0.47874	0.80836	0.59514
2003	 4	10	24	0.47212	0.78163	0.58141
2003	 4	11	24	0.46775	0.77214	0.57523
2003	 4	12	24	0.46160	0.74912	0.56313
2003	 4	13	24	0.45523	0.75027	0.55941
2003	 4	14	24	0.44897	0.72738	0.54728
2003	 4	15	24	0.44289	0.70562	0.53566
2003	 4	16	24	0.43699	0.68495	0.52455
2003	 4	17	24	0.43125	0.66528	0.51389
2003	 4	18	24	0.51963	0.64670	0.56450
2003	 4	19	24	2.11197	0.73657	1.62630
2003	 4	20	24	1.69358	0.93007	1.42398
2003	 4	21	24	1.36427	0.97982	1.22852
2003	 4	22	24	1.12767	0.98528	1.07739
2003	 4	23	24	0.96056	0.98377	0.96876
2003	 4	24	24	0.84057	0.96748	0.88538
2003	 4	25	24	0.75217	0.94495	0.82024
2003	 4	26	24	0.68850	0.91815	0.76959
2003	 4	27	24	0.63830	0.89377	0.72851
2003	 4	28	24	0.59810	0.86793	0.69338
2003	 4	29	24	0.56586	0.84337	0.66386
2003	 4	30	24	0.54008	0.82017	0.63899
2003	 5	 1	24	0.51886	0.79772	0.61733
2003	 5	 2	24	0.50105	0.77559	0.59799
2003	 5	 3	24	0.48595	0.75357	0.58045
2003	 5	 4	24	0.47305	0.73240	0.56463
2003	 5	 5	24	0.46181	0.71192	0.55013
2003	 5	 6	24	0.45181	0.69150	0.53645
2003	 5	 7	24	0.44290	0.67174	0.52370
2003	 5	 8	24	0.70740	0.65286	0.68814
2003	 5	 9	24	0.68747	0.70337	0.69308
2003	 5	10	24	0.62851	0.69846	0.65321
2003	 5	11	24	0.58156	0.68295	0.61736
2003	 5	12	24	0.54462	0.66495	0.58711
2003	 5	13	24	0.51724	0.64797	0.56340
2003	 5	14	24	0.49369	0.63026	0.54192
2003	 5	15	24	0.47296	0.61312	0.52246
2003	 5	16	24	0.45608	0.59775	0.50610
2003	 5	17	24	0.44169	0.58228	0.49134
2003	 5	18	24	0.47421	0.56783	0.50727
2003	 5	19	24	0.65529	0.63059	0.64657
2003	 5	20	24	0.61553	0.67881	0.63788
2003	 5	21	24	0.56531	0.66324	0.59989
2003	 5	22	24	0.52550	0.64456	0.56754
2003	 5	23	24	0.49355	0.62587	0.54028
2003	 5	24	24	0.46796	0.60797	0.51740
2003	 5	25	24	0.44724	0.59066	0.49788
2003	 5	26	24	0.53205	0.57835	0.54840
2003	 5	27	24	0.50519	0.58671	0.53398
2003	 5	28	24	0.47595	0.57179	0.50979
2003	 5	29	24	0.45194	0.55616	0.48874
2003	 5	30	24	0.43223	0.54145	0.47079
2003	 5	31	24	0.41613	0.52766	0.45551
2003	 6	 1	24	0.40291	0.51486	0.44244
2003	 6	 2	24	0.39164	0.50260	0.43082
2003	 6	 3	24	0.38204	0.49099	0.42051
2003	 6	 4	24	0.37375	0.47996	0.41125
2003	 6	 5	24	0.39475	0.46945	0.42113
2003	 6	 6	24	0.38864	0.45973	0.41374
2003	 6	 7	24	0.37899	0.45016	0.40412
2003	 6	 8	24	0.37001	0.44101	0.39508
2003	 6	 9	24	0.36216	0.43302	0.38718
2003	 6	10	24	0.35518	0.42456	0.37968
2003	 6	11	24	0.34900	0.41644	0.37281
2003	 6	12	24	0.43335	0.40952	0.42494
2003	 6	13	24	0.41961	0.45430	0.43186
2003	 6	14	24	0.39965	0.45498	0.41918
2003	 6	15	24	0.38301	0.44987	0.40662
2003	 6	16	24	0.36917	0.44367	0.39548
2003	 6	17	24	0.35767	0.43645	0.38549
2003	 6	18	24	0.34806	0.42879	0.37657
2003	 6	19	24	0.34158	0.42511	0.37108
2003	 6	20	24	0.33514	0.41720	0.36411
2003	 6	21	24	0.32900	0.40918	0.35731
2003	 6	22	24	0.32357	0.40149	0.35108
2003	 6	23	24	0.31896	0.40940	0.35090
2003	 6	24	24	0.31630	0.42527	0.35478
2003	 6	25	24	0.31227	0.41720	0.34933
2003	 6	26	24	0.30846	0.40834	0.34373
2003	 6	27	24	0.30489	0.39910	0.33816
2003	 6	28	24	0.30152	0.39052	0.33295
2003	 6	29	24	0.29833	0.38256	0.32807
2003	 6	30	24	0.45937	0.48482	0.46836
2003	 7	 1	24	0.95821	0.81658	0.90820
2003	 7	 2	24	0.81271	0.81065	0.81198
2003	 7	 3	24	0.68187	0.74368	0.70369
2003	 7	 4	24	0.61710	0.77712	0.67361
2003	 7	 5	24	0.54797	0.76080	0.62312
2003	 7	 6	24	0.49189	0.70502	0.56715
2003	 7	 7	24	0.44901	0.65888	0.52312
2003	 7	 8	24	0.41600	0.62310	0.48913
2003	 7	 9	24	0.39079	0.59430	0.46265
2003	 7	10	24	0.37117	0.57090	0.44169
2003	 7	11	24	0.35472	0.55062	0.42389
2003	 7	12	24	0.34131	0.53322	0.40908
2003	 7	13	24	0.33021	0.51779	0.39645
2003	 7	14	24	0.32093	0.50408	0.38560
2003	 7	15	24	0.31309	0.49165	0.37614
2003	 7	16	24	0.30638	0.48039	0.36783
2003	 7	17	24	0.32885	0.47048	0.37886
2003	 7	18	24	0.32359	0.47603	0.37742
2003	 7	19	24	0.31480	0.46770	0.36879
2003	 7	20	24	0.30707	0.45858	0.36057
2003	 7	21	24	0.30026	0.44986	0.35308
2003	 7	22	24	0.29450	0.44168	0.34647
2003	 7	23	24	0.29145	0.43357	0.34164
2003	 7	24	24	1.02121	0.73304	0.91945
2003	 7	25	24	0.87985	0.81850	0.85819
2003	 7	26	24	0.73376	0.76807	0.74587
2003	 7	27	24	1.32386	2.04652	1.57904
2003	 7	28	24	1.26492	1.83402	1.46588
2003	 7	29	24	1.01463	1.58233	1.21509
2003	 7	30	24	0.82983	1.39258	1.02854
2003	 7	31	24	0.69902	1.22644	0.88526
2003	 8	 1	24	0.60349	1.10728	0.78138
2003	 8	 2	24	0.53231	1.02242	0.70537
2003	 8	 3	24	0.47828	0.95794	0.64766
2003	 8	 4	24	0.43685	0.90417	0.60187
2003	 8	 5	24	0.40467	0.85964	0.56532
2003	 8	 6	24	0.37949	0.82125	0.53548
2003	 8	 7	24	0.35954	0.78811	0.51087
2003	 8	 8	24	0.34352	0.75803	0.48989
2003	 8	 9	24	0.33046	0.73164	0.47213
2003	 8	10	24	0.31969	0.70761	0.45667
2003	 8	11	24	0.31066	0.68597	0.44319
2003	 8	12	24	0.30301	0.66653	0.43138
2003	 8	13	24	0.29691	0.64889	0.42120
2003	 8	14	24	0.29345	0.64511	0.41762
2003	 8	15	24	0.28880	0.62967	0.40916
2003	 8	16	24	0.28439	0.61505	0.40115
2003	 8	17	24	0.28044	0.60116	0.39369
2003	 8	18	24	0.27686	0.58781	0.38666
2003	 8	19	24	0.27362	0.57502	0.38005
2003	 8	20	24	0.27099	0.56337	0.37423
2003	 8	21	24	0.26813	0.55116	0.36807
2003	 8	22	24	0.26543	0.53940	0.36217
2003	 8	23	24	0.26288	0.52805	0.35651
2003	 8	24	24	0.26049	0.51712	0.35111
2003	 8	25	24	0.25814	0.50639	0.34580
2003	 8	26	24	0.25588	0.49597	0.34066
2003	 8	27	24	0.25368	0.48591	0.33568
2003	 8	28	24	0.25155	0.47615	0.33086
2003	 8	29	24	0.24960	0.46675	0.32628
2003	 8	30	24	0.24821	0.45805	0.32231
2003	 8	31	24	0.24630	0.44917	0.31794
2003	 9	 1	24	0.24452	0.44068	0.31379
2003	 9	 2	24	0.24365	0.43360	0.31072
2003	 9	 3	24	0.24208	0.42571	0.30692
2003	 9	 4	24	0.24021	0.41783	0.30293
2003	 9	 5	24	0.23837	0.41020	0.29905
2003	 9	 6	24	0.23656	0.40278	0.29526
2003	 9	 7	24	0.23478	0.39557	0.29156
2003	 9	 8	24	0.23302	0.38854	0.28794
2003	 9	 9	24	0.23128	0.38175	0.28442
2003	 9	10	24	0.23245	0.37796	0.28383
2003	 9	11	24	0.24648	0.39487	0.29888
2003	 9	12	24	0.35593	0.39732	0.37055
2003	 9	13	24	0.45253	0.40427	0.43549
2003	 9	14	24	0.40646	0.40242	0.40503
2003	 9	15	24	0.36622	0.39690	0.37705
2003	 9	16	24	0.33597	0.39133	0.35552
2003	 9	17	24	0.31283	0.38564	0.33854
2003	 9	18	24	0.29491	0.37969	0.32485
2003	 9	19	24	0.28087	0.37343	0.31356
2003	 9	20	24	0.26963	0.36717	0.30407
2003	 9	21	24	0.26046	0.36108	0.29599
2003	 9	22	24	0.25298	0.35517	0.28907
2003	 9	23	24	0.24676	0.34946	0.28302
2003	 9	24	24	0.24164	0.34396	0.27777
2003	 9	25	24	0.23721	0.33860	0.27301
2003	 9	26	24	0.23339	0.33340	0.26870
2003	 9	27	24	0.23005	0.32836	0.26477
2003	 9	28	24	0.22710	0.32346	0.26113
2003	 9	29	24	0.22483	0.31904	0.25810
2003	 9	30	24	0.22251	0.31451	0.25500
2003	10	 1	24	0.22031	0.31002	0.25199
2003	10	 2	24	0.21827	0.30565	0.24913
2003	10	 3	24	0.21661	0.30162	0.24663
2003	10	 4	24	0.21500	0.29780	0.24424
2003	10	 5	24	0.21363	0.29430	0.24212
2003	10	 6	24	0.25115	0.30126	0.26885
2003	10	 7	24	0.73329	0.30218	0.58106
2003	10	 8	24	3.34716	1.52204	2.70269
2003	10	 9	24	2.54159	1.74226	2.25934
2003	10	10	24	1.87843	1.49401	1.74269
2003	10	11	24	1.45802	1.29031	1.39880
2003	10	12	24	1.15911	1.14130	1.15282
2003	10	13	24	0.93557	1.04272	0.97340
2003	10	14	24	0.77051	0.95438	0.83544
2003	10	15	24	0.64786	0.87219	0.72707
2003	10	16	24	0.55614	0.80931	0.64554
2003	10	17	24	0.48583	0.75939	0.58243
2003	10	18	24	0.43134	0.72234	0.53410
2003	10	19	24	0.38928	0.69454	0.49707
2003	10	20	24	0.35689	0.67313	0.46855
2003	10	21	24	0.50565	0.65580	0.55867
2003	10	22	24	0.45971	0.64119	0.52379
2003	10	23	24	0.41248	0.62560	0.48773
2003	10	24	24	0.37548	0.61098	0.45864
2003	10	25	24	0.34651	0.59767	0.43519
2003	10	26	24	0.32432	0.58581	0.41665
2003	10	27	24	0.30665	0.57653	0.40195
2003	10	28	24	0.29247	0.56453	0.38854
2003	10	29	24	0.86232	0.58723	0.76518
2003	10	30	24	0.82552	0.69014	0.77771
2003	10	31	24	0.69414	0.68875	0.69224
2003	11	 1	24	0.59083	0.66389	0.61663
2003	11	 2	24	0.51236	0.63507	0.55569
2003	11	 3	24	0.45216	0.61091	0.50822
2003	11	 4	24	0.40642	0.59112	0.47164
2003	11	 5	24	0.37058	0.57321	0.44213
2003	11	 6	24	0.34258	0.55746	0.41845
2003	11	 7	24	0.32062	0.54342	0.39929
2003	11	 8	24	0.30331	0.53075	0.38362
2003	11	 9	24	0.28961	0.51919	0.37068
2003	11	10	24	0.27870	0.50856	0.35987
2003	11	11	24	0.26994	0.49872	0.35072
2003	11	12	24	0.26281	0.48954	0.34287
2003	11	13	24	0.25694	0.48088	0.33602
2003	11	14	24	0.25208	0.47266	0.32997
2003	11	15	24	0.24801	0.46481	0.32457
2003	11	16	24	0.24812	0.45730	0.32198
2003	11	17	24	0.27997	0.46053	0.34372
2003	11	18	24	0.27441	0.51083	0.35789
2003	11	19	24	0.26603	0.51022	0.35226
2003	11	20	24	0.25881	0.50076	0.34424
2003	11	21	24	0.25283	0.49039	0.33672
2003	11	22	24	0.24786	0.48067	0.33007
2003	11	23	24	0.24364	0.47160	0.32414
2003	11	24	24	0.24003	0.46304	0.31878
2003	11	25	24	0.23691	0.45490	0.31389
2003	11	26	24	0.23420	0.44711	0.30938
2003	11	27	24	0.23203	0.44017	0.30552
2003	11	28	24	0.25777	0.43327	0.31974
2003	11	29	24	0.37056	0.46351	0.40338
2003	11	30	24	0.35081	0.49303	0.40103
2003	12	 1	24	0.32355	0.47954	0.37863
2003	12	 2	24	0.30206	0.46663	0.36017
2003	12	 3	24	0.28484	0.45483	0.34487
2003	12	 4	24	0.27106	0.44418	0.33219
2003	12	 5	24	0.27235	0.43737	0.33062
2003	12	 6	24	0.50524	0.47496	0.49455
2003	12	 7	24	0.46443	0.51205	0.48125
2003	12	 8	24	0.41196	0.51702	0.44906
2003	12	 9	24	0.37005	0.52007	0.42302
2003	12	10	24	0.33726	0.50671	0.39710
2003	12	11	24	0.31458	0.51456	0.38519
2003	12	12	24	0.37852	0.49258	0.41880
2003	12	13	24	1.95894	1.81251	1.90723
2003	12	14	24	3.34203	3.19120	3.28877
2003	12	15	24	2.37041	2.53241	2.42762
2003	12	16	24	1.77941	2.08481	1.88725
2003	12	17	24	1.58752	1.80140	1.66304
2003	12	18	24	1.74779	1.82007	1.77331
2003	12	19	24	1.51994	1.80856	1.62186
2003	12	20	24	1.24128	1.78226	1.43231
2003	12	21	24	1.20939	1.72923	1.39296
2003	12	22	24	1.14253	1.55860	1.28945
2003	12	23	24	1.19981	1.40721	1.27304
2003	12	24	24	1.13384	1.29179	1.18962
2003	12	25	24	1.07131	1.20343	1.11797
2003	12	26	24	0.90846	1.14941	0.99354
2003	12	27	24	0.76347	1.08221	0.87602
2003	12	28	24	0.65218	1.02455	0.78367
2003	12	29	24	0.56615	0.97679	0.71115
2003	12	30	24	0.49928	0.93475	0.65305
2003	12	31	24	0.46049	0.89563	0.61414
2004	 1	 1	24	0.42778	0.85920	0.58012
2004	 1	 2	24	0.39847	0.82744	0.54994
2004	 1	 3	24	0.36911	0.79929	0.52101
2004	 1	 4	24	0.34564	0.77381	0.49683
2004	 1	 5	24	0.32701	0.74981	0.47631
2004	 1	 6	24	0.73230	0.72785	0.73073
2004	 1	 7	24	0.94340	0.70777	0.86020
2004	 1	 8	24	1.08518	0.68917	0.94535
2004	 1	 9	24	1.31302	0.67182	1.08661
2004	 1	10	24	2.39090	0.65861	1.77921
2004	 1	11	24	3.90070	0.86319	2.82812
2004	 1	12	24	3.75831	1.38534	2.92039
2004	 1	13	24	4.65547	2.10046	3.75327
2004	 1	14	24	4.37986	2.23880	3.62383
2004	 1	15	24	3.91519	2.04129	3.25349
2004	 1	16	24	3.62426	1.78564	2.97503
2004	 1	17	24	3.40457	1.60919	2.77060
2004	 1	18	24	2.81713	1.45317	2.33550
2004	 1	19	24	3.19498	1.32282	2.53390
2004	 1	20	24	2.88034	1.21663	2.29287
2004	 1	21	24	2.28930	1.12873	1.87949
2004	 1	22	24	1.84388	1.05591	1.56564
2004	 1	23	24	1.53908	0.99408	1.34663
2004	 1	24	24	1.49530	0.93985	1.29917
2004	 1	25	24	1.33051	0.89294	1.17600
2004	 1	26	24	1.37736	0.85178	1.19177
2004	 1	27	24	1.16171	0.81560	1.03949
2004	 1	28	24	1.00738	0.78344	0.92830
2004	 1	29	24	1.06609	0.75460	0.95610
2004	 1	30	24	1.21097	0.72861	1.04064
2004	 1	31	24	1.71282	0.70502	1.35696
2004	 2	 1	24	3.57721	0.69694	2.56015
2004	 2	 2	24	7.16156	3.72728	5.94888
2004	 2	 3	24	6.61542	4.30328	5.79898
2004	 2	 4	24	6.40399	4.70817	5.80517
2004	 2	 5	24	5.63963	5.21293	5.48896
2004	 2	 6	24	4.90198	5.83989	5.23316
2004	 2	 7	24	4.28962	6.46761	5.05869
2004	 2	 8	24	4.80124	6.86395	5.52961
2004	 2	 9	24	4.26880	6.58561	5.08689
2004	 2	10	24	3.79666	6.27294	4.67106
2004	 2	11	24	3.22628	5.69809	4.09910
2004	 2	12	24	2.68114	5.02854	3.51003
2004	 2	13	24	2.81261	4.40890	3.37628
2004	 2	14	24	3.03952	3.87520	3.33461
2004	 2	15	24	2.96479	3.48685	3.14913
2004	 2	16	24	2.78955	3.13189	2.91044
2004	 2	17	24	2.97011	2.84461	2.92579
2004	 2	18	24	2.75164	2.67201	2.72352
2004	 2	19	24	2.30879	2.44337	2.35631
2004	 2	20	24	2.46192	2.24855	2.38658
2004	 2	21	24	2.42272	2.09271	2.30619
2004	 2	22	24	2.09177	1.95849	2.04471
2004	 2	23	24	1.76634	1.82124	1.78572
2004	 2	24	24	1.66100	1.70215	1.67553
2004	 2	25	24	1.49884	1.59820	1.53393
2004	 2	26	24	1.48593	1.50640	1.49315
2004	 2	27	24	1.32730	1.42451	1.36163
2004	 2	28	24	1.20580	1.35032	1.25683
2004	 2	29	24	1.07442	1.28207	1.14775
2004	 3	 1	24	1.12712	1.21896	1.15955
2004	 3	 2	24	1.92159	1.16119	1.65308
2004	 3	 3	24	2.00079	1.11607	1.68839
2004	 3	 4	24	1.75731	1.06703	1.51356
2004	 3	 5	24	1.94725	1.02183	1.62048
2004	 3	 6	24	2.08759	0.98067	1.69672
2004	 3	 7	24	2.29375	0.94242	1.81658
2004	 3	 8	24	2.06098	0.91123	1.65499
2004	 3	 9	24	2.18835	0.87743	1.72545
2004	 3	10	24	2.09642	0.84591	1.65485
2004	 3	11	24	2.36617	0.81648	1.81896
2004	 3	12	24	2.96810	0.79580	2.20104
2004	 3	13	24	3.17355	0.78447	2.32994
2004	 3	14	24	2.94931	0.80861	2.19340
2004	 3	15	24	2.77828	0.95996	2.13621
2004	 3	16	24	2.67601	1.52464	2.26945
2004	 3	17	24	2.67211	2.98514	2.78264
2004	 3	18	24	2.45431	4.57096	3.20172
2004	 3	19	24	2.17366	5.69727	3.41789
2004	 3	20	24	2.08080	6.91085	3.78634
2004	 3	21	24	1.78257	8.29741	4.08303
2004	 3	22	24	1.53045	9.26717	4.26237
2004	 3	23	24	2.01454	9.76961	4.75294
2004	 3	24	24	5.05098	9.90155	6.76377
2004	 3	25	24	4.25168	9.38059	6.06275
2004	 3	26	24	3.75668	7.74769	5.16595
2004	 3	27	24	3.28006	6.42100	4.38916
2004	 3	28	24	2.81248	5.42358	3.73449
2004	 3	29	24	2.38499	4.96721	3.29680
2004	 3	30	24	2.01072	5.03994	3.08037
2004	 3	31	24	1.69546	4.99693	2.86124
2004	 4	 1	24	1.44412	4.73078	2.60468
2004	 4	 2	24	1.26008	4.36653	2.35700
2004	 4	 3	24	1.12420	3.94933	2.12178
2004	 4	 4	24	1.02188	3.44247	1.87662
2004	 4	 5	24	0.94372	3.03373	1.68172
2004	 4	 6	24	0.88456	2.70796	1.52842
2004	 4	 7	24	0.83686	2.43679	1.40181
2004	 4	 8	24	0.79923	2.20993	1.29736
2004	 4	 9	24	0.76871	2.01997	1.21054
2004	 4	10	24	0.74358	1.85657	1.13659
2004	 4	11	24	0.72336	1.71743	1.07438
2004	 4	12	24	0.70540	1.59770	1.02048
2004	 4	13	24	0.68998	1.49396	0.97387
2004	 4	14	24	0.67660	1.40243	0.93290
2004	 4	15	24	0.66490	1.32094	0.89656
2004	 4	16	24	0.65453	1.24815	0.86415
2004	 4	17	24	0.64517	1.18298	0.83508
2004	 4	18	24	0.63661	1.12421	0.80879
2004	 4	19	24	0.62969	1.18608	0.82616
2004	 4	20	24	0.62961	1.18042	0.82411
2004	 4	21	24	0.62238	1.12735	0.80069
2004	 4	22	24	0.61543	1.07488	0.77767
2004	 4	23	24	0.60877	1.02660	0.75631
2004	 4	24	24	0.65613	0.98298	0.77154
2004	 4	25	24	0.65960	1.05109	0.79784
2004	 4	26	24	0.64352	1.01746	0.77556
2004	 4	27	24	0.62971	0.97742	0.75249
2004	 4	28	24	0.61772	0.93747	0.73063
2004	 4	29	24	0.60727	0.90054	0.71082
2004	 4	30	24	0.59801	0.86636	0.69277
2004	 5	 1	24	0.58968	0.83470	0.67620
2004	 5	 2	24	0.58475	0.80588	0.66283
2004	 5	 3	24	0.94530	0.78907	0.89013
2004	 5	 4	24	0.89600	0.86260	0.88421
2004	 5	 5	24	1.62766	0.84878	1.35263
2004	 5	 6	24	3.59092	0.88002	2.63367
2004	 5	 7	24	2.77241	1.13957	2.19584
2004	 5	 8	24	2.16702	1.20430	1.82707
2004	 5	 9	24	1.77558	1.19791	1.57160
2004	 5	10	24	5.07618	1.79014	3.91584
2004	 5	11	24	3.67490	2.12405	3.12728
2004	 5	12	24	2.80148	2.00395	2.51986
2004	 5	13	24	2.27097	1.87076	2.12965
2004	 5	14	24	1.88120	1.73578	1.82985
2004	 5	15	24	3.64177	2.27154	3.15793
2004	 5	16	24	2.94539	2.61962	2.83035
2004	 5	17	24	2.37766	2.37954	2.37832
2004	 5	18	24	1.96097	2.13581	2.02271
2004	 5	19	24	1.64356	1.93809	1.74756
2004	 5	20	24	1.40276	1.78044	1.53612
2004	 5	21	24	1.28156	1.65143	1.41217
2004	 5	22	24	1.60042	1.57785	1.59245
2004	 5	23	24	2.88079	2.25385	2.65941
2004	 5	24	24	2.39231	2.61404	2.47060
2004	 5	25	24	1.97422	2.38904	2.12070
2004	 5	26	24	1.66118	2.13950	1.83008
2004	 5	27	24	1.42976	1.94230	1.61074
2004	 5	28	24	1.25468	1.78221	1.44095
2004	 5	29	24	1.12413	1.64842	1.30926
2004	 5	30	24	1.02508	1.53399	1.20478
2004	 5	31	24	0.94833	1.43396	1.11981
2004	 6	 1	24	0.89126	1.34689	1.05215
2004	 6	 2	24	0.85707	1.29540	1.01185
2004	 6	 3	24	0.82047	1.29678	0.98866
2004	 6	 4	24	0.78680	1.22889	0.94291
2004	 6	 5	24	0.76651	1.17555	0.91095
2004	 6	 6	24	0.74465	1.13033	0.88084
2004	 6	 7	24	0.72301	1.07670	0.84790
2004	 6	 8	24	0.70431	1.02716	0.81831
2004	 6	 9	24	0.68803	0.98210	0.79187
2004	 6	10	24	0.67367	0.94105	0.76808
2004	 6	11	24	0.71482	0.90325	0.78135
2004	 6	12	24	0.71839	1.01139	0.82185
2004	 6	13	24	0.69846	0.99517	0.80323
2004	 6	14	24	0.67902	0.96390	0.77961
2004	 6	15	24	0.66229	0.92848	0.75628
2004	 6	16	24	0.64889	0.89750	0.73668
2004	 6	17	24	0.63633	0.86470	0.71697
2004	 6	18	24	0.62774	0.87432	0.71481
2004	 6	19	24	0.61740	0.84362	0.69728
2004	 6	20	24	0.60789	0.81776	0.68200
2004	 6	21	24	0.59868	0.78905	0.66590
2004	 6	22	24	0.58997	0.76314	0.65112
2004	 6	23	24	0.58455	0.73896	0.63907
2004	 6	24	24	0.57656	0.71557	0.62564
2004	 6	25	24	0.56862	0.69348	0.61271
2004	 6	26	24	0.56092	0.67266	0.60038
2004	 6	27	24	0.55348	0.65305	0.58864
2004	 6	28	24	0.54664	0.63466	0.57772
2004	 6	29	24	0.53965	0.61727	0.56706
2004	 6	30	24	0.53288	0.60087	0.55689
2004	 7	 1	24	0.53984	0.58516	0.55584
2004	 7	 2	24	0.54233	0.57472	0.55377
2004	 7	 3	24	0.53502	0.56045	0.54400
2004	 7	 4	24	0.52804	0.54933	0.53556
2004	 7	 5	24	0.52021	0.53642	0.52594
2004	 7	 6	24	0.51306	0.52428	0.51702
2004	 7	 7	24	0.50568	0.51217	0.50797
2004	 7	 8	24	1.60630	2.14042	1.79490
2004	 7	 9	24	1.33350	2.06797	1.59285
2004	 7	10	24	1.11736	1.93677	1.40671
2004	 7	11	24	0.96292	1.81608	1.26418
2004	 7	12	24	0.95089	1.82609	1.25993
2004	 7	13	24	0.84892	1.76902	1.17381
2004	 7	14	24	0.77093	1.64362	1.07908
2004	 7	15	24	0.71174	1.54017	1.00427
2004	 7	16	24	0.66568	1.46101	0.94652
2004	 7	17	24	0.62928	1.40187	0.90209
2004	 7	18	24	0.60011	1.34982	0.86484
2004	 7	19	24	0.57665	1.29481	0.83024
2004	 7	20	24	0.55705	1.24074	0.79847
2004	 7	21	24	0.54319	1.19242	0.77244
2004	 7	22	24	1.54781	2.13088	1.75370
2004	 7	23	24	1.33933	2.47989	1.74207
2004	 7	24	24	1.12466	2.23378	1.51631
2004	 7	25	24	0.97002	2.00042	1.33387
2004	 7	26	24	0.94891	1.80952	1.25280
2004	 7	27	24	0.84397	1.67592	1.13774
2004	 7	28	24	0.76256	1.54630	1.03930
2004	 7	29	24	0.70048	1.43818	0.96097
2004	 7	30	24	0.65198	1.34778	0.89768
2004	 7	31	24	0.61351	1.27102	0.84568
2004	 8	 1	24	0.58255	1.20491	0.80231
2004	 8	 2	24	0.55706	1.14725	0.76547
2004	 8	 3	24	0.53585	1.09621	0.73372
2004	 8	 4	24	0.51803	1.05044	0.70603
2004	 8	 5	24	0.50287	1.00903	0.68160
2004	 8	 6	24	0.48977	0.97106	0.65972
2004	 8	 7	24	0.47833	0.93582	0.63987
2004	 8	 8	24	0.46821	0.90299	0.62173
2004	 8	 9	24	0.45915	0.87236	0.60506
2004	 8	10	24	0.45094	0.84341	0.58952
2004	 8	11	24	0.44343	0.81608	0.57501
2004	 8	12	24	0.58798	0.82059	0.67012
2004	 8	13	24	0.59001	1.08066	0.76326
2004	 8	14	24	0.56133	1.11250	0.75596
2004	 8	15	24	0.53299	1.08967	0.72956
2004	 8	16	24	0.50941	1.05288	0.70132
2004	 8	17	24	0.63862	1.01165	0.77034
2004	 8	18	24	0.59373	0.97320	0.72772
2004	 8	19	24	0.55326	0.93680	0.68869
2004	 8	20	24	0.52173	0.90466	0.65695
2004	 8	21	24	0.49653	0.87118	0.62883
2004	 8	22	24	0.47609	0.84030	0.60470
2004	 8	23	24	0.45905	0.81145	0.58349
2004	 8	24	24	0.62968	0.80525	0.69167
2004	 8	25	24	0.59697	0.94245	0.71896
2004	 8	26	24	0.93685	1.41154	1.10447
2004	 8	27	24	0.82570	1.58502	1.09382
2004	 8	28	24	0.72461	1.43366	0.97498
2004	 8	29	24	0.64952	1.30607	0.88135
2004	 8	30	24	0.63426	1.25341	0.85289
2004	 8	31	24	0.58284	1.20566	0.80276
2004	 9	 1	24	0.53995	1.12293	0.74581
2004	 9	 2	24	0.50621	1.05374	0.69955
2004	 9	 3	24	0.47925	0.99446	0.66118
2004	 9	 4	24	0.45748	0.94256	0.62876
2004	 9	 5	24	0.43966	0.89694	0.60113
2004	 9	 6	24	0.42488	0.85658	0.57732
2004	 9	 7	24	0.41246	0.82053	0.55656
2004	 9	 8	24	0.40187	0.78810	0.53825
2004	 9	 9	24	0.39274	0.75874	0.52198
2004	 9	10	24	0.38477	0.73192	0.50735
2004	 9	11	24	0.37770	0.70708	0.49401
2004	 9	12	24	0.40569	0.68442	0.50411
2004	 9	13	24	0.39887	0.69084	0.50197
2004	 9	14	24	0.38830	0.67038	0.48791
2004	 9	15	24	0.37905	0.65048	0.47490
2004	 9	16	24	0.37092	0.63163	0.46298
2004	 9	17	24	0.36375	0.61384	0.45206
2004	 9	18	24	0.35740	0.59707	0.44203
2004	 9	19	24	0.35169	0.58124	0.43274
2004	 9	20	24	0.34654	0.56623	0.42412
2004	 9	21	24	0.45456	0.57384	0.49668
2004	 9	22	24	1.10422	1.20909	1.14125
2004	 9	23	24	1.61757	2.06542	1.77571
2004	 9	24	24	1.87414	2.44757	2.07662
2004	 9	25	24	2.00495	2.49333	2.17740
2004	 9	26	24	1.54282	2.14036	1.75382
2004	 9	27	24	1.23049	1.85342	1.45045
2004	 9	28	24	1.01619	1.66313	1.24463
2004	 9	29	24	1.52762	1.95557	1.67873
2004	 9	30	24	1.25961	1.94057	1.50007
2004	10	 1	24	1.03833	1.73499	1.28433
2004	10	 2	24	0.90370	1.61891	1.15625
2004	10	 3	24	0.78271	1.52339	1.04425
2004	10	 4	24	0.68950	1.41108	0.94430
2004	10	 5	24	0.61767	1.31646	0.86442
2004	10	 6	24	0.62315	1.23501	0.83921
2004	10	 7	24	0.57007	1.18123	0.78588
2004	10	 8	24	0.52554	1.12098	0.73580
2004	10	 9	24	0.49200	1.07040	0.69624
2004	10	10	24	0.46480	1.02426	0.66235
2004	10	11	24	0.44288	0.98295	0.63359
2004	10	12	24	0.42515	0.94554	0.60891
2004	10	13	24	0.41067	0.91143	0.58749
2004	10	14	24	0.39866	0.87990	0.56859
2004	10	15	24	0.39610	0.85046	0.55654
2004	10	16	24	0.39495	0.84092	0.55243
2004	10	17	24	0.38701	0.85991	0.55400
2004	10	18	24	0.37865	0.83263	0.53896
2004	10	19	24	0.37137	0.80632	0.52496
2004	10	20	24	0.36492	0.78166	0.51208
2004	10	21	24	0.35970	0.75979	0.50097
2004	10	22	24	0.35444	0.73787	0.48983
2004	10	23	24	0.34960	0.71677	0.47925
2004	10	24	24	0.34508	0.69658	0.46920
2004	10	25	24	0.34082	0.67733	0.45964
2004	10	26	24	0.40718	0.66906	0.49965
2004	10	27	24	0.40330	0.71281	0.51259
2004	10	28	24	0.38821	0.70028	0.49841
2004	10	29	24	0.37936	0.68499	0.48728
2004	10	30	24	0.37210	0.71868	0.49448
2004	10	31	24	0.36166	0.74927	0.49853
2004	11	 1	24	0.35205	0.72731	0.48456
2004	11	 2	24	0.34405	0.70558	0.47171
2004	11	 3	24	0.33725	0.68422	0.45977
2004	11	 4	24	0.33106	0.66331	0.44839
2004	11	 5	24	0.32594	0.64406	0.43827
2004	11	 6	24	0.54663	0.81369	0.64093
2004	11	 7	24	1.13602	1.20280	1.15960
2004	11	 8	24	1.77432	1.29026	1.60339
2004	11	 9	24	3.55670	1.30652	2.76214
2004	11	10	24	2.53501	1.20940	2.06692
2004	11	11	24	2.12068	1.51115	1.90545
2004	11	12	24	1.92759	2.06401	1.97576
2004	11	13	24	1.77627	2.12489	1.89937
2004	11	14	24	1.41524	1.88450	1.58094
2004	11	15	24	1.16894	1.68236	1.35023
2004	11	16	24	1.92440	2.44532	2.10835
2004	11	17	24	1.85710	3.65411	2.49164
2004	11	18	24	4.87216	5.08033	4.94567
2004	11	19	24	3.78532	4.93104	4.18988
2004	11	20	24	2.94523	4.45221	3.47736
2004	11	21	24	2.41715	4.01620	2.98179
2004	11	22	24	4.62653	5.08061	4.78687
2004	11	23	24	4.54989	6.21583	5.13815
2004	11	24	24	3.37292	5.95459	4.28454
2004	11	25	24	2.62229	5.16860	3.52142
2004	11	26	24	2.14554	4.55757	2.99725
2004	11	27	24	2.01386	4.39097	2.85324
2004	11	28	24	1.70188	4.52015	2.69704
2004	11	29	24	1.44900	4.18009	2.41338
2004	11	30	24	1.23723	3.86679	2.16575
2004	12	 1	24	1.18163	3.61291	2.04014
2004	12	 2	24	1.03483	3.58056	1.93375
2004	12	 3	24	0.91472	3.22015	1.72879
2004	12	 4	24	0.82424	2.91303	1.56181
2004	12	 5	24	0.75564	2.70694	1.44466
2004	12	 6	24	0.69865	2.52720	1.34433
2004	12	 7	24	0.65253	2.35670	1.25429
2004	12	 8	24	0.61582	2.19284	1.17268
2004	12	 9	24	0.58591	2.09414	1.11848
2004	12	10	24	0.56159	2.08504	1.09954
2004	12	11	24	0.54161	2.16702	1.11556
2004	12	12	24	0.52534	2.12606	1.09057
2004	12	13	24	0.51209	1.95891	1.02298
2004	12	14	24	0.50108	1.80866	0.96280
2004	12	15	24	0.49183	1.67746	0.91049
2004	12	16	24	0.48397	1.56597	0.86604
2004	12	17	24	0.52687	1.46534	0.85826
2004	12	18	24	1.14742	1.37625	1.22822
2004	12	19	24	1.07462	1.29753	1.15333
2004	12	20	24	1.07361	1.22760	1.12798
2004	12	21	24	1.05275	1.16556	1.09259
2004	12	22	24	0.98416	1.11443	1.03016
2004	12	23	24	1.16971	1.06181	1.13161
2004	12	24	24	1.18763	1.19878	1.19157
2004	12	25	24	1.40008	1.66066	1.49210
2004	12	26	24	2.74988	1.98528	2.47989
2004	12	27	24	2.45045	1.89583	2.25461
2004	12	28	24	2.06818	1.74951	1.95566
2004	12	29	24	1.85494	1.61970	1.77188
2004	12	30	24	1.70041	1.52407	1.63814
2004	12	31	24	1.91244	1.70671	1.83980
2005	 1	 1	24	1.77684	2.15480	1.91030
2005	 1	 2	24	1.56146	2.46200	1.87945
2005	 1	 3	24	2.47341	2.45570	2.46715
2005	 1	 4	24	2.29052	2.51271	2.36898
2005	 1	 5	24	2.44447	2.94734	2.62204
2005	 1	 6	24	2.16014	3.25728	2.54755
2005	 1	 7	24	1.88875	3.76326	2.55066
2005	 1	 8	24	1.64434	4.71386	2.72822
2005	 1	 9	24	1.39949	5.13668	2.71913
2005	 1	10	24	1.19947	5.20040	2.61224
2005	 1	11	24	1.04276	5.13880	2.48912
2005	 1	12	24	0.92149	4.87739	2.31836
2005	 1	13	24	0.92311	4.88579	2.32237
2005	 1	14	24	0.87393	4.40104	2.11939
2005	 1	15	24	0.79833	3.82897	1.86848
2005	 1	16	24	0.73322	3.35432	1.65876
2005	 1	17	24	0.68091	2.97377	1.49055
2005	 1	18	24	0.63849	2.63047	1.34188
2005	 1	19	24	0.69056	2.34328	1.27415
2005	 1	20	24	4.86645	4.04462	4.57625
2005	 1	21	24	5.30789	5.15091	5.25246
2005	 1	22	24	4.77426	5.05478	4.87331
2005	 1	23	24	4.14694	4.49682	4.27048
2005	 1	24	24	3.36951	3.95350	3.57572
2005	 1	25	24	2.76058	3.46936	3.01086
2005	 1	26	24	2.28686	3.04277	2.55378
2005	 1	27	24	1.91691	2.69083	2.19019
2005	 1	28	24	1.62699	2.39329	1.89758
2005	 1	29	24	1.39889	2.14095	1.66092
2005	 1	30	24	1.21890	1.93079	1.47027
2005	 1	31	24	2.10577	1.75577	1.98218
2005	 2	 1	24	2.03894	1.60877	1.88704
2005	 2	 2	24	2.58760	1.48442	2.19806
2005	 2	 3	24	2.60215	1.38701	2.17307
2005	 2	 4	24	2.42439	1.29941	2.02715
2005	 2	 5	24	2.46697	1.22229	2.02746
2005	 2	 6	24	2.46185	1.15339	1.99981
2005	 2	 7	24	2.41367	1.09068	1.94651
2005	 2	 8	24	2.33503	1.03529	1.87607
2005	 2	 9	24	2.49377	0.98520	1.96108
2005	 2	10	24	3.57275	0.94224	2.64389
2005	 2	11	24	4.64272	0.95907	3.34198
2005	 2	12	24	6.61032	1.99867	4.98190
2005	 2	13	24	6.51392	2.96982	5.26246
2005	 2	14	24	5.30564	2.91779	4.46247
2005	 2	15	24	4.32393	2.66395	3.73777
2005	 2	16	24	3.56622	2.41191	3.15862
2005	 2	17	24	2.95058	2.18367	2.67978
2005	 2	18	24	2.46624	1.98283	2.29554
2005	 2	19	24	2.08466	1.81202	1.98839
2005	 2	20	24	1.87587	1.66344	1.80086
2005	 2	21	24	1.81153	1.53811	1.71498
2005	 2	22	24	1.57207	1.42996	1.52189
2005	 2	23	24	1.39073	1.33510	1.37109
2005	 2	24	24	1.25420	1.25243	1.25357
2005	 2	25	24	1.14327	1.17906	1.15591
2005	 2	26	24	1.12620	1.11087	1.12079
2005	 2	27	24	1.02517	1.05033	1.03405
2005	 2	28	24	0.94199	0.99673	0.96132
2005	 3	 1	24	0.89671	0.94912	0.91522
2005	 3	 2	24	1.05628	0.90605	1.00323
2005	 3	 3	24	1.24172	0.86683	1.10934
2005	 3	 4	24	1.33788	0.83125	1.15899
2005	 3	 5	24	1.45154	0.79878	1.22104
2005	 3	 6	24	1.28039	0.76898	1.09981
2005	 3	 7	24	1.23262	0.74159	1.05923
2005	 3	 8	24	1.30494	0.71632	1.09709
2005	 3	 9	24	1.53192	0.69289	1.23565
2005	 3	10	24	1.75941	0.67107	1.37510
2005	 3	11	24	2.46154	0.65068	1.82210
2005	 3	12	24	2.93881	0.63157	2.12410
2005	 3	13	24	2.78824	0.61357	2.02034
2005	 3	14	24	2.90146	0.59698	2.08772
2005	 3	15	24	3.56731	0.58430	2.51397
2005	 3	16	24	5.07271	0.74662	3.54512
2005	 3	17	24	6.79169	2.92578	5.42660
2005	 3	18	24	7.02451	4.53761	6.14636
2005	 3	19	24	6.45851	4.99614	5.94213
2005	 3	20	24	5.93668	5.09281	5.63870
2005	 3	21	24	5.49361	5.28363	5.41947
2005	 3	22	24	5.16482	5.53479	5.29546
2005	 3	23	24	4.96960	6.13112	5.37975
2005	 3	24	24	4.86795	6.71254	5.51929
2005	 3	25	24	4.60536	7.60872	5.66588
2005	 3	26	24	4.25177	8.94986	5.91072
2005	 3	27	24	3.90810	10.29086	6.16193
2005	 3	28	24	3.56866	11.34122	6.31323
2005	 3	29	24	3.24312	12.18475	6.40050
2005	 3	30	24	2.91636	12.68020	6.36408
2005	 3	31	24	2.58742	12.29595	6.01560
2005	 4	 1	24	2.28799	11.20026	5.43501
2005	 4	 2	24	2.01663	10.87253	5.14375
2005	 4	 3	24	1.76401	11.43311	5.17828
2005	 4	 4	24	1.54040	12.42474	5.38378
2005	 4	 5	24	1.36594	12.62212	5.34062
2005	 4	 6	24	1.23679	11.46020	4.84679
2005	 4	 7	24	1.14219	10.21381	4.34547
2005	 4	 8	24	1.06886	8.68061	3.75665
2005	 4	 9	24	1.02274	7.13698	3.18175
2005	 4	10	24	0.99020	6.49396	2.93364
2005	 4	11	24	0.95082	5.36852	2.51076
2005	 4	12	24	0.91744	4.58218	2.21150
2005	 4	13	24	0.88848	3.91743	1.95804
2005	 4	14	24	0.86342	3.37655	1.75083
2005	 4	15	24	0.84133	2.95713	1.58844
2005	 4	16	24	0.82148	2.62704	1.45904
2005	 4	17	24	0.80360	2.36028	1.35328
2005	 4	18	24	0.78837	2.14977	1.26909
2005	 4	19	24	0.77314	1.96383	1.19358
2005	 4	20	24	0.75892	1.80667	1.12889
2005	 4	21	24	0.74561	1.67225	1.07282
2005	 4	22	24	0.73302	1.55653	1.02381
2005	 4	23	24	0.72110	1.45565	0.98047
2005	 4	24	24	0.70976	1.36695	0.94182
2005	 4	25	24	0.69890	1.28851	0.90710
2005	 4	26	24	0.68975	1.23690	0.88295
2005	 4	27	24	0.67996	1.17219	0.85377
2005	 4	28	24	0.67393	1.13202	0.83568
2005	 4	29	24	0.66422	1.07637	0.80976
2005	 4	30	24	0.65474	1.02499	0.78548
2005	 5	 1	24	0.64540	0.97781	0.76278
2005	 5	 2	24	0.63627	0.93428	0.74150
2005	 5	 3	24	0.62767	0.89433	0.72183
2005	 5	 4	24	0.70941	0.95192	0.79504
2005	 5	 5	24	0.71242	1.04089	0.82841
2005	 5	 6	24	0.75976	1.01672	0.85049
2005	 5	 7	24	0.92577	1.03042	0.96273
2005	 5	 8	24	0.87248	1.11920	0.95960
2005	 5	 9	24	0.81402	1.09228	0.91228
2005	 5	10	24	0.76650	1.05409	0.86805
2005	 5	11	24	0.72802	1.01540	0.82950
2005	 5	12	24	0.69821	0.99311	0.80234
2005	 5	13	24	0.67238	0.95523	0.77226
2005	 5	14	24	0.65063	0.91734	0.74481
2005	 5	15	24	0.63319	0.88240	0.72119
2005	 5	16	24	1.11783	0.84854	1.02274
2005	 5	17	24	1.03752	1.03580	1.03691
2005	 5	18	24	0.93147	1.06523	0.97870
2005	 5	19	24	0.84995	1.05825	0.92350
2005	 5	20	24	0.78582	1.03026	0.87213
2005	 5	21	24	0.73470	0.99691	0.82729
2005	 5	22	24	0.69499	0.96640	0.79083
2005	 5	23	24	1.35303	1.01787	1.23468
2005	 5	24	24	1.19846	1.21053	1.20272
2005	 5	25	24	1.04031	1.20205	1.09742
2005	 5	26	24	0.92474	1.15852	1.00729
2005	 5	27	24	0.83805	1.11023	0.93416
2005	 5	28	24	0.77111	1.06544	0.87504
2005	 5	29	24	0.71871	1.02117	0.82551
2005	 5	30	24	0.67705	0.97969	0.78392
2005	 5	31	24	0.64397	0.94136	0.74898
2005	 6	 1	24	0.61633	0.90284	0.71750
2005	 6	 2	24	0.59332	0.86691	0.68993
2005	 6	 3	24	0.57390	0.83295	0.66537
2005	 6	 4	24	0.55729	0.80137	0.64348
2005	 6	 5	24	0.54288	0.77188	0.62374
2005	 6	 6	24	0.53461	0.74456	0.60875
2005	 6	 7	24	0.54306	0.78446	0.62830
2005	 6	 8	24	0.53479	0.79624	0.62711
2005	 6	 9	24	0.52340	0.77490	0.61221
2005	 6	10	24	0.51263	0.75038	0.59658
2005	 6	11	24	0.50368	0.72635	0.58230
2005	 6	12	24	0.49467	0.70231	0.56799
2005	 6	13	24	0.48635	0.67949	0.55455
2005	 6	14	24	1.55118	1.51016	1.53669
2005	 6	15	24	1.29862	1.63337	1.41683
2005	 6	16	24	1.08347	1.65851	1.28653
2005	 6	17	24	0.94125	1.65164	1.19209
2005	 6	18	24	0.83258	1.60904	1.10676
2005	 6	19	24	0.75082	1.54335	1.03067
2005	 6	20	24	0.68860	1.49322	0.97272
2005	 6	21	24	0.64004	1.44954	0.92588
2005	 6	22	24	0.60157	1.39401	0.88139
2005	 6	23	24	0.57022	1.33479	0.84020
2005	 6	24	24	0.54473	1.27442	0.80239
2005	 6	25	24	0.67424	1.24676	0.87641
2005	 6	26	24	0.64508	1.31777	0.88261
2005	 6	27	24	0.60311	1.25409	0.83298
2005	 6	28	24	0.56927	1.19539	0.79036
2005	 6	29	24	0.54128	1.14327	0.75385
2005	 6	30	24	0.52295	1.09656	0.72549
2005	 7	 1	24	0.91425	1.12635	0.98915
2005	 7	 2	24	0.82803	1.22894	0.96959
2005	 7	 3	24	0.73703	1.16831	0.88932
2005	 7	 4	24	0.67185	1.14442	0.83872
2005	 7	 5	24	1.58161	1.70013	1.62346
2005	 7	 6	24	1.31272	1.88297	1.51408
2005	 7	 7	24	1.14377	1.72333	1.34842
2005	 7	 8	24	1.82845	2.12564	1.93339
2005	 7	 9	24	1.47047	2.26493	1.75100
2005	 7	10	24	1.19757	2.02313	1.48908
2005	 7	11	24	1.01156	1.82264	1.29796
2005	 7	12	24	0.87883	1.66080	1.15495
2005	 7	13	24	0.78090	1.53110	1.04580
2005	 7	14	24	0.70684	1.42247	0.95953
2005	 7	15	24	0.64954	1.33055	0.89001
2005	 7	16	24	0.60492	1.25196	0.83340
2005	 7	17	24	0.56866	1.18203	0.78525
2005	 7	18	24	0.53931	1.12044	0.74452
2005	 7	19	24	0.85498	1.08011	0.93448
2005	 7	20	24	0.96451	1.38660	1.11355
2005	 7	21	24	1.30996	1.99554	1.55205
2005	 7	22	24	1.11814	2.18357	1.49436
2005	 7	23	24	0.95082	1.97010	1.31073
2005	 7	24	24	0.82987	1.77801	1.16467
2005	 7	25	24	0.74105	1.63593	1.05704
2005	 7	26	24	0.67303	1.50825	0.96796
2005	 7	27	24	0.62006	1.40089	0.89578
2005	 7	28	24	0.57830	1.30794	0.83594
2005	 7	29	24	0.80029	1.28393	0.97107
2005	 7	30	24	0.88839	1.63505	1.15204
2005	 7	31	24	0.78203	1.57883	1.06339
2005	 8	 1	24	0.69971	1.46605	0.97031
2005	 8	 2	24	0.66958	1.36098	0.91372
2005	 8	 3	24	0.61922	1.27324	0.85016
2005	 8	 4	24	0.57588	1.19638	0.79498
2005	 8	 5	24	1.06266	1.21135	1.11517
2005	 8	 6	24	0.96247	1.41543	1.12241
2005	 8	 7	24	0.83355	1.34299	1.01344
2005	 8	 8	24	0.73776	1.26416	0.92364
2005	 8	 9	24	0.66579	1.18770	0.85008
2005	 8	10	24	0.60963	1.11748	0.78896
2005	 8	11	24	0.56570	1.05578	0.73875
2005	 8	12	24	0.76432	1.00555	0.84950
2005	 8	13	24	0.69669	1.04698	0.82038
2005	 8	14	24	0.63163	1.00282	0.76270
2005	 8	15	24	0.59441	1.02201	0.74540
2005	 8	16	24	0.55356	1.10135	0.74699
2005	 8	17	24	0.51936	1.04747	0.70584
2005	 8	18	24	0.49195	0.99334	0.66900
2005	 8	19	24	0.46973	0.94354	0.63704
2005	 8	20	24	0.82171	1.20905	0.95848
2005	 8	21	24	0.75482	1.41464	0.98781
2005	 8	22	24	1.96001	2.67779	2.21347
2005	 8	23	24	1.68399	2.67277	2.03314
2005	 8	24	24	1.33211	2.31458	1.67903
2005	 8	25	24	1.09962	2.03351	1.42939
2005	 8	26	24	0.92983	1.82212	1.24491
2005	 8	27	24	0.80639	1.65347	1.10551
2005	 8	28	24	0.71498	1.51672	0.99808
2005	 8	29	24	0.64569	1.40481	0.91375
2005	 8	30	24	0.59227	1.31189	0.84637
2005	 8	31	24	0.55028	1.23209	0.79104
2005	 9	 1	24	0.51663	1.16183	0.74446
2005	 9	 2	24	0.48934	1.09914	0.70467
2005	 9	 3	24	0.46700	1.04252	0.67022
2005	 9	 4	24	0.44856	0.99086	0.64005
2005	 9	 5	24	0.43315	0.94364	0.61341
2005	 9	 6	24	0.42017	0.90099	0.58995
2005	 9	 7	24	0.40908	0.86218	0.56908
2005	 9	 8	24	0.39950	0.82675	0.55037
2005	 9	 9	24	0.39112	0.79437	0.53351
2005	 9	10	24	1.72316	1.12640	1.51244
2005	 9	11	24	1.40315	1.57740	1.46468
2005	 9	12	24	3.07209	2.91752	3.01751
2005	 9	13	24	2.17838	2.81254	2.40231
2005	 9	14	24	1.63956	2.39862	1.90759
2005	 9	15	24	1.49992	2.36653	1.80593
2005	 9	16	24	1.93528	2.67459	2.19634
2005	 9	17	24	1.67720	2.54343	1.98307
2005	 9	18	24	1.34089	2.26535	1.66733
2005	 9	19	24	1.10542	2.04926	1.43870
2005	 9	20	24	0.93760	1.87103	1.26720
2005	 9	21	24	0.81510	1.72202	1.13535
2005	 9	22	24	0.72403	1.59607	1.03196
2005	 9	23	24	0.65511	1.49077	0.95019
2005	 9	24	24	0.60211	1.40133	0.88432
2005	 9	25	24	0.56076	1.32382	0.83021
2005	 9	26	24	0.52823	1.25535	0.78498
2005	 9	27	24	0.50237	1.19377	0.74651
2005	 9	28	24	0.48158	1.13825	0.71346
2005	 9	29	24	0.60227	1.08718	0.77349
2005	 9	30	24	0.57628	1.21467	0.80170
2005	10	 1	24	0.86423	1.19401	0.98068
2005	10	 2	24	1.09948	1.30792	1.17308
2005	10	 3	24	0.94356	1.35488	1.08880
2005	10	 4	24	0.81738	1.28033	0.98086
2005	10	 5	24	0.72292	1.21198	0.89561
2005	10	 6	24	0.65066	1.15015	0.82703
2005	10	 7	24	0.59465	1.09489	0.77129
2005	10	 8	24	0.55106	1.04493	0.72545
2005	10	 9	24	0.51651	0.99892	0.68685
2005	10	10	24	0.48884	0.95681	0.65408
2005	10	11	24	0.46643	0.91760	0.62574
2005	10	12	24	0.44805	0.88078	0.60085
2005	10	13	24	0.43282	0.84665	0.57895
2005	10	14	24	0.42005	0.81496	0.55950
2005	10	15	24	0.40919	0.78557	0.54210
2005	10	16	24	0.39981	0.75809	0.52632
2005	10	17	24	0.39157	0.73229	0.51189
2005	10	18	24	0.38425	0.70809	0.49860
2005	10	19	24	0.37770	0.68533	0.48632
2005	10	20	24	0.37176	0.66394	0.47493
2005	10	21	24	0.36631	0.64388	0.46432
2005	10	22	24	0.36122	0.62503	0.45438
2005	10	23	24	0.35667	0.60733	0.44518
2005	10	24	24	0.35649	0.62456	0.45115
2005	10	25	24	0.35244	0.61079	0.44367
2005	10	26	24	0.34851	0.59587	0.43586
2005	10	27	24	0.34450	0.57991	0.42762
2005	10	28	24	0.34062	0.56464	0.41973
2005	10	29	24	0.33688	0.55013	0.41218
2005	10	30	24	0.33325	0.53634	0.40497
2005	10	31	24	0.32971	0.52323	0.39805
2005	11	 1	24	0.32627	0.51074	0.39141
2005	11	 2	24	0.32300	0.49904	0.38516
2005	11	 3	24	0.31971	0.48764	0.37901
2005	11	 4	24	0.31662	0.47704	0.37327
2005	11	 5	24	0.31355	0.46679	0.36766
2005	11	 6	24	0.31260	0.47303	0.36925
2005	11	 7	24	0.30973	0.46427	0.36430
2005	11	 8	24	0.30674	0.45465	0.35897
2005	11	 9	24	0.30380	0.44514	0.35371
2005	11	10	24	0.30092	0.43601	0.34862
2005	11	11	24	0.29810	0.42724	0.34370
2005	11	12	24	0.29533	0.41881	0.33893
2005	11	13	24	0.29260	0.41071	0.33431
2005	11	14	24	0.28993	0.40295	0.32984
2005	11	15	24	0.28730	0.39542	0.32548
2005	11	16	24	0.28816	0.39201	0.32483
2005	11	17	24	0.30739	0.41409	0.34506
2005	11	18	24	0.31072	0.41248	0.34666
2005	11	19	24	0.30761	0.40791	0.34303
2005	11	20	24	0.67043	0.40228	0.57574
2005	11	21	24	0.81954	0.39931	0.67115
2005	11	22	24	0.73677	0.39327	0.61548
2005	11	23	24	0.63082	0.38688	0.54468
2005	11	24	24	0.55294	0.38054	0.49206
2005	11	25	24	0.49496	0.37425	0.45233
2005	11	26	24	0.63075	0.36800	0.53797
2005	11	27	24	0.56054	0.36215	0.49049
2005	11	28	24	0.51710	0.35614	0.46027
2005	11	29	24	0.52288	0.35024	0.46192
2005	11	30	24	0.50147	0.34491	0.44619
2005	12	 1	24	0.50926	0.33965	0.44937
2005	12	 2	24	0.48740	0.33494	0.43357
2005	12	 3	24	0.66724	0.32968	0.54804
2005	12	 4	24	0.95542	0.32457	0.73266
2005	12	 5	24	0.91331	0.32186	0.70446
2005	12	 6	24	0.85903	0.31819	0.66805
2005	12	 7	24	0.78603	0.32750	0.62412
2005	12	 8	24	0.78275	0.32519	0.62118
2005	12	 9	24	0.68600	0.32714	0.55928
2005	12	10	24	0.61296	0.32364	0.51080
2005	12	11	24	0.55308	0.31993	0.47076
2005	12	12	24	0.57841	0.31560	0.48561
2005	12	13	24	0.54707	0.32983	0.47036
2005	12	14	24	0.59296	0.32965	0.49998
2005	12	15	24	1.98951	0.32744	1.40262
2005	12	16	24	3.14303	0.36150	2.16084
2005	12	17	24	2.27199	0.36828	1.59977
2005	12	18	24	1.73849	0.37003	1.25527
2005	12	19	24	1.65459	0.36897	1.20062
2005	12	20	24	2.53206	0.36609	1.76723
2005	12	21	24	2.12622	0.36291	1.50358
2005	12	22	24	2.32397	0.36052	1.63065
2005	12	23	24	2.63810	0.36841	1.83665
2005	12	24	24	3.13674	0.41944	2.17723
2005	12	25	24	2.61324	0.45124	1.84982
2005	12	26	24	2.22831	0.44135	1.59732
2005	12	27	24	1.81069	0.42699	1.32209
2005	12	28	24	1.47659	0.41410	1.10142
2005	12	29	24	1.22623	0.40273	0.93544
2005	12	30	24	1.14596	0.39272	0.87998
2005	12	31	24	1.09975	0.38388	0.84697
2006	 1	 1	24	1.28021	0.37592	0.96090
2006	 1	 2	24	1.29320	0.36915	0.96691
2006	 1	 3	24	1.25153	0.36369	0.93802
2006	 1	 4	24	1.06130	0.35751	0.81278
2006	 1	 5	24	0.91721	0.35168	0.71751
2006	 1	 6	24	0.84868	0.34614	0.67123
2006	 1	 7	24	0.79539	0.34197	0.63528
2006	 1	 8	24	0.71840	0.33670	0.58362
2006	 1	 9	24	0.90418	0.33192	0.70211
2006	 1	10	24	1.09114	0.33977	0.82582
2006	 1	11	24	1.38769	0.38166	1.03245
2006	 1	12	24	1.30580	0.42034	0.99314
2006	 1	13	24	1.19218	0.40765	0.91515
2006	 1	14	24	1.17336	0.41918	0.90705
2006	 1	15	24	1.05249	0.40314	0.82320
2006	 1	16	24	0.95216	0.38734	0.75272
2006	 1	17	24	1.06965	0.37371	0.82391
2006	 1	18	24	1.02975	0.36184	0.79390
2006	 1	19	24	0.89105	0.35157	0.70056
2006	 1	20	24	1.98971	0.39617	1.42702
2006	 1	21	24	3.29730	0.52257	2.31751
2006	 1	22	24	2.65509	0.51330	1.89880
2006	 1	23	24	2.14495	0.47606	1.55565
2006	 1	24	24	1.94217	0.44568	1.41374
2006	 1	25	24	1.62531	0.42095	1.20004
2006	 1	26	24	1.35855	0.40049	1.02025
2006	 1	27	24	1.24590	0.38347	0.94136
2006	 1	28	24	1.28264	0.41413	0.97596
2006	 1	29	24	1.23883	0.48675	0.97326
2006	 1	30	24	1.17497	0.52617	0.94587
2006	 1	31	24	1.10985	0.56787	0.91847
2006	 2	 1	24	1.24011	0.81863	1.09128
2006	 2	 2	24	1.20973	0.96501	1.12332
2006	 2	 3	24	1.02609	0.88758	0.97718
2006	 2	 4	24	0.88512	0.78275	0.84897
2006	 2	 5	24	0.77739	0.70202	0.75078
2006	 2	 6	24	0.86565	0.63641	0.78470
2006	 2	 7	24	3.43756	1.35731	2.70300
2006	 2	 8	24	3.76202	1.46281	2.95015
2006	 2	 9	24	3.96681	1.33898	3.03890
2006	 2	10	24	4.06346	1.15775	3.03742
2006	 2	11	24	3.47659	1.01336	2.60679
2006	 2	12	24	3.06064	0.90025	2.29779
2006	 2	13	24	2.89674	0.81788	2.16267
2006	 2	14	24	2.93409	0.79904	2.18018
2006	 2	15	24	2.96310	0.73996	2.17808
2006	 2	16	24	3.19686	0.76164	2.33696
2006	 2	17	24	3.24326	0.90880	2.41894
2006	 2	18	24	2.95818	0.99474	2.26487
2006	 2	19	24	2.69095	1.15198	2.14753
2006	 2	20	24	2.35493	1.18402	1.94146
2006	 2	21	24	2.01380	1.08508	1.68586
2006	 2	22	24	1.68979	0.96782	1.43486
2006	 2	23	24	1.43797	0.87331	1.23858
2006	 2	24	24	1.32823	0.81777	1.14798
2006	 2	25	24	1.16015	0.75771	1.01804
2006	 2	26	24	1.01751	0.70593	0.90749
2006	 2	27	24	0.99067	0.66377	0.87524
2006	 2	28	24	1.29873	0.62900	1.06224
2006	 3	 1	24	1.60650	0.59950	1.25091
2006	 3	 2	24	1.79718	0.57454	1.36545
2006	 3	 3	24	1.93514	0.55402	1.44745
2006	 3	 4	24	1.69746	0.53582	1.28727
2006	 3	 5	24	1.74000	0.52001	1.30921
2006	 3	 6	24	1.83779	0.50821	1.36830
2006	 3	 7	24	1.95564	0.49634	1.44034
2006	 3	 8	24	2.07319	0.48492	1.51236
2006	 3	 9	24	3.02394	0.47675	2.12450
2006	 3	10	24	3.45730	0.52995	2.42362
2006	 3	11	24	3.80328	0.57558	2.66355
2006	 3	12	24	3.13037	0.55456	2.22082
2006	 3	13	24	2.58398	0.53320	1.85983
2006	 3	14	24	2.21213	0.51367	1.61238
2006	 3	15	24	1.88429	0.49573	1.39397
2006	 3	16	24	1.74744	0.47985	1.29984
2006	 3	17	24	1.59031	0.46564	1.19318
2006	 3	18	24	1.50890	0.45294	1.13603
2006	 3	19	24	2.05952	0.49415	1.50677
2006	 3	20	24	2.53021	0.67912	1.87657
2006	 3	21	24	2.71045	0.86620	2.05923
2006	 3	22	24	2.46490	0.99014	1.94415
2006	 3	23	24	2.19801	1.05315	1.79375
2006	 3	24	24	2.00484	1.15932	1.70628
2006	 3	25	24	2.00791	1.63163	1.87504
2006	 3	26	24	2.87586	3.44093	3.07540
2006	 3	27	24	2.79571	4.15259	3.27484
2006	 3	28	24	2.57586	4.39995	3.21997
2006	 3	29	24	2.38216	4.63516	3.17772
2006	 3	30	24	3.29041	5.07837	3.92176
2006	 3	31	24	3.03842	5.57682	3.93476
2006	 4	 1	24	2.74885	6.13697	3.94523
2006	 4	 2	24	2.47496	6.88151	4.03096
2006	 4	 3	24	2.27956	7.83332	4.24066
2006	 4	 4	24	2.00585	8.53113	4.31000
2006	 4	 5	24	1.75228	8.65439	4.18949
2006	 4	 6	24	1.57918	8.31117	3.95632
2006	 4	 7	24	1.47555	8.09341	3.81239
2006	 4	 8	24	1.43024	8.64400	3.97750
2006	 4	 9	24	1.34230	9.60724	4.26074
2006	 4	10	24	1.41495	9.58926	4.30139
2006	 4	11	24	1.27956	8.61423	3.86951
2006	 4	12	24	1.15258	7.32366	3.33166
2006	 4	13	24	1.12159	6.69175	3.08847
2006	 4	14	24	1.17523	7.86874	3.53878
2006	 4	15	24	1.09795	9.37710	4.02141
2006	 4	16	24	1.17363	10.43190	4.44283
2006	 4	17	24	1.08785	12.06528	4.96410
2006	 4	18	24	0.98222	12.43186	5.02521
2006	 4	19	24	0.89464	11.98188	4.80966
2006	 4	20	24	0.82210	11.40446	4.55885
2006	 4	21	24	0.76222	10.90984	4.34546
2006	 4	22	24	0.71520	10.01948	4.00064
2006	 4	23	24	0.68077	8.70393	3.51384
2006	 4	24	24	0.65426	7.24048	2.97993
2006	 4	25	24	0.63250	5.95007	2.51019
2006	 4	26	24	0.61467	4.85801	2.11304
2006	 4	27	24	0.60018	4.23583	1.88397
2006	 4	28	24	0.58839	3.61343	1.65656
2006	 4	29	24	0.82225	3.17110	1.65165
