YY	MM	DD	HH	"1"	"2"	tot_average
snow_melt_(effective_outflow_from_snow_cover)___snow_model
--	--	--	--	0.6468891	0.3531109	1.0000
2000	 8	 1	24	0.0000	0.0000	0.0000
2000	 8	 2	24	0.4047	0.3918	0.4002
2000	 8	 3	24	0.1068	0.8618	0.3734
2000	 8	 4	24	0.0000	0.0000	0.0000
2000	 8	 5	24	0.0000	0.0000	0.0000
2000	 8	 6	24	2.4536	3.9327	2.9759
2000	 8	 7	24	3.3036	3.1606	3.2531
2000	 8	 8	24	0.0000	0.0000	0.0000
2000	 8	 9	24	0.0000	0.0000	0.0000
2000	 8	10	24	0.7467	0.0408	0.4974
2000	 8	11	24	0.0000	0.0000	0.0000
2000	 8	12	24	0.0000	0.0000	0.0000
2000	 8	13	24	0.0000	0.0000	0.0000
2000	 8	14	24	0.0000	0.0000	0.0000
2000	 8	15	24	4.9718	9.8030	6.6778
2000	 8	16	24	0.0000	0.0000	0.0000
2000	 8	17	24	0.1233	0.0110	0.0837
2000	 8	18	24	0.2118	0.0492	0.1544
2000	 8	19	24	0.0591	0.0000	0.0382
2000	 8	20	24	13.6509	7.9569	11.6403
2000	 8	21	24	20.3678	21.5402	20.7818
2000	 8	22	24	0.3491	0.1123	0.2655
2000	 8	23	24	0.0000	0.0000	0.0000
2000	 8	24	24	0.0000	0.0000	0.0000
2000	 8	25	24	0.0000	0.0000	0.0000
2000	 8	26	24	0.0000	0.0000	0.0000
2000	 8	27	24	0.0000	0.0000	0.0000
2000	 8	28	24	4.6560	1.3155	3.4764
2000	 8	29	24	0.0000	0.0000	0.0000
2000	 8	30	24	0.0000	0.0000	0.0000
2000	 8	31	24	0.1667	0.3705	0.2387
2000	 9	 1	24	4.2857	5.9285	4.8658
2000	 9	 2	24	3.9315	3.5785	3.8069
2000	 9	 3	24	22.2451	31.6770	25.5756
2000	 9	 4	24	2.5946	2.0479	2.4015
2000	 9	 5	24	0.8653	0.4733	0.7269
2000	 9	 6	24	6.9320	11.4437	8.5251
2000	 9	 7	24	1.7233	1.0230	1.4760
2000	 9	 8	24	0.0000	0.0000	0.0000
2000	 9	 9	24	0.0000	0.0000	0.0000
2000	 9	10	24	0.0000	0.0000	0.0000
2000	 9	11	24	0.0000	0.0000	0.0000
2000	 9	12	24	0.0000	0.0000	0.0000
2000	 9	13	24	3.0929	1.3924	2.4924
2000	 9	14	24	0.0000	0.0000	0.0000
2000	 9	15	24	0.0000	0.0000	0.0000
2000	 9	16	24	2.4914	1.5104	2.1450
2000	 9	17	24	1.0607	0.3913	0.8243
2000	 9	18	24	0.0000	0.0000	0.0000
2000	 9	19	24	0.0000	0.0000	0.0000
2000	 9	20	24	0.0071	0.0000	0.0046
2000	 9	21	24	2.9139	2.2711	2.6869
2000	 9	22	24	0.0000	0.0000	0.0000
2000	 9	23	24	0.0000	0.0000	0.0000
2000	 9	24	24	0.0000	0.0000	0.0000
2000	 9	25	24	0.0000	0.0000	0.0000
2000	 9	26	24	0.0000	0.0000	0.0000
2000	 9	27	24	0.8733	0.1255	0.6092
2000	 9	28	24	0.2999	0.0088	0.1971
2000	 9	29	24	0.0000	0.0000	0.0000
2000	 9	30	24	0.0000	0.0000	0.0000
2000	10	 1	24	16.5548	30.6432	21.5295
2000	10	 2	24	0.9998	0.1680	0.7061
2000	10	 3	24	0.9645	0.8607	0.9279
2000	10	 4	24	0.3534	0.0575	0.2489
2000	10	 5	24	4.2858	4.3415	4.3054
2000	10	 6	24	8.6538	7.1032	8.1062
2000	10	 7	24	20.0633	16.9302	18.9570
2000	10	 8	24	3.0881	2.0411	2.7184
2000	10	 9	24	0.8051	0.6241	0.7412
2000	10	10	24	0.4014	0.1325	0.3064
2000	10	11	24	1.1665	0.9907	1.1044
2000	10	12	24	0.3168	0.1279	0.2501
2000	10	13	24	0.1720	0.0000	0.1113
2000	10	14	24	0.0006	0.0000	0.0004
2000	10	15	24	0.0000	0.0000	0.0000
2000	10	16	24	0.0000	0.0000	0.0000
2000	10	17	24	0.6274	0.4442	0.5628
2000	10	18	24	6.6681	10.3299	7.9611
2000	10	19	24	0.1052	0.0000	0.0680
2000	10	20	24	0.0000	0.0452	0.0160
2000	10	21	24	0.0000	0.0000	0.0000
2000	10	22	24	0.0000	0.0000	0.0000
2000	10	23	24	0.2878	0.3172	0.2982
2000	10	24	24	0.5160	0.3641	0.4624
2000	10	25	24	2.2395	2.0927	2.1877
2000	10	26	24	6.5848	6.1959	6.4475
2000	10	27	24	1.6735	1.5651	1.6352
2000	10	28	24	0.4172	0.5275	0.4561
2000	10	29	24	0.0013	0.0000	0.0008
2000	10	30	24	0.0000	0.0000	0.0000
2000	10	31	24	0.3944	0.3265	0.3704
2000	11	 1	24	0.3379	0.1144	0.2589
2000	11	 2	24	0.0000	0.0000	0.0000
2000	11	 3	24	6.6813	7.5192	6.9771
2000	11	 4	24	0.0481	0.0000	0.0311
2000	11	 5	24	0.0000	0.0000	0.0000
2000	11	 6	24	0.5529	1.2921	0.8139
2000	11	 7	24	3.5151	3.6094	3.5484
2000	11	 8	24	0.0000	0.0000	0.0000
2000	11	 9	24	0.0000	0.0000	0.0000
2000	11	10	24	0.0000	0.0000	0.0000
2000	11	11	24	0.0000	0.0000	0.0000
2000	11	12	24	0.0000	0.0000	0.0000
2000	11	13	24	0.0000	0.0000	0.0000
2000	11	14	24	5.1673	4.5260	4.9409
2000	11	15	24	0.6635	0.4509	0.5884
2000	11	16	24	1.1121	1.8987	1.3899
2000	11	17	24	5.6737	4.3890	5.2200
2000	11	18	24	0.0000	0.0000	0.0000
2000	11	19	24	0.0000	0.0000	0.0000
2000	11	20	24	1.3379	1.2814	1.3179
2000	11	21	24	1.4238	2.1341	1.6746
2000	11	22	24	0.0000	0.0000	0.0000
2000	11	23	24	0.0000	0.0000	0.0000
2000	11	24	24	7.4640	9.0664	8.0298
2000	11	25	24	6.2934	5.6480	6.0655
2000	11	26	24	4.1726	5.3331	4.5824
2000	11	27	24	1.7482	1.2275	1.5643
2000	11	28	24	1.7407	1.6790	1.7189
2000	11	29	24	0.0486	0.0000	0.0314
2000	11	30	24	0.0000	0.0000	0.0000
2000	12	 1	24	0.0000	0.0000	0.0000
2000	12	 2	24	0.0000	0.0000	0.0000
2000	12	 3	24	0.0000	0.0000	0.0000
2000	12	 4	24	0.0901	0.0068	0.0606
2000	12	 5	24	0.1172	0.6555	0.3073
2000	12	 6	24	0.0000	0.0000	0.0000
2000	12	 7	24	0.0115	0.0000	0.0075
2000	12	 8	24	1.1344	1.3967	1.2270
2000	12	 9	24	0.0000	0.0000	0.0000
2000	12	10	24	4.0418	4.0513	4.0452
2000	12	11	24	4.1650	7.2997	5.2719
2000	12	12	24	3.5706	2.0712	3.0412
2000	12	13	24	0.1535	0.0356	0.1119
2000	12	14	24	2.7342	4.7072	3.4309
2000	12	15	24	9.2665	7.5489	8.6600
2000	12	16	24	3.8365	0.0000	2.4818
2000	12	17	24	0.3868	0.0000	0.2502
2000	12	18	24	0.8953	1.4373	1.0867
2000	12	19	24	0.4292	1.1767	0.6932
2000	12	20	24	0.1227	0.0607	0.1008
2000	12	21	24	0.0019	0.0098	0.0047
2000	12	22	24	0.0015	0.0081	0.0039
2000	12	23	24	0.0078	0.0087	0.0081
2000	12	24	24	0.1564	1.1070	0.4921
2000	12	25	24	1.7229	0.0238	1.1229
2000	12	26	24	0.0626	0.0046	0.0421
2000	12	27	24	0.1095	0.1217	0.1138
2000	12	28	24	1.1762	2.1664	1.5258
2000	12	29	24	1.2459	0.1264	0.8506
2000	12	30	24	2.7637	0.0000	1.7878
2000	12	31	24	0.9403	0.0000	0.6082
2001	 1	 1	24	2.4286	0.0000	1.5710
2001	 1	 2	24	2.1384	0.0000	1.3833
2001	 1	 3	24	1.2794	2.0042	1.5353
2001	 1	 4	24	1.3199	1.0670	1.2306
2001	 1	 5	24	8.9783	6.4500	8.0855
2001	 1	 6	24	2.9667	8.6168	4.9618
2001	 1	 7	24	0.6928	4.0676	1.8845
2001	 1	 8	24	0.3351	2.3669	1.0525
2001	 1	 9	24	0.4242	0.0997	0.3096
2001	 1	10	24	2.3481	0.7370	1.7792
2001	 1	11	24	0.2676	0.0000	0.1731
2001	 1	12	24	0.0133	0.0000	0.0086
2001	 1	13	24	0.0005	0.0000	0.0003
2001	 1	14	24	0.0100	0.0000	0.0065
2001	 1	15	24	0.0064	0.0000	0.0042
2001	 1	16	24	0.0017	0.0000	0.0011
2001	 1	17	24	0.0020	0.0003	0.0014
2001	 1	18	24	0.1476	0.0000	0.0955
2001	 1	19	24	0.2261	0.0000	0.1463
2001	 1	20	24	0.2496	0.0000	0.1615
2001	 1	21	24	0.2721	0.0000	0.1760
2001	 1	22	24	0.7075	0.0000	0.4576
2001	 1	23	24	1.7572	0.0000	1.1367
2001	 1	24	24	6.0816	0.0000	3.9341
2001	 1	25	24	5.2045	0.8994	3.6843
2001	 1	26	24	2.0902	2.1117	2.0978
2001	 1	27	24	1.4881	0.1209	1.0053
2001	 1	28	24	1.2893	2.3453	1.6622
2001	 1	29	24	0.6863	0.2863	0.5450
2001	 1	30	24	2.1622	0.0802	1.4270
2001	 1	31	24	0.5422	0.0000	0.3508
2001	 2	 1	24	1.0047	0.0000	0.6499
2001	 2	 2	24	0.7931	0.0000	0.5130
2001	 2	 3	24	0.0000	0.0000	0.0000
2001	 2	 4	24	2.8376	0.0000	1.8356
2001	 2	 5	24	9.9892	7.0297	8.9442
2001	 2	 6	24	12.2656	11.8726	12.1269
2001	 2	 7	24	12.3691	10.9461	11.8666
2001	 2	 8	24	9.4162	7.6975	8.8093
2001	 2	 9	24	5.0940	8.5994	6.3318
2001	 2	10	24	0.6706	1.5141	0.9684
2001	 2	11	24	1.6710	4.7754	2.7672
2001	 2	12	24	5.3525	14.3386	8.5256
2001	 2	13	24	0.8152	4.4465	2.0975
2001	 2	14	24	0.4327	3.9035	1.6583
2001	 2	15	24	0.5852	10.2750	4.0068
2001	 2	16	24	0.0007	4.3431	1.5340
2001	 2	17	24	1.2849	0.3005	0.9373
2001	 2	18	24	0.7667	0.0000	0.4960
2001	 2	19	24	2.2200	0.0000	1.4361
2001	 2	20	24	1.7610	1.3473	1.6149
2001	 2	21	24	4.7921	1.4557	3.6140
2001	 2	22	24	11.8888	0.0000	7.6908
2001	 2	23	24	0.6072	0.0000	0.3928
2001	 2	24	24	0.0000	0.0000	0.0000
2001	 2	25	24	0.0236	0.0000	0.0153
2001	 2	26	24	0.6994	0.0000	0.4524
2001	 2	27	24	2.0885	0.0000	1.3510
2001	 2	28	24	3.0829	0.0000	1.9943
2001	 3	 1	24	4.2304	0.0000	2.7366
2001	 3	 2	24	2.7043	0.0000	1.7494
2001	 3	 3	24	4.8289	0.0000	3.1238
2001	 3	 4	24	5.3819	0.1759	3.5436
2001	 3	 5	24	1.0191	0.0022	0.6601
2001	 3	 6	24	3.2538	0.5648	2.3043
2001	 3	 7	24	5.3226	1.7931	4.0763
2001	 3	 8	24	11.6474	10.4627	11.2291
2001	 3	 9	24	13.0630	10.6673	12.2171
2001	 3	10	24	12.2903	11.9777	12.1799
2001	 3	11	24	10.0217	14.2769	11.5243
2001	 3	12	24	18.8181	29.0017	22.4140
2001	 3	13	24	6.5221	10.7852	8.0274
2001	 3	14	24	3.4103	3.9494	3.6007
2001	 3	15	24	2.8682	2.9658	2.9027
2001	 3	16	24	2.0652	6.4198	3.6029
2001	 3	17	24	10.1263	13.5956	11.3514
2001	 3	18	24	4.4557	10.4511	6.5728
2001	 3	19	24	4.6329	6.3188	5.2282
2001	 3	20	24	0.3950	0.0165	0.2614
2001	 3	21	24	1.2063	0.0000	0.7803
2001	 3	22	24	7.0300	4.2858	6.0610
2001	 3	23	24	7.0342	7.0775	7.0495
2001	 3	24	24	13.9570	26.2142	18.2852
2001	 3	25	24	6.7758	12.8134	8.9078
2001	 3	26	24	0.0000	0.0008	0.0003
2001	 3	27	24	0.0038	0.0000	0.0024
2001	 3	28	24	1.0378	0.0000	0.6714
2001	 3	29	24	0.0466	0.3691	0.1605
2001	 3	30	24	0.8481	2.7830	1.5313
2001	 3	31	24	0.0000	0.2884	0.1018
2001	 4	 1	24	0.0000	0.0000	0.0000
2001	 4	 2	24	0.0000	0.0000	0.0000
2001	 4	 3	24	2.2473	2.2959	2.2645
2001	 4	 4	24	7.0045	8.3501	7.4797
2001	 4	 5	24	0.3308	0.0000	0.2140
2001	 4	 6	24	2.6018	3.5594	2.9399
2001	 4	 7	24	4.6087	4.2935	4.4974
2001	 4	 8	24	2.7603	2.8023	2.7752
2001	 4	 9	24	0.0000	0.0000	0.0000
2001	 4	10	24	0.1554	0.0000	0.1005
2001	 4	11	24	0.5059	0.8158	0.6153
2001	 4	12	24	4.4395	5.3732	4.7692
2001	 4	13	24	4.4310	0.0000	2.8664
2001	 4	14	24	4.2216	0.0000	2.7309
2001	 4	15	24	5.7251	0.2679	3.7981
2001	 4	16	24	5.6183	5.2528	5.4893
2001	 4	17	24	2.0262	3.5259	2.5557
2001	 4	18	24	2.8463	5.0432	3.6220
2001	 4	19	24	0.8523	4.3669	2.0933
2001	 4	20	24	5.3530	5.5107	5.4087
2001	 4	21	24	6.0411	2.8646	4.9195
2001	 4	22	24	1.0848	1.0503	1.0726
2001	 4	23	24	0.0135	0.1192	0.0508
2001	 4	24	24	0.0000	0.0000	0.0000
2001	 4	25	24	7.1335	8.8289	7.7322
2001	 4	26	24	0.0171	0.0054	0.0129
2001	 4	27	24	2.8176	1.3873	2.3126
2001	 4	28	24	2.2053	1.8826	2.0913
2001	 4	29	24	0.5134	0.7417	0.5940
2001	 4	30	24	0.0000	0.0000	0.0000
2001	 5	 1	24	0.0000	0.0000	0.0000
2001	 5	 2	24	0.0000	0.0000	0.0000
2001	 5	 3	24	8.0523	4.6788	6.8611
2001	 5	 4	24	29.6189	34.2126	31.2410
2001	 5	 5	24	9.7549	9.0054	9.4903
2001	 5	 6	24	2.8693	1.8426	2.5068
2001	 5	 7	24	1.0232	0.5522	0.8569
2001	 5	 8	24	0.4688	0.0720	0.3287
2001	 5	 9	24	0.0000	0.0000	0.0000
2001	 5	10	24	0.0000	0.0000	0.0000
2001	 5	11	24	0.0000	0.0000	0.0000
2001	 5	12	24	0.0000	0.0000	0.0000
2001	 5	13	24	0.0000	0.0000	0.0000
2001	 5	14	24	0.0486	0.1810	0.0953
2001	 5	15	24	13.5594	8.8604	11.9001
2001	 5	16	24	0.8262	0.3424	0.6554
2001	 5	17	24	4.9377	4.5340	4.7952
2001	 5	18	24	2.0738	3.1643	2.4588
2001	 5	19	24	0.1434	0.0000	0.0928
2001	 5	20	24	0.0000	0.0000	0.0000
2001	 5	21	24	0.0000	0.0000	0.0000
2001	 5	22	24	0.0000	0.0000	0.0000
2001	 5	23	24	0.0000	0.0000	0.0000
2001	 5	24	24	0.0000	0.0000	0.0000
2001	 5	25	24	0.0000	0.0000	0.0000
2001	 5	26	24	0.0000	0.0000	0.0000
2001	 5	27	24	1.3763	1.7577	1.5110
2001	 5	28	24	11.1695	14.2149	12.2448
2001	 5	29	24	0.0286	0.0000	0.0185
2001	 5	30	24	0.0000	0.0000	0.0000
2001	 5	31	24	5.9321	9.2315	7.0971
2001	 6	 1	24	0.7981	0.9533	0.8529
2001	 6	 2	24	2.7453	4.9025	3.5071
2001	 6	 3	24	5.7172	7.4862	6.3418
2001	 6	 4	24	9.8977	16.0829	12.0818
2001	 6	 5	24	1.7894	0.3866	1.2940
2001	 6	 6	24	0.0855	0.0000	0.0553
2001	 6	 7	24	1.1707	1.1031	1.1469
2001	 6	 8	24	1.2188	1.3301	1.2581
2001	 6	 9	24	0.0000	0.0000	0.0000
2001	 6	10	24	6.6953	6.6245	6.6703
2001	 6	11	24	2.6089	2.3326	2.5113
2001	 6	12	24	0.0000	0.0000	0.0000
2001	 6	13	24	0.0000	0.0000	0.0000
2001	 6	14	24	0.0000	0.0000	0.0000
2001	 6	15	24	1.3543	0.2199	0.9537
2001	 6	16	24	3.4084	3.3086	3.3732
2001	 6	17	24	1.7101	0.6399	1.3322
2001	 6	18	24	6.2285	5.6755	6.0332
2001	 6	19	24	0.0000	0.0000	0.0000
2001	 6	20	24	0.0000	0.0000	0.0000
2001	 6	21	24	9.8992	9.5300	9.7688
2001	 6	22	24	4.9282	8.6654	6.2478
2001	 6	23	24	0.5083	0.6582	0.5612
2001	 6	24	24	0.0000	0.0000	0.0000
2001	 6	25	24	0.0000	0.0000	0.0000
2001	 6	26	24	0.0000	0.0000	0.0000
2001	 6	27	24	0.0000	0.0000	0.0000
2001	 6	28	24	2.6675	1.8095	2.3645
2001	 6	29	24	0.0000	0.0000	0.0000
2001	 6	30	24	4.6000	7.5141	5.6290
2001	 7	 1	24	0.5350	2.2027	1.1239
2001	 7	 2	24	0.0000	0.0000	0.0000
2001	 7	 3	24	0.0000	0.0000	0.0000
2001	 7	 4	24	0.4645	0.0749	0.3269
2001	 7	 5	24	0.0000	0.0000	0.0000
2001	 7	 6	24	0.4221	0.2545	0.3630
2001	 7	 7	24	21.8945	19.3060	20.9805
2001	 7	 8	24	5.8343	6.2085	5.9664
2001	 7	 9	24	2.8778	2.6106	2.7834
2001	 7	10	24	0.6082	0.3561	0.5192
2001	 7	11	24	0.2637	0.4347	0.3240
2001	 7	12	24	0.0924	0.5144	0.2415
2001	 7	13	24	0.4268	0.7296	0.5337
2001	 7	14	24	0.0000	0.0000	0.0000
2001	 7	15	24	12.0881	11.4660	11.8685
2001	 7	16	24	8.2396	5.6556	7.3271
2001	 7	17	24	4.2442	4.2921	4.2611
2001	 7	18	24	0.8531	1.7615	1.1739
2001	 7	19	24	0.0295	0.2777	0.1171
2001	 7	20	24	12.5726	17.9031	14.4549
2001	 7	21	24	0.0111	0.0000	0.0072
2001	 7	22	24	0.0000	0.0000	0.0000
2001	 7	23	24	0.0000	0.0000	0.0000
2001	 7	24	24	0.0000	0.0000	0.0000
2001	 7	25	24	0.0000	0.0000	0.0000
2001	 7	26	24	0.0000	0.0000	0.0000
2001	 7	27	24	0.0000	0.0000	0.0000
2001	 7	28	24	0.0000	0.0000	0.0000
2001	 7	29	24	1.6766	0.4652	1.2489
2001	 7	30	24	0.0000	0.0000	0.0000
2001	 7	31	24	3.0245	2.3485	2.7858
2001	 8	 1	24	0.2888	0.0435	0.2022
2001	 8	 2	24	0.0000	0.0000	0.0000
2001	 8	 3	24	0.8415	0.5462	0.7372
2001	 8	 4	24	3.4702	1.2175	2.6748
2001	 8	 5	24	0.4745	0.0880	0.3380
2001	 8	 6	24	0.5469	0.4260	0.5042
2001	 8	 7	24	0.0000	0.0000	0.0000
2001	 8	 8	24	0.5367	0.1621	0.4044
2001	 8	 9	24	1.9207	1.1085	1.6339
2001	 8	10	24	0.0899	0.0000	0.0582
2001	 8	11	24	0.1119	0.2942	0.1763
2001	 8	12	24	0.0000	0.0000	0.0000
2001	 8	13	24	1.1420	0.9647	1.0794
2001	 8	14	24	0.0000	0.0000	0.0000
2001	 8	15	24	0.0000	0.0000	0.0000
2001	 8	16	24	1.5351	1.5202	1.5298
2001	 8	17	24	10.0284	10.9715	10.3614
2001	 8	18	24	0.0005	0.0000	0.0003
2001	 8	19	24	17.9660	8.2150	14.5228
2001	 8	20	24	15.3391	18.2522	16.3677
2001	 8	21	24	3.9005	3.5206	3.7664
2001	 8	22	24	0.3462	0.0000	0.2240
2001	 8	23	24	0.0000	0.0000	0.0000
2001	 8	24	24	0.0000	0.0000	0.0000
2001	 8	25	24	0.0047	0.1525	0.0569
2001	 8	26	24	6.8606	14.6975	9.6279
2001	 8	27	24	4.3733	3.2520	3.9773
2001	 8	28	24	0.2674	0.0389	0.1867
2001	 8	29	24	0.0329	0.0000	0.0213
2001	 8	30	24	0.3036	0.0467	0.2129
2001	 8	31	24	6.3726	6.5999	6.4529
2001	 9	 1	24	19.8756	22.5324	20.8137
2001	 9	 2	24	0.1839	0.0000	0.1190
2001	 9	 3	24	3.7531	4.1421	3.8904
2001	 9	 4	24	1.8460	0.6223	1.4139
2001	 9	 5	24	1.0465	0.2840	0.7772
2001	 9	 6	24	1.0070	0.9924	1.0018
2001	 9	 7	24	11.3076	14.6591	12.4911
2001	 9	 8	24	5.6575	8.6896	6.7282
2001	 9	 9	24	12.5634	15.4727	13.5907
2001	 9	10	24	14.9044	24.0567	18.1362
2001	 9	11	24	2.7067	3.2395	2.8948
2001	 9	12	24	6.4981	7.6165	6.8930
2001	 9	13	24	6.9750	7.8183	7.2728
2001	 9	14	24	1.6029	3.4548	2.2568
2001	 9	15	24	1.9417	1.7066	1.8587
2001	 9	16	24	1.7116	1.7100	1.7110
2001	 9	17	24	1.2429	0.9057	1.1238
2001	 9	18	24	5.1800	6.9016	5.7879
2001	 9	19	24	3.4674	6.8582	4.6647
2001	 9	20	24	4.3560	5.0411	4.5980
2001	 9	21	24	3.2414	2.0942	2.8363
2001	 9	22	24	0.6006	0.1424	0.4388
2001	 9	23	24	3.7356	5.4173	4.3294
2001	 9	24	24	3.6338	5.2084	4.1898
2001	 9	25	24	3.3925	2.3090	3.0099
2001	 9	26	24	0.8192	0.5943	0.7398
2001	 9	27	24	1.9484	2.1407	2.0163
2001	 9	28	24	1.0166	0.9416	0.9901
2001	 9	29	24	0.1583	0.1051	0.1395
2001	 9	30	24	4.1325	2.9141	3.7023
2001	10	 1	24	8.7330	8.6948	8.7195
2001	10	 2	24	0.0403	0.0000	0.0261
2001	10	 3	24	10.5987	12.1147	11.1340
2001	10	 4	24	4.6188	3.5171	4.2298
2001	10	 5	24	0.0084	0.0000	0.0054
2001	10	 6	24	0.0106	0.0118	0.0110
2001	10	 7	24	0.0430	0.0798	0.0560
2001	10	 8	24	1.0119	0.3281	0.7704
2001	10	 9	24	0.0000	0.0000	0.0000
2001	10	10	24	0.0000	0.0000	0.0000
2001	10	11	24	0.0000	0.0000	0.0000
2001	10	12	24	0.0000	0.0000	0.0000
2001	10	13	24	0.0000	0.0000	0.0000
2001	10	14	24	0.0000	0.0000	0.0000
2001	10	15	24	0.0000	0.0000	0.0000
2001	10	16	24	0.0095	0.0000	0.0062
2001	10	17	24	0.0000	0.0000	0.0000
2001	10	18	24	0.0000	0.0000	0.0000
2001	10	19	24	0.0106	0.1884	0.0734
2001	10	20	24	0.0000	0.0000	0.0000
2001	10	21	24	5.4779	6.8404	5.9590
2001	10	22	24	4.6704	5.8273	5.0789
2001	10	23	24	0.0786	0.0000	0.0508
2001	10	24	24	3.1558	3.2259	3.1806
2001	10	25	24	0.4688	0.2786	0.4016
2001	10	26	24	0.0106	0.1883	0.0733
2001	10	27	24	2.5656	2.3329	2.4834
2001	10	28	24	4.7600	3.5473	4.3318
2001	10	29	24	0.3620	0.2486	0.3219
2001	10	30	24	0.0000	0.0000	0.0000
2001	10	31	24	1.9484	1.8684	1.9201
2001	11	 1	24	5.4067	7.2795	6.0680
2001	11	 2	24	2.3184	2.0005	2.2061
2001	11	 3	24	0.0000	0.0000	0.0000
2001	11	 4	24	0.0009	0.0000	0.0006
2001	11	 5	24	0.8196	1.1529	0.9373
2001	11	 6	24	2.5230	3.5483	2.8850
2001	11	 7	24	10.7585	8.3614	9.9121
2001	11	 8	24	22.4367	21.0698	21.9540
2001	11	 9	24	1.0343	0.0000	0.6691
2001	11	10	24	0.3901	0.4789	0.4214
2001	11	11	24	0.0239	0.0002	0.0155
2001	11	12	24	5.7312	4.3490	5.2431
2001	11	13	24	0.5693	0.2044	0.4404
2001	11	14	24	0.0232	0.2547	0.1049
2001	11	15	24	1.4198	1.1672	1.3306
2001	11	16	24	0.0332	0.0000	0.0215
2001	11	17	24	0.1483	0.0000	0.0959
2001	11	18	24	1.2904	0.3324	0.9521
2001	11	19	24	6.0749	5.9320	6.0244
2001	11	20	24	0.2501	0.0053	0.1637
2001	11	21	24	1.3037	2.1425	1.5999
2001	11	22	24	17.3629	14.7949	16.4561
2001	11	23	24	0.7226	0.0000	0.4675
2001	11	24	24	0.3600	0.0000	0.2328
2001	11	25	24	2.0566	0.0185	1.3370
2001	11	26	24	8.5336	10.6933	9.2962
2001	11	27	24	3.9039	2.8881	3.5452
2001	11	28	24	5.2939	2.2161	4.2071
2001	11	29	24	8.6261	4.7563	7.2596
2001	11	30	24	0.2965	1.1114	0.5842
2001	12	 1	24	0.0363	0.0000	0.0235
2001	12	 2	24	0.3134	1.5913	0.7646
2001	12	 3	24	0.2739	1.6879	0.7732
2001	12	 4	24	3.9460	0.0000	2.5526
2001	12	 5	24	25.1107	22.6625	24.2462
2001	12	 6	24	19.1302	18.3604	18.8584
2001	12	 7	24	1.3033	1.3744	1.3284
2001	12	 8	24	0.0001	0.0001	0.0001
2001	12	 9	24	0.0435	0.0021	0.0289
2001	12	10	24	2.3570	0.3020	1.6314
2001	12	11	24	3.2545	0.2422	2.1908
2001	12	12	24	5.0182	0.0000	3.2462
2001	12	13	24	0.0000	0.0000	0.0000
2001	12	14	24	0.0000	0.0000	0.0000
2001	12	15	24	0.0000	0.0000	0.0000
2001	12	16	24	0.0000	0.0000	0.0000
2001	12	17	24	0.0000	0.0000	0.0000
2001	12	18	24	0.0000	0.0000	0.0000
2001	12	19	24	5.7311	0.0000	3.7074
2001	12	20	24	0.0000	0.0000	0.0000
2001	12	21	24	0.5722	0.0000	0.3702
2001	12	22	24	1.5819	0.0000	1.0233
2001	12	23	24	0.0000	0.0000	0.0000
2001	12	24	24	0.4572	0.0000	0.2958
2001	12	25	24	6.5114	0.0000	4.2122
2001	12	26	24	2.4579	0.0000	1.5900
2001	12	27	24	3.8964	0.0000	2.5205
2001	12	28	24	9.9226	0.0000	6.4188
2001	12	29	24	4.0160	0.0000	2.5979
2001	12	30	24	1.0600	0.0000	0.6857
2001	12	31	24	0.0000	0.0000	0.0000
2002	 1	 1	24	0.0069	0.0000	0.0045
2002	 1	 2	24	0.5776	0.0000	0.3737
2002	 1	 3	24	0.2900	0.0000	0.1876
2002	 1	 4	24	1.1926	0.0000	0.7715
2002	 1	 5	24	2.4944	0.0000	1.6136
2002	 1	 6	24	4.0836	0.0000	2.6416
2002	 1	 7	24	1.9297	0.0000	1.2483
2002	 1	 8	24	1.3885	0.0000	0.8982
2002	 1	 9	24	4.1429	1.6696	3.2696
2002	 1	10	24	3.8694	3.9623	3.9022
2002	 1	11	24	3.6167	2.3763	3.1787
2002	 1	12	24	4.3758	0.0218	2.8384
2002	 1	13	24	2.1555	0.0415	1.4090
2002	 1	14	24	3.6080	0.4847	2.5051
2002	 1	15	24	0.2923	0.0000	0.1891
2002	 1	16	24	0.6763	0.0000	0.4375
2002	 1	17	24	1.2893	0.0000	0.8340
2002	 1	18	24	1.4541	0.0000	0.9406
2002	 1	19	24	5.8906	0.0676	3.8345
2002	 1	20	24	12.0652	6.2928	10.0269
2002	 1	21	24	11.3605	10.5169	11.0626
2002	 1	22	24	9.0510	7.4074	8.4706
2002	 1	23	24	8.1065	5.6375	7.2347
2002	 1	24	24	11.2381	10.6097	11.0162
2002	 1	25	24	5.7948	3.5666	5.0080
2002	 1	26	24	11.3794	8.4668	10.3509
2002	 1	27	24	18.8819	21.4774	19.7984
2002	 1	28	24	15.4115	15.9920	15.6165
2002	 1	29	24	11.3779	13.3558	12.0763
2002	 1	30	24	9.0932	13.2711	10.5685
2002	 1	31	24	5.8712	13.1541	8.4429
2002	 2	 1	24	3.6501	9.4112	5.6844
2002	 2	 2	24	4.4287	14.1609	7.8652
2002	 2	 3	24	2.7425	9.3838	5.0876
2002	 2	 4	24	2.1714	8.9707	4.5723
2002	 2	 5	24	4.0737	12.1769	6.9350
2002	 2	 6	24	2.2348	10.3142	5.0877
2002	 2	 7	24	1.9905	5.4490	3.2117
2002	 2	 8	24	1.3274	6.0877	3.0083
2002	 2	 9	24	9.5134	19.3125	12.9736
2002	 2	10	24	4.9427	7.9409	6.0014
2002	 2	11	24	2.9532	10.9782	5.7869
2002	 2	12	24	20.3239	28.8709	23.3420
2002	 2	13	24	2.3953	3.6280	2.8306
2002	 2	14	24	0.0000	0.0303	0.0107
2002	 2	15	24	0.0000	0.1260	0.0445
2002	 2	16	24	0.0000	0.0156	0.0055
2002	 2	17	24	0.0000	0.0000	0.0000
2002	 2	18	24	0.0010	0.0000	0.0006
2002	 2	19	24	7.9568	2.6774	6.0926
2002	 2	20	24	11.6403	9.2261	10.7878
2002	 2	21	24	0.1530	0.0000	0.0989
2002	 2	22	24	5.7763	0.0000	3.7366
2002	 2	23	24	9.3088	4.2226	7.5128
2002	 2	24	24	3.7639	0.0004	2.4349
2002	 2	25	24	7.7871	0.9455	5.3713
2002	 2	26	24	13.2181	10.8485	12.3814
2002	 2	27	24	12.2339	9.6545	11.3231
2002	 2	28	24	7.4231	5.0817	6.5963
2002	 3	 1	24	4.8574	4.7109	4.8056
2002	 3	 2	24	0.5415	0.0544	0.3695
2002	 3	 3	24	1.0844	0.0018	0.7021
2002	 3	 4	24	1.3418	2.5889	1.7821
2002	 3	 5	24	2.1259	6.7913	3.7733
2002	 3	 6	24	2.4640	11.0677	5.5021
2002	 3	 7	24	5.2705	11.7508	7.5587
2002	 3	 8	24	0.2874	6.0197	2.3115
2002	 3	 9	24	0.5036	7.5667	2.9977
2002	 3	10	24	0.1480	1.5001	0.6255
2002	 3	11	24	0.0000	0.1754	0.0619
2002	 3	12	24	0.0000	0.0000	0.0000
2002	 3	13	24	0.2289	0.0000	0.1481
2002	 3	14	24	2.0277	1.1321	1.7114
2002	 3	15	24	0.1466	0.6752	0.3333
2002	 3	16	24	0.0000	0.0000	0.0000
2002	 3	17	24	0.0000	0.0000	0.0000
2002	 3	18	24	2.2820	0.3208	1.5895
2002	 3	19	24	2.2864	4.5297	3.0785
2002	 3	20	24	8.7154	9.2199	8.8935
2002	 3	21	24	1.9429	2.5439	2.1551
2002	 3	22	24	6.7831	6.0051	6.5084
2002	 3	23	24	7.6568	0.0000	4.9531
2002	 3	24	24	2.9009	0.0000	1.8765
2002	 3	25	24	0.4207	0.0000	0.2722
2002	 3	26	24	0.4180	0.0000	0.2704
2002	 3	27	24	2.0032	0.0000	1.2959
2002	 3	28	24	5.8401	3.0532	4.8560
2002	 3	29	24	4.2111	11.1107	6.6474
2002	 3	30	24	1.5730	15.2575	6.4051
2002	 3	31	24	0.0522	0.5525	0.2289
2002	 4	 1	24	0.0000	0.0000	0.0000
2002	 4	 2	24	0.0000	0.0000	0.0000
2002	 4	 3	24	0.0000	0.0000	0.0000
2002	 4	 4	24	0.0000	0.0000	0.0000
2002	 4	 5	24	0.0000	0.0000	0.0000
2002	 4	 6	24	0.2034	0.0784	0.1593
2002	 4	 7	24	0.0001	0.0011	0.0004
2002	 4	 8	24	0.0000	0.0000	0.0000
2002	 4	 9	24	0.0000	0.0000	0.0000
2002	 4	10	24	0.0000	0.0000	0.0000
2002	 4	11	24	0.4437	0.5323	0.4750
2002	 4	12	24	0.6036	0.9734	0.7342
2002	 4	13	24	1.7795	1.3635	1.6326
2002	 4	14	24	16.7114	16.8321	16.7540
2002	 4	15	24	6.5762	6.1445	6.4238
2002	 4	16	24	0.4280	0.0241	0.2854
2002	 4	17	24	0.0000	0.0000	0.0000
2002	 4	18	24	0.0000	0.0000	0.0000
2002	 4	19	24	2.2395	1.6848	2.0436
2002	 4	20	24	0.0000	0.0000	0.0000
2002	 4	21	24	0.0000	0.0000	0.0000
2002	 4	22	24	0.0000	0.0000	0.0000
2002	 4	23	24	0.0140	0.0000	0.0090
2002	 4	24	24	0.0000	0.0000	0.0000
2002	 4	25	24	0.0000	0.0000	0.0000
2002	 4	26	24	6.2208	6.1802	6.2065
2002	 4	27	24	1.1879	1.2313	1.2032
2002	 4	28	24	0.1762	0.4792	0.2832
2002	 4	29	24	0.6554	1.1929	0.8452
2002	 4	30	24	0.0000	0.0000	0.0000
2002	 5	 1	24	0.0974	0.3596	0.1900
2002	 5	 2	24	1.0803	1.0315	1.0631
2002	 5	 3	24	0.2225	0.0133	0.1486
2002	 5	 4	24	0.7531	0.2943	0.5911
2002	 5	 5	24	12.9705	12.4360	12.7817
2002	 5	 6	24	4.9758	6.6639	5.5718
2002	 5	 7	24	0.0000	0.0000	0.0000
2002	 5	 8	24	0.0000	0.0000	0.0000
2002	 5	 9	24	0.0000	0.0000	0.0000
2002	 5	10	24	0.4047	0.0670	0.2855
2002	 5	11	24	2.9763	2.9373	2.9626
2002	 5	12	24	2.9138	2.9324	2.9204
2002	 5	13	24	0.7288	2.2167	1.2542
2002	 5	14	24	0.0000	0.0000	0.0000
2002	 5	15	24	0.6775	0.0000	0.4383
2002	 5	16	24	0.0000	0.0000	0.0000
2002	 5	17	24	0.0000	0.0000	0.0000
2002	 5	18	24	0.0000	0.0000	0.0000
2002	 5	19	24	3.3631	2.3472	3.0044
2002	 5	20	24	0.0000	0.0000	0.0000
2002	 5	21	24	0.0000	0.0000	0.0000
2002	 5	22	24	0.0000	0.0000	0.0000
2002	 5	23	24	6.2623	5.5040	5.9945
2002	 5	24	24	0.0006	0.0000	0.0004
2002	 5	25	24	9.0186	9.4300	9.1639
2002	 5	26	24	1.7734	1.2466	1.5874
2002	 5	27	24	2.5190	1.9085	2.3034
2002	 5	28	24	2.0892	1.8361	1.9999
2002	 5	29	24	0.4214	0.5826	0.4783
2002	 5	30	24	0.2170	0.0000	0.1404
2002	 5	31	24	0.0000	0.0000	0.0000
2002	 6	 1	24	0.0000	0.0000	0.0000
2002	 6	 2	24	0.0000	0.0000	0.0000
2002	 6	 3	24	0.0000	0.0000	0.0000
2002	 6	 4	24	0.0000	0.0000	0.0000
2002	 6	 5	24	3.5682	3.3928	3.5063
2002	 6	 6	24	4.0776	2.6485	3.5730
2002	 6	 7	24	31.5542	27.3665	30.0755
2002	 6	 8	24	16.7180	16.4569	16.6258
2002	 6	 9	24	0.8948	0.2957	0.6832
2002	 6	10	24	0.4420	0.0790	0.3138
2002	 6	11	24	0.0000	0.0000	0.0000
2002	 6	12	24	0.0738	0.0000	0.0477
2002	 6	13	24	7.0109	7.4725	7.1739
2002	 6	14	24	1.2307	0.5326	0.9841
2002	 6	15	24	4.8402	4.6834	4.7849
2002	 6	16	24	0.1671	0.0000	0.1081
2002	 6	17	24	0.0000	0.0000	0.0000
2002	 6	18	24	0.0000	0.0000	0.0000
2002	 6	19	24	0.0766	0.0000	0.0496
2002	 6	20	24	7.5459	4.7847	6.5709
2002	 6	21	24	5.3790	3.8606	4.8428
2002	 6	22	24	0.0000	0.0000	0.0000
2002	 6	23	24	1.7841	2.0177	1.8666
2002	 6	24	24	0.0000	0.0000	0.0000
2002	 6	25	24	0.0000	0.0000	0.0000
2002	 6	26	24	0.0000	0.0000	0.0000
2002	 6	27	24	0.0034	0.0000	0.0022
2002	 6	28	24	0.5376	0.7579	0.6154
2002	 6	29	24	0.1192	0.0000	0.0771
2002	 6	30	24	0.0000	0.0000	0.0000
2002	 7	 1	24	1.2132	1.7976	1.4196
2002	 7	 2	24	6.5638	8.5946	7.2809
2002	 7	 3	24	3.4204	3.6612	3.5054
2002	 7	 4	24	0.9104	0.4770	0.7574
2002	 7	 5	24	0.0000	0.0000	0.0000
2002	 7	 6	24	6.2287	5.3465	5.9172
2002	 7	 7	24	0.0000	0.0000	0.0000
2002	 7	 8	24	0.0000	0.0000	0.0000
2002	 7	 9	24	0.0000	0.0000	0.0000
2002	 7	10	24	5.5899	3.2615	4.7677
2002	 7	11	24	0.0528	0.0000	0.0341
2002	 7	12	24	0.0000	0.0000	0.0000
2002	 7	13	24	12.1037	13.1048	12.4572
2002	 7	14	24	0.0000	0.0000	0.0000
2002	 7	15	24	0.0874	0.0000	0.0565
2002	 7	16	24	15.4390	14.0033	14.9320
2002	 7	17	24	2.0540	2.8512	2.3355
2002	 7	18	24	0.4172	0.6096	0.4851
2002	 7	19	24	0.2173	0.0000	0.1406
2002	 7	20	24	0.0000	0.0000	0.0000
2002	 7	21	24	0.7978	2.1138	1.2625
2002	 7	22	24	0.0031	0.0000	0.0020
2002	 7	23	24	0.0000	0.0000	0.0000
2002	 7	24	24	0.4108	0.6255	0.4866
2002	 7	25	24	0.3744	0.1159	0.2831
2002	 7	26	24	1.2467	1.2982	1.2649
2002	 7	27	24	0.0000	0.0000	0.0000
2002	 7	28	24	0.0000	0.0000	0.0000
2002	 7	29	24	0.0000	0.0000	0.0000
2002	 7	30	24	0.0000	0.0000	0.0000
2002	 7	31	24	2.2858	2.4161	2.3318
2002	 8	 1	24	29.6737	5.8937	21.2767
2002	 8	 2	24	0.0000	0.0000	0.0000
2002	 8	 3	24	0.0000	0.0000	0.0000
2002	 8	 4	24	9.6349	13.9861	11.1714
2002	 8	 5	24	1.7606	1.1573	1.5476
2002	 8	 6	24	3.0929	3.7318	3.3185
2002	 8	 7	24	11.5419	11.2397	11.4352
2002	 8	 8	24	7.6562	5.0275	6.7279
2002	 8	 9	24	0.0000	0.0000	0.0000
2002	 8	10	24	0.0000	0.0000	0.0000
2002	 8	11	24	26.0864	51.8155	35.1716
2002	 8	12	24	197.4538	246.8085	214.8815
2002	 8	13	24	13.5975	21.0357	16.2240
2002	 8	14	24	1.3307	0.8002	1.1433
2002	 8	15	24	2.1926	1.0908	1.8036
2002	 8	16	24	0.3214	0.0507	0.2258
2002	 8	17	24	9.7559	1.2255	6.7437
2002	 8	18	24	1.9940	0.0990	1.3248
2002	 8	19	24	0.0000	0.0000	0.0000
2002	 8	20	24	0.0000	0.0000	0.0000
2002	 8	21	24	0.4192	1.9062	0.9443
2002	 8	22	24	0.1482	0.0040	0.0973
2002	 8	23	24	0.0000	0.0000	0.0000
2002	 8	24	24	0.0000	0.0000	0.0000
2002	 8	25	24	0.0000	0.0000	0.0000
2002	 8	26	24	0.0000	0.0000	0.0000
2002	 8	27	24	0.0000	0.0000	0.0000
2002	 8	28	24	0.0000	0.0000	0.0000
2002	 8	29	24	0.0299	0.0000	0.0194
2002	 8	30	24	0.0000	0.0000	0.0000
2002	 8	31	24	4.9961	7.1864	5.7695
2002	 9	 1	24	0.5338	1.1913	0.7660
2002	 9	 2	24	0.0000	0.0000	0.0000
2002	 9	 3	24	0.0000	0.0000	0.0000
2002	 9	 4	24	0.0000	0.0000	0.0000
2002	 9	 5	24	12.2730	16.6964	13.8350
2002	 9	 6	24	0.0000	0.0000	0.0000
2002	 9	 7	24	0.0805	0.0000	0.0521
2002	 9	 8	24	0.0000	0.0000	0.0000
2002	 9	 9	24	0.0000	0.0000	0.0000
2002	 9	10	24	7.2955	5.2500	6.5732
2002	 9	11	24	0.0000	0.0000	0.0000
2002	 9	12	24	0.0000	0.0000	0.0000
2002	 9	13	24	0.0000	0.0000	0.0000
2002	 9	14	24	6.6151	9.3573	7.5834
2002	 9	15	24	7.0422	4.3300	6.0845
2002	 9	16	24	1.3912	1.3360	1.3717
2002	 9	17	24	1.0611	1.0591	1.0604
2002	 9	18	24	0.1296	0.0000	0.0838
2002	 9	19	24	0.0000	0.0000	0.0000
2002	 9	20	24	0.0000	0.0000	0.0000
2002	 9	21	24	0.3346	0.6074	0.4309
2002	 9	22	24	8.6599	13.8183	10.4814
2002	 9	23	24	4.0391	2.2304	3.4005
2002	 9	24	24	0.5488	1.2058	0.7808
2002	 9	25	24	0.7388	0.9450	0.8116
2002	 9	26	24	21.5922	21.9754	21.7275
2002	 9	27	24	2.5509	1.8650	2.3087
2002	 9	28	24	0.0000	0.0000	0.0000
2002	 9	29	24	0.0000	0.0071	0.0025
2002	 9	30	24	0.0000	0.0000	0.0000
2002	10	 1	24	0.0000	0.0000	0.0000
2002	10	 2	24	0.0000	0.0000	0.0000
2002	10	 3	24	3.2774	4.2122	3.6075
2002	10	 4	24	1.8039	1.5751	1.7231
2002	10	 5	24	6.7756	7.9052	7.1744
2002	10	 6	24	13.7306	15.6752	14.4173
2002	10	 7	24	4.2095	4.5193	4.3189
2002	10	 8	24	2.6672	2.3240	2.5460
2002	10	 9	24	0.1365	0.0000	0.0883
2002	10	10	24	0.0000	0.0000	0.0000
2002	10	11	24	0.0000	0.0000	0.0000
2002	10	12	24	0.3109	0.5301	0.3883
2002	10	13	24	0.5555	0.1804	0.4230
2002	10	14	24	0.0000	0.0000	0.0000
2002	10	15	24	5.6864	7.5035	6.3280
2002	10	16	24	8.2657	7.4171	7.9660
2002	10	17	24	0.5024	1.2427	0.7638
2002	10	18	24	0.8117	1.0029	0.8792
2002	10	19	24	5.7979	6.4866	6.0411
2002	10	20	24	0.0472	0.0000	0.0305
2002	10	21	24	5.7996	6.1109	5.9095
2002	10	22	24	6.2225	7.5416	6.6883
2002	10	23	24	1.1275	1.4545	1.2430
2002	10	24	24	0.3817	0.2206	0.3248
2002	10	25	24	12.6699	21.4368	15.7656
2002	10	26	24	0.0976	0.1164	0.1042
2002	10	27	24	7.6797	11.8035	9.1359
2002	10	28	24	6.5697	9.3978	7.5684
2002	10	29	24	0.5848	0.4536	0.5385
2002	10	30	24	0.1083	0.6097	0.2853
2002	10	31	24	0.9817	0.7567	0.9022
2002	11	 1	24	2.7509	1.9357	2.4630
2002	11	 2	24	7.1110	8.5997	7.6367
2002	11	 3	24	6.9847	0.8394	4.8147
2002	11	 4	24	2.9616	0.6707	2.1526
2002	11	 5	24	0.2891	0.0000	0.1870
2002	11	 6	24	0.3895	0.0000	0.2520
2002	11	 7	24	2.0898	0.0000	1.3518
2002	11	 8	24	16.7008	1.6260	11.3778
2002	11	 9	24	8.4545	6.3217	7.7014
2002	11	10	24	4.4566	2.7781	3.8639
2002	11	11	24	7.3227	8.6058	7.7758
2002	11	12	24	3.0486	9.1171	5.1914
2002	11	13	24	2.1826	7.3209	3.9970
2002	11	14	24	2.2545	6.6573	3.8092
2002	11	15	24	2.3024	12.4235	5.8763
2002	11	16	24	1.9996	16.9203	7.2683
2002	11	17	24	0.5064	11.7922	4.4915
2002	11	18	24	5.1990	13.4235	8.1032
2002	11	19	24	27.4303	28.4194	27.7796
2002	11	20	24	0.0000	0.6439	0.2274
2002	11	21	24	0.0000	0.7662	0.2705
2002	11	22	24	16.0860	18.4606	16.9245
2002	11	23	24	3.6595	6.0809	4.5145
2002	11	24	24	0.0008	0.0000	0.0005
2002	11	25	24	0.1851	0.2323	0.2018
2002	11	26	24	0.0000	0.0000	0.0000
2002	11	27	24	1.9616	4.9995	3.0343
2002	11	28	24	0.6854	0.5911	0.6521
2002	11	29	24	13.0354	15.5257	13.9148
2002	11	30	24	14.5788	11.0716	13.3403
2002	12	 1	24	0.1461	1.9736	0.7914
2002	12	 2	24	0.2839	0.4875	0.3558
2002	12	 3	24	0.6320	0.3816	0.5436
2002	12	 4	24	0.1607	0.4493	0.2626
2002	12	 5	24	0.5216	0.9439	0.6707
2002	12	 6	24	0.0000	0.0000	0.0000
2002	12	 7	24	0.0000	0.0000	0.0000
2002	12	 8	24	0.0272	0.0000	0.0176
2002	12	 9	24	0.0002	0.0000	0.0001
2002	12	10	24	0.0001	0.0000	0.0000
2002	12	11	24	0.0000	0.0000	0.0000
2002	12	12	24	0.0233	0.0000	0.0151
2002	12	13	24	0.0916	0.0000	0.0593
2002	12	14	24	0.0000	0.0000	0.0000
2002	12	15	24	0.0000	0.0000	0.0000
2002	12	16	24	1.4060	0.0000	0.9096
2002	12	17	24	2.1393	0.0000	1.3839
2002	12	18	24	0.0000	0.0000	0.0000
2002	12	19	24	0.7921	0.0000	0.5124
2002	12	20	24	1.9960	0.0000	1.2912
2002	12	21	24	1.4722	0.0000	0.9523
2002	12	22	24	3.2511	0.0000	2.1031
2002	12	23	24	0.4492	0.0000	0.2906
2002	12	24	24	0.0060	0.0000	0.0039
2002	12	25	24	1.3265	0.0000	0.8581
2002	12	26	24	1.8770	0.0000	1.2142
2002	12	27	24	3.0810	0.0000	1.9930
2002	12	28	24	4.8096	0.0000	3.1112
2002	12	29	24	18.9780	8.3642	15.2302
2002	12	30	24	28.7635	26.8313	28.0812
2002	12	31	24	0.0000	0.0000	0.0000
2003	 1	 1	24	0.7966	0.0000	0.5153
2003	 1	 2	24	29.1981	31.4090	29.9788
2003	 1	 3	24	14.5868	16.8031	15.3694
2003	 1	 4	24	0.0347	0.0000	0.0224
2003	 1	 5	24	0.0000	0.0000	0.0000
2003	 1	 6	24	0.0000	0.0000	0.0000
2003	 1	 7	24	0.0000	0.0000	0.0000
2003	 1	 8	24	0.0000	0.0000	0.0000
2003	 1	 9	24	0.1767	0.0000	0.1143
2003	 1	10	24	0.0000	0.0000	0.0000
2003	 1	11	24	0.0000	0.0000	0.0000
2003	 1	12	24	0.0000	0.0000	0.0000
2003	 1	13	24	2.7030	0.0000	1.7485
2003	 1	14	24	7.0560	3.2485	5.7115
2003	 1	15	24	4.7361	1.8956	3.7331
2003	 1	16	24	4.2933	1.2565	3.2210
2003	 1	17	24	3.7169	2.4213	3.2594
2003	 1	18	24	2.3141	1.5682	2.0507
2003	 1	19	24	1.5870	0.4469	1.1844
2003	 1	20	24	1.8599	2.0044	1.9109
2003	 1	21	24	0.4927	0.0000	0.3187
2003	 1	22	24	0.7049	0.0001	0.4560
2003	 1	23	24	12.0595	5.7626	9.8360
2003	 1	24	24	2.7409	0.8677	2.0794
2003	 1	25	24	1.6718	0.0000	1.0815
2003	 1	26	24	1.0787	0.0000	0.6978
2003	 1	27	24	11.5472	17.7467	13.7363
2003	 1	28	24	9.7279	12.8889	10.8441
2003	 1	29	24	3.6254	0.0000	2.3453
2003	 1	30	24	1.0671	0.0000	0.6903
2003	 1	31	24	0.0000	0.0000	0.0000
2003	 2	 1	24	0.0716	0.0000	0.0463
2003	 2	 2	24	0.3642	0.0000	0.2356
2003	 2	 3	24	3.9736	0.0000	2.5705
2003	 2	 4	24	2.5811	0.0000	1.6697
2003	 2	 5	24	3.1621	0.0000	2.0455
2003	 2	 6	24	0.0000	0.0000	0.0000
2003	 2	 7	24	1.2363	0.0000	0.7997
2003	 2	 8	24	0.1180	0.0000	0.0764
2003	 2	 9	24	0.1560	0.0000	0.1009
2003	 2	10	24	0.7822	0.0000	0.5060
2003	 2	11	24	1.3900	0.0000	0.8992
2003	 2	12	24	2.1129	0.0000	1.3668
2003	 2	13	24	1.9375	0.0000	1.2533
2003	 2	14	24	1.6163	0.0000	1.0456
2003	 2	15	24	0.0000	0.0000	0.0000
2003	 2	16	24	0.0000	0.0000	0.0000
2003	 2	17	24	0.2435	0.0000	0.1575
2003	 2	18	24	0.0006	0.0000	0.0004
2003	 2	19	24	0.0209	0.0000	0.0135
2003	 2	20	24	3.0530	0.5215	2.1591
2003	 2	21	24	3.5624	2.7039	3.2592
2003	 2	22	24	1.9097	1.4566	1.7497
2003	 2	23	24	1.4231	2.2300	1.7080
2003	 2	24	24	1.8614	4.9319	2.9456
2003	 2	25	24	1.8815	5.6183	3.2010
2003	 2	26	24	1.1267	3.0321	1.7995
2003	 2	27	24	1.5619	5.4856	2.9474
2003	 2	28	24	2.1154	9.9700	4.8890
2003	 3	 1	24	1.7482	10.0894	4.6936
2003	 3	 2	24	0.9489	5.2300	2.4606
2003	 3	 3	24	1.0380	4.4705	2.2501
2003	 3	 4	24	0.1885	1.7590	0.7431
2003	 3	 5	24	0.2488	2.4970	1.0427
2003	 3	 6	24	4.5110	1.1171	3.3126
2003	 3	 7	24	3.4802	0.9740	2.5952
2003	 3	 8	24	2.0727	4.5062	2.9320
2003	 3	 9	24	1.2654	6.8570	3.2399
2003	 3	10	24	0.4604	13.5207	5.0721
2003	 3	11	24	7.0820	16.1051	10.2682
2003	 3	12	24	8.1081	13.7046	10.0842
2003	 3	13	24	0.9633	0.8796	0.9337
2003	 3	14	24	0.2892	0.0079	0.1899
2003	 3	15	24	0.0008	0.5491	0.1944
2003	 3	16	24	0.0000	1.1481	0.4054
2003	 3	17	24	0.0000	0.4156	0.1468
2003	 3	18	24	0.0000	0.4265	0.1506
2003	 3	19	24	0.0000	0.2908	0.1027
2003	 3	20	24	0.0000	0.0000	0.0000
2003	 3	21	24	0.0000	0.0103	0.0037
2003	 3	22	24	0.0000	0.0000	0.0000
2003	 3	23	24	0.0000	0.0000	0.0000
2003	 3	24	24	0.0000	0.0000	0.0000
2003	 3	25	24	0.0336	0.1744	0.0833
2003	 3	26	24	0.0000	0.0000	0.0000
2003	 3	27	24	0.7124	0.5719	0.6628
2003	 3	28	24	0.0000	0.0000	0.0000
2003	 3	29	24	0.0000	0.0000	0.0000
2003	 3	30	24	0.0000	0.0000	0.0000
2003	 3	31	24	0.0000	0.0000	0.0000
2003	 4	 1	24	1.9738	1.0288	1.6401
2003	 4	 2	24	3.6587	2.2071	3.1461
2003	 4	 3	24	2.5478	2.4852	2.5257
2003	 4	 4	24	0.0000	0.0000	0.0000
2003	 4	 5	24	0.9757	3.0734	1.7164
2003	 4	 6	24	3.2346	0.0000	2.0924
2003	 4	 7	24	0.6317	0.0000	0.4087
2003	 4	 8	24	0.9893	0.0000	0.6399
2003	 4	 9	24	0.4278	0.0000	0.2767
2003	 4	10	24	1.9848	3.2793	2.4419
2003	 4	11	24	0.7930	1.6314	1.0891
2003	 4	12	24	0.0718	3.0911	1.1379
2003	 4	13	24	0.0000	0.0000	0.0000
2003	 4	14	24	0.0000	0.0000	0.0000
2003	 4	15	24	0.0000	0.0000	0.0000
2003	 4	16	24	0.0000	0.0000	0.0000
2003	 4	17	24	0.0000	0.0000	0.0000
2003	 4	18	24	14.8469	11.8607	13.7924
2003	 4	19	24	17.4737	17.8303	17.5996
2003	 4	20	24	0.0000	0.0000	0.0000
2003	 4	21	24	0.0000	0.0000	0.0000
2003	 4	22	24	0.0000	0.0000	0.0000
2003	 4	23	24	0.0000	0.0000	0.0000
2003	 4	24	24	0.0000	0.0000	0.0000
2003	 4	25	24	0.0000	0.0000	0.0000
2003	 4	26	24	3.3139	3.3499	3.3266
2003	 4	27	24	1.8514	1.0120	1.5550
2003	 4	28	24	0.1153	0.0000	0.0746
2003	 4	29	24	0.0000	0.0000	0.0000
2003	 4	30	24	0.0000	0.0000	0.0000
2003	 5	 1	24	0.0000	0.0000	0.0000
2003	 5	 2	24	0.0000	0.0000	0.0000
2003	 5	 3	24	0.0000	0.0000	0.0000
2003	 5	 4	24	0.0000	0.0000	0.0000
2003	 5	 5	24	0.0000	0.0000	0.0000
2003	 5	 6	24	0.0000	0.0000	0.0000
2003	 5	 7	24	0.0000	0.0000	0.0000
2003	 5	 8	24	10.5105	8.9750	9.9683
2003	 5	 9	24	2.1918	3.8546	2.7789
2003	 5	10	24	0.2108	0.3137	0.2471
2003	 5	11	24	0.0000	0.0000	0.0000
2003	 5	12	24	1.3849	2.8470	1.9012
2003	 5	13	24	2.9999	0.4583	2.1025
2003	 5	14	24	0.0406	0.1485	0.0787
2003	 5	15	24	1.4055	2.8194	1.9048
2003	 5	16	24	0.0262	0.0000	0.0169
2003	 5	17	24	1.7502	1.0420	1.5001
2003	 5	18	24	5.9704	7.4026	6.4761
2003	 5	19	24	6.6946	7.7942	7.0828
2003	 5	20	24	0.1072	0.6481	0.2982
2003	 5	21	24	0.0000	0.0000	0.0000
2003	 5	22	24	0.0000	0.0000	0.0000
2003	 5	23	24	0.0000	0.0000	0.0000
2003	 5	24	24	0.0000	0.0000	0.0000
2003	 5	25	24	0.0537	0.0000	0.0348
2003	 5	26	24	7.0085	6.6108	6.8681
2003	 5	27	24	0.0000	0.0000	0.0000
2003	 5	28	24	0.0000	0.0000	0.0000
2003	 5	29	24	0.0000	0.0000	0.0000
2003	 5	30	24	0.3896	0.0000	0.2520
2003	 5	31	24	1.1613	1.2996	1.2101
2003	 6	 1	24	0.0000	0.0000	0.0000
2003	 6	 2	24	0.0000	0.0000	0.0000
2003	 6	 3	24	0.0000	0.0000	0.0000
2003	 6	 4	24	0.0000	0.0000	0.0000
2003	 6	 5	24	6.2493	1.0848	4.4256
2003	 6	 6	24	0.2150	0.0000	0.1391
2003	 6	 7	24	0.0000	0.0000	0.0000
2003	 6	 8	24	1.0688	3.2329	1.8330
2003	 6	 9	24	0.0000	0.0000	0.0000
2003	 6	10	24	0.0045	0.1404	0.0525
2003	 6	11	24	0.1120	0.0000	0.0724
2003	 6	12	24	7.5317	10.6124	8.6195
2003	 6	13	24	0.0000	0.0000	0.0000
2003	 6	14	24	0.0000	0.0000	0.0000
2003	 6	15	24	0.0000	0.0000	0.0000
2003	 6	16	24	0.0000	0.0000	0.0000
2003	 6	17	24	0.0000	0.0000	0.0000
2003	 6	18	24	4.1517	4.3902	4.2359
2003	 6	19	24	2.5917	2.0014	2.3832
2003	 6	20	24	0.0000	0.0000	0.0000
2003	 6	21	24	0.0000	0.0000	0.0000
2003	 6	22	24	0.0000	0.0000	0.0000
2003	 6	23	24	4.1240	7.6554	5.3710
2003	 6	24	24	0.0000	0.0000	0.0000
2003	 6	25	24	0.0000	0.0000	0.0000
2003	 6	26	24	0.0000	0.0000	0.0000
2003	 6	27	24	0.0000	0.0000	0.0000
2003	 6	28	24	0.0000	0.0000	0.0000
2003	 6	29	24	0.9739	0.9080	0.9507
2003	 6	30	24	10.3677	14.2326	11.7324
2003	 7	 1	24	10.7172	13.0051	11.5251
2003	 7	 2	24	0.4470	0.0000	0.2891
2003	 7	 3	24	2.6691	3.3537	2.9109
2003	 7	 4	24	4.3290	5.8188	4.8551
2003	 7	 5	24	2.5534	3.9039	3.0303
2003	 7	 6	24	0.3480	0.5959	0.4355
2003	 7	 7	24	0.0000	0.0000	0.0000
2003	 7	 8	24	0.0000	0.0000	0.0000
2003	 7	 9	24	3.0498	1.4551	2.4867
2003	 7	10	24	0.0000	0.0000	0.0000
2003	 7	11	24	0.1620	0.2991	0.2104
2003	 7	12	24	0.0559	0.0000	0.0362
2003	 7	13	24	0.0000	0.0000	0.0000
2003	 7	14	24	0.0000	0.0000	0.0000
2003	 7	15	24	0.0000	0.0000	0.0000
2003	 7	16	24	0.1142	0.0000	0.0739
2003	 7	17	24	6.5808	6.6812	6.6162
2003	 7	18	24	0.0000	0.0000	0.0000
2003	 7	19	24	0.0000	0.0000	0.0000
2003	 7	20	24	0.0000	0.0000	0.0000
2003	 7	21	24	1.1419	1.6784	1.3314
2003	 7	22	24	0.2618	0.1615	0.2264
2003	 7	23	24	3.0668	2.5926	2.8993
2003	 7	24	24	13.9776	15.9829	14.6857
2003	 7	25	24	0.0742	0.0000	0.0480
2003	 7	26	24	0.4909	1.7470	0.9344
2003	 7	27	24	11.3030	28.1862	17.2647
2003	 7	28	24	6.1065	4.0858	5.3930
2003	 7	29	24	0.1227	0.0000	0.0794
2003	 7	30	24	0.0000	0.0000	0.0000
2003	 7	31	24	0.1717	0.0180	0.1174
2003	 8	 1	24	0.8429	0.0079	0.5481
2003	 8	 2	24	0.0000	0.0000	0.0000
2003	 8	 3	24	0.0000	0.0000	0.0000
2003	 8	 4	24	0.0000	0.0000	0.0000
2003	 8	 5	24	0.0000	0.0000	0.0000
2003	 8	 6	24	0.0000	0.0000	0.0000
2003	 8	 7	24	0.0000	0.0000	0.0000
2003	 8	 8	24	0.0000	0.0000	0.0000
2003	 8	 9	24	0.0000	0.0000	0.0000
2003	 8	10	24	0.0000	0.0000	0.0000
2003	 8	11	24	0.0000	0.0000	0.0000
2003	 8	12	24	0.0000	0.0000	0.0000
2003	 8	13	24	4.4227	5.3900	4.7642
2003	 8	14	24	1.4566	0.6750	1.1806
2003	 8	15	24	0.0000	0.0000	0.0000
2003	 8	16	24	0.0000	0.0000	0.0000
2003	 8	17	24	0.0000	0.0000	0.0000
2003	 8	18	24	0.6831	0.6551	0.6732
2003	 8	19	24	2.2842	3.1227	2.5803
2003	 8	20	24	0.0000	0.0000	0.0000
2003	 8	21	24	0.0000	0.0000	0.0000
2003	 8	22	24	0.0000	0.0000	0.0000
2003	 8	23	24	0.5615	0.5057	0.5418
2003	 8	24	24	0.0000	0.0000	0.0000
2003	 8	25	24	0.0000	0.0000	0.0000
2003	 8	26	24	0.0000	0.0000	0.0000
2003	 8	27	24	0.0000	0.0000	0.0000
2003	 8	28	24	1.2378	1.1781	1.2167
2003	 8	29	24	3.1815	2.5064	2.9431
2003	 8	30	24	0.8597	0.2294	0.6371
2003	 8	31	24	1.4577	0.9186	1.2673
2003	 9	 1	24	3.5851	3.5861	3.5854
2003	 9	 2	24	2.1156	1.4456	1.8790
2003	 9	 3	24	0.0000	0.0000	0.0000
2003	 9	 4	24	0.0000	0.0000	0.0000
2003	 9	 5	24	0.0000	0.0000	0.0000
2003	 9	 6	24	0.0000	0.0000	0.0000
2003	 9	 7	24	0.0000	0.0000	0.0000
2003	 9	 8	24	0.0000	0.0000	0.0000
2003	 9	 9	24	3.3689	3.9453	3.5724
2003	 9	10	24	5.0859	5.9057	5.3754
2003	 9	11	24	5.2130	4.0292	4.7950
2003	 9	12	24	5.4899	3.7054	4.8598
2003	 9	13	24	4.2652	3.2592	3.9100
2003	 9	14	24	0.1030	0.0095	0.0700
2003	 9	15	24	0.0000	0.0000	0.0000
2003	 9	16	24	0.0000	0.0000	0.0000
2003	 9	17	24	0.0000	0.0000	0.0000
2003	 9	18	24	0.0000	0.0000	0.0000
2003	 9	19	24	0.0000	0.0000	0.0000
2003	 9	20	24	0.0000	0.0000	0.0000
2003	 9	21	24	0.0000	0.0000	0.0000
2003	 9	22	24	0.0000	0.0000	0.0000
2003	 9	23	24	0.8496	0.3000	0.6555
2003	 9	24	24	0.0000	0.0000	0.0000
2003	 9	25	24	0.0000	0.0000	0.0000
2003	 9	26	24	0.0000	0.0000	0.0000
2003	 9	27	24	0.0000	0.0000	0.0000
2003	 9	28	24	2.1188	2.0148	2.0821
2003	 9	29	24	0.8674	0.9337	0.8908
2003	 9	30	24	0.0135	0.1732	0.0699
2003	10	 1	24	0.0000	0.0000	0.0000
2003	10	 2	24	1.6203	1.6551	1.6326
2003	10	 3	24	1.0061	1.4973	1.1796
2003	10	 4	24	1.7086	2.2076	1.8848
2003	10	 5	24	4.0720	4.1376	4.0952
2003	10	 6	24	4.0429	2.8010	3.6043
2003	10	 7	24	8.7196	9.0708	8.8437
2003	10	 8	24	22.9383	31.0806	25.8135
2003	10	 9	24	3.9693	6.0121	4.6907
2003	10	10	24	1.0383	2.2223	1.4564
2003	10	11	24	2.0458	1.7908	1.9558
2003	10	12	24	0.0000	0.0408	0.0144
2003	10	13	24	0.0284	0.0000	0.0183
2003	10	14	24	0.3138	0.1987	0.2732
2003	10	15	24	0.4774	0.2494	0.3969
2003	10	16	24	0.0000	0.0000	0.0000
2003	10	17	24	0.0000	0.0000	0.0000
2003	10	18	24	0.0000	0.0000	0.0000
2003	10	19	24	0.0000	0.0000	0.0000
2003	10	20	24	0.0000	0.0000	0.0000
2003	10	21	24	5.6267	2.1617	4.4032
2003	10	22	24	1.3552	0.6734	1.1145
2003	10	23	24	0.2497	0.1031	0.1979
2003	10	24	24	0.1877	0.0000	0.1215
2003	10	25	24	1.8945	1.8111	1.8650
2003	10	26	24	1.1487	1.9572	1.4342
2003	10	27	24	0.0142	0.2480	0.0968
2003	10	28	24	0.0000	0.0000	0.0000
2003	10	29	24	7.8992	6.1471	7.2805
2003	10	30	24	2.3164	3.1965	2.6271
2003	10	31	24	0.0610	2.4225	0.8949
2003	11	 1	24	0.0516	0.0000	0.0334
2003	11	 2	24	0.0098	0.0000	0.0063
2003	11	 3	24	1.7934	2.0737	1.8924
2003	11	 4	24	0.0000	0.0000	0.0000
2003	11	 5	24	0.0000	0.0000	0.0000
2003	11	 6	24	0.0000	0.0000	0.0000
2003	11	 7	24	0.0000	0.0000	0.0000
2003	11	 8	24	0.0000	0.0000	0.0000
2003	11	 9	24	0.0000	0.0000	0.0000
2003	11	10	24	0.0000	0.0000	0.0000
2003	11	11	24	0.0000	0.0000	0.0000
2003	11	12	24	0.0000	0.0000	0.0000
2003	11	13	24	0.0000	0.0000	0.0000
2003	11	14	24	0.0512	0.0000	0.0331
2003	11	15	24	0.0000	0.0000	0.0000
2003	11	16	24	4.4566	4.6510	4.5253
2003	11	17	24	3.5984	6.4358	4.6003
2003	11	18	24	1.0091	2.2981	1.4643
2003	11	19	24	0.0014	0.0000	0.0009
2003	11	20	24	0.0008	0.0000	0.0005
2003	11	21	24	0.0000	0.0000	0.0000
2003	11	22	24	0.0000	0.0000	0.0000
2003	11	23	24	0.0000	0.0000	0.0000
2003	11	24	24	0.0129	0.2045	0.0806
2003	11	25	24	0.3487	0.0000	0.2255
2003	11	26	24	1.8457	2.0395	1.9142
2003	11	27	24	0.0135	0.0000	0.0087
2003	11	28	24	4.4559	3.4806	4.1115
2003	11	29	24	3.9800	4.4247	4.1370
2003	11	30	24	0.0352	0.3143	0.1338
2003	12	 1	24	0.0000	0.0000	0.0000
2003	12	 2	24	0.0832	0.2190	0.1312
2003	12	 3	24	0.0144	0.2143	0.0850
2003	12	 4	24	0.1778	0.0000	0.1150
2003	12	 5	24	2.5354	1.8708	2.3007
2003	12	 6	24	5.0151	5.0738	5.0358
2003	12	 7	24	0.2376	0.3172	0.2657
2003	12	 8	24	0.2489	2.3312	0.9841
2003	12	 9	24	0.0352	2.0840	0.7587
2003	12	10	24	0.0000	0.6200	0.2189
2003	12	11	24	2.8539	2.0798	2.5806
2003	12	12	24	3.7520	0.2271	2.5073
2003	12	13	24	13.9183	21.6820	16.6598
2003	12	14	24	14.1863	20.0142	16.2442
2003	12	15	24	0.8885	0.0000	0.5748
2003	12	16	24	0.3347	0.0000	0.2165
2003	12	17	24	3.1410	0.0000	2.0319
2003	12	18	24	5.2333	4.2634	4.8908
2003	12	19	24	1.7965	3.6507	2.4513
2003	12	20	24	1.3001	3.4978	2.0761
2003	12	21	24	3.5414	2.9873	3.3457
2003	12	22	24	2.5652	0.0000	1.6594
2003	12	23	24	3.3172	0.0435	2.1612
2003	12	24	24	2.5020	0.0112	1.6225
2003	12	25	24	2.0857	0.9774	1.6944
2003	12	26	24	0.5886	1.7294	0.9914
2003	12	27	24	0.0863	0.1384	0.1047
2003	12	28	24	0.1372	0.8850	0.4013
2003	12	29	24	0.0764	0.7870	0.3273
2003	12	30	24	0.6156	0.7457	0.6615
2003	12	31	24	1.4344	0.0000	0.9279
2004	 1	 1	24	0.6266	0.0007	0.4056
2004	 1	 2	24	0.3844	0.0000	0.2487
2004	 1	 3	24	0.0331	0.0000	0.0214
2004	 1	 4	24	0.0000	0.0000	0.0000
2004	 1	 5	24	0.0000	0.0000	0.0000
2004	 1	 6	24	4.5122	0.0000	2.9189
2004	 1	 7	24	3.4476	0.0000	2.2302
2004	 1	 8	24	3.7668	0.0083	2.4396
2004	 1	 9	24	4.2058	0.0000	2.7207
2004	 1	10	24	10.4529	5.5981	8.7386
2004	 1	11	24	14.4463	7.9589	12.1555
2004	 1	12	24	7.9098	7.9745	7.9327
2004	 1	13	24	13.6617	8.9267	11.9897
2004	 1	14	24	8.3249	4.3866	6.9342
2004	 1	15	24	5.9643	2.1501	4.6175
2004	 1	16	24	5.4564	0.5748	3.7326
2004	 1	17	24	5.1431	1.9693	4.0224
2004	 1	18	24	1.8829	0.0000	1.2180
2004	 1	19	24	6.8656	0.0000	4.4413
2004	 1	20	24	3.1512	0.0000	2.0385
2004	 1	21	24	0.0003	0.0000	0.0002
2004	 1	22	24	0.0124	0.0000	0.0080
2004	 1	23	24	0.5051	0.0000	0.3267
2004	 1	24	24	2.3643	0.0000	1.5294
2004	 1	25	24	1.0460	0.0000	0.6766
2004	 1	26	24	2.7226	0.0000	1.7612
2004	 1	27	24	0.0000	0.0000	0.0000
2004	 1	28	24	0.3750	0.0000	0.2426
2004	 1	29	24	1.9795	0.0000	1.2805
2004	 1	30	24	2.9379	0.0000	1.9005
2004	 1	31	24	5.3121	0.0000	3.4364
2004	 2	 1	24	14.4645	10.1006	12.9235
2004	 2	 2	24	32.0502	38.0152	34.1565
2004	 2	 3	24	13.6631	13.7409	13.6906
2004	 2	 4	24	12.1791	15.9643	13.5157
2004	 2	 5	24	6.5123	17.0695	10.2402
2004	 2	 6	24	5.0401	15.9878	8.9058
2004	 2	 7	24	5.2909	12.8342	7.9545
2004	 2	 8	24	10.2838	5.7965	8.6993
2004	 2	 9	24	3.0633	0.0000	1.9816
2004	 2	10	24	2.5259	0.0000	1.6340
2004	 2	11	24	1.0273	0.0000	0.6645
2004	 2	12	24	0.3356	0.0000	0.2171
2004	 2	13	24	4.1927	0.0084	2.7151
2004	 2	14	24	4.7898	2.7580	4.0723
2004	 2	15	24	3.1070	1.3329	2.4805
2004	 2	16	24	2.5010	1.5960	2.1814
2004	 2	17	24	4.4189	3.3095	4.0271
2004	 2	18	24	2.0192	0.0569	1.3263
2004	 2	19	24	0.1586	0.0000	0.1026
2004	 2	20	24	3.6727	1.0297	2.7394
2004	 2	21	24	2.4484	1.5676	2.1374
2004	 2	22	24	0.6286	0.0334	0.4184
2004	 2	23	24	0.0411	0.0000	0.0266
2004	 2	24	24	2.3955	0.0184	1.5561
2004	 2	25	24	0.9455	0.0001	0.6117
2004	 2	26	24	1.7510	0.0000	1.1327
2004	 2	27	24	0.2531	0.0000	0.1637
2004	 2	28	24	0.7529	0.0000	0.4870
2004	 2	29	24	0.0000	0.0000	0.0000
2004	 3	 1	24	2.1840	0.0000	1.4128
2004	 3	 2	24	6.4168	1.1465	4.5558
2004	 3	 3	24	2.1947	0.0000	1.4197
2004	 3	 4	24	0.5232	0.0000	0.3384
2004	 3	 5	24	3.2495	0.0380	2.1155
2004	 3	 6	24	2.8012	0.0000	1.8120
2004	 3	 7	24	3.5479	0.8535	2.5965
2004	 3	 8	24	0.9659	0.0124	0.6292
2004	 3	 9	24	3.0385	0.0000	1.9656
2004	 3	10	24	1.7415	0.0000	1.1266
2004	 3	11	24	4.0712	1.3080	3.0955
2004	 3	12	24	6.0738	2.5137	4.8167
2004	 3	13	24	4.4529	4.1350	4.3406
2004	 3	14	24	2.3190	7.6811	4.2124
2004	 3	15	24	2.4120	10.9539	5.4283
2004	 3	16	24	2.6660	14.5156	6.8502
2004	 3	17	24	3.0750	20.7195	9.3055
2004	 3	18	24	2.4997	22.5484	9.5791
2004	 3	19	24	4.6645	22.8338	11.0803
2004	 3	20	24	6.2278	20.8476	11.3902
2004	 3	21	24	0.3358	12.4287	4.6059
2004	 3	22	24	0.5731	6.6150	2.7066
2004	 3	23	24	8.9460	7.3628	8.3869
2004	 3	24	24	21.0424	10.3787	17.2769
2004	 3	25	24	0.3904	0.0001	0.2526
2004	 3	26	24	1.9365	0.0180	1.2590
2004	 3	27	24	1.3452	1.1209	1.2660
2004	 3	28	24	0.6226	4.8721	2.1232
2004	 3	29	24	0.2171	7.6405	2.8384
2004	 3	30	24	0.0000	5.4426	1.9218
2004	 3	31	24	0.0000	3.7779	1.3340
2004	 4	 1	24	0.0000	2.3774	0.8395
2004	 4	 2	24	0.0000	1.0488	0.3703
2004	 4	 3	24	0.0000	0.0451	0.0159
2004	 4	 4	24	1.1158	0.7466	0.9854
2004	 4	 5	24	2.9973	3.0584	3.0189
2004	 4	 6	24	1.2911	1.5617	1.3866
2004	 4	 7	24	1.4541	0.8450	1.2390
2004	 4	 8	24	1.3625	1.3663	1.3639
2004	 4	 9	24	0.5808	0.0000	0.3757
2004	 4	10	24	1.2950	0.3326	0.9552
2004	 4	11	24	0.0000	0.0000	0.0000
2004	 4	12	24	0.0000	0.0000	0.0000
2004	 4	13	24	0.0000	0.0000	0.0000
2004	 4	14	24	0.0000	0.0000	0.0000
2004	 4	15	24	0.0000	0.0000	0.0000
2004	 4	16	24	0.0000	0.0000	0.0000
2004	 4	17	24	0.0000	0.0000	0.0000
2004	 4	18	24	1.6154	7.9942	3.8679
2004	 4	19	24	5.2544	4.6886	5.0546
2004	 4	20	24	0.0000	0.0000	0.0000
2004	 4	21	24	0.0000	0.0000	0.0000
2004	 4	22	24	0.0000	0.0000	0.0000
2004	 4	23	24	2.0472	1.3762	1.8102
2004	 4	24	24	8.2641	8.4996	8.3473
2004	 4	25	24	0.1789	0.0069	0.1181
2004	 4	26	24	0.7998	0.5051	0.6957
2004	 4	27	24	0.0000	0.0000	0.0000
2004	 4	28	24	0.0000	0.0000	0.0000
2004	 4	29	24	0.0000	0.0000	0.0000
2004	 4	30	24	0.0000	0.0000	0.0000
2004	 5	 1	24	1.2707	1.7183	1.4287
2004	 5	 2	24	4.8014	4.2750	4.6156
2004	 5	 3	24	9.1840	7.4474	8.5708
2004	 5	 4	24	0.6104	0.2952	0.4991
2004	 5	 5	24	12.3048	4.7981	9.6541
2004	 5	 6	24	20.0393	22.1063	20.7692
2004	 5	 7	24	3.1105	2.6786	2.9580
2004	 5	 8	24	0.3884	0.0205	0.2585
2004	 5	 9	24	2.5906	2.1046	2.4190
2004	 5	10	24	25.4598	22.3306	24.3549
2004	 5	11	24	0.0896	0.0000	0.0580
2004	 5	12	24	0.9753	0.5572	0.8276
2004	 5	13	24	2.8228	1.6953	2.4247
2004	 5	14	24	0.0000	0.0000	0.0000
2004	 5	15	24	17.2752	19.0200	17.8913
2004	 5	16	24	0.0000	0.0000	0.0000
2004	 5	17	24	0.0000	0.0000	0.0000
2004	 5	18	24	0.0000	0.0000	0.0000
2004	 5	19	24	0.0000	0.0000	0.0000
2004	 5	20	24	0.0000	0.0000	0.0000
2004	 5	21	24	5.5145	5.5068	5.5118
2004	 5	22	24	7.7307	6.6311	7.3424
2004	 5	23	24	12.6807	15.7021	13.7475
2004	 5	24	24	0.3470	2.0821	0.9597
2004	 5	25	24	0.0051	0.0000	0.0033
2004	 5	26	24	0.2864	0.0000	0.1853
2004	 5	27	24	0.0000	0.0000	0.0000
2004	 5	28	24	0.0291	0.0000	0.0188
2004	 5	29	24	0.0000	0.0000	0.0000
2004	 5	30	24	0.0000	0.0000	0.0000
2004	 5	31	24	1.5489	0.7743	1.2754
2004	 6	 1	24	5.5246	5.4199	5.4877
2004	 6	 2	24	3.1074	4.6941	3.6677
2004	 6	 3	24	0.2456	0.0375	0.1722
2004	 6	 4	24	2.7040	3.9644	3.1491
2004	 6	 5	24	3.9120	4.4705	4.1092
2004	 6	 6	24	0.0000	0.0000	0.0000
2004	 6	 7	24	0.0000	0.0000	0.0000
2004	 6	 8	24	0.0000	0.0000	0.0000
2004	 6	 9	24	0.2263	1.3175	0.6116
2004	 6	10	24	1.0366	0.5513	0.8653
2004	 6	11	24	8.3359	11.8726	9.5847
2004	 6	12	24	3.4127	2.1533	2.9680
2004	 6	13	24	0.7032	1.0224	0.8159
2004	 6	14	24	0.0000	0.0000	0.0000
2004	 6	15	24	2.7858	3.8439	3.1594
2004	 6	16	24	0.0000	0.0000	0.0000
2004	 6	17	24	4.2950	7.1135	5.2902
2004	 6	18	24	1.6957	2.9516	2.1392
2004	 6	19	24	1.6890	3.6517	2.3820
2004	 6	20	24	0.7492	0.1105	0.5237
2004	 6	21	24	0.9995	2.5901	1.5611
2004	 6	22	24	3.8263	2.3624	3.3094
2004	 6	23	24	0.9895	0.5892	0.8482
2004	 6	24	24	0.0000	0.0000	0.0000
2004	 6	25	24	0.0292	0.0000	0.0189
2004	 6	26	24	0.0000	0.0000	0.0000
2004	 6	27	24	1.2189	0.6305	1.0111
2004	 6	28	24	0.2285	0.7022	0.3958
2004	 6	29	24	0.6796	1.1058	0.8301
2004	 6	30	24	0.0414	0.0000	0.0268
2004	 7	 1	24	7.3886	4.2980	6.2973
2004	 7	 2	24	0.6906	0.7689	0.7183
2004	 7	 3	24	3.3785	3.8175	3.5335
2004	 7	 4	24	1.4787	1.8291	1.6024
2004	 7	 5	24	2.0074	2.2525	2.0939
2004	 7	 6	24	0.0004	0.0000	0.0002
2004	 7	 7	24	0.0000	0.0000	0.0000
2004	 7	 8	24	22.8515	54.5286	34.0370
2004	 7	 9	24	0.0971	0.0000	0.0628
2004	 7	10	24	0.9058	1.8289	1.2318
2004	 7	11	24	0.5286	0.5434	0.5338
2004	 7	12	24	5.7878	6.6065	6.0769
2004	 7	13	24	2.1410	3.4789	2.6134
2004	 7	14	24	0.9746	1.9861	1.3318
2004	 7	15	24	0.0062	0.1404	0.0536
2004	 7	16	24	0.1203	0.0000	0.0778
2004	 7	17	24	0.0000	0.0000	0.0000
2004	 7	18	24	1.2924	1.2443	1.2755
2004	 7	19	24	0.0000	0.0000	0.0000
2004	 7	20	24	4.0852	3.1916	3.7697
2004	 7	21	24	0.0000	0.0000	0.0000
2004	 7	22	24	16.3252	22.3246	18.4436
2004	 7	23	24	2.8936	4.5689	3.4852
2004	 7	24	24	0.1937	0.0000	0.1253
2004	 7	25	24	0.7720	0.4239	0.6491
2004	 7	26	24	5.7380	5.4930	5.6515
2004	 7	27	24	0.4245	0.2679	0.3692
2004	 7	28	24	0.0000	0.0000	0.0000
2004	 7	29	24	0.0000	0.0000	0.0000
2004	 7	30	24	0.0000	0.0000	0.0000
2004	 7	31	24	0.0000	0.0000	0.0000
2004	 8	 1	24	0.0000	0.0000	0.0000
2004	 8	 2	24	0.0000	0.0000	0.0000
2004	 8	 3	24	0.0000	0.0000	0.0000
2004	 8	 4	24	0.0000	0.0000	0.0000
2004	 8	 5	24	0.0000	0.0000	0.0000
2004	 8	 6	24	0.0000	0.0000	0.0000
2004	 8	 7	24	0.0000	0.0000	0.0000
2004	 8	 8	24	0.0000	0.0000	0.0000
2004	 8	 9	24	0.0000	0.0000	0.0000
2004	 8	10	24	0.0000	0.0000	0.0000
2004	 8	11	24	0.0000	0.0000	0.0000
2004	 8	12	24	11.7094	19.8791	14.5943
2004	 8	13	24	1.1407	2.8371	1.7397
2004	 8	14	24	2.3065	0.8153	1.7799
2004	 8	15	24	0.0000	0.0000	0.0000
2004	 8	16	24	0.0000	0.0000	0.0000
2004	 8	17	24	6.6594	2.4070	5.1578
2004	 8	18	24	0.0779	0.0000	0.0504
2004	 8	19	24	1.8191	3.4993	2.4124
2004	 8	20	24	1.2807	0.8111	1.1149
2004	 8	21	24	1.1222	1.0167	1.0850
2004	 8	22	24	0.0000	0.0000	0.0000
2004	 8	23	24	0.0000	0.0000	0.0000
2004	 8	24	24	8.4974	11.8948	9.6971
2004	 8	25	24	0.1739	0.1705	0.1727
2004	 8	26	24	8.1798	14.4816	10.4050
2004	 8	27	24	0.7984	0.8387	0.8126
2004	 8	28	24	0.7195	0.7305	0.7233
2004	 8	29	24	0.7682	0.1434	0.5476
2004	 8	30	24	5.1662	7.3959	5.9535
2004	 8	31	24	0.0000	0.0000	0.0000
2004	 9	 1	24	0.0000	0.0000	0.0000
2004	 9	 2	24	0.0000	0.0000	0.0000
2004	 9	 3	24	0.0000	0.0000	0.0000
2004	 9	 4	24	0.0000	0.0000	0.0000
2004	 9	 5	24	0.0000	0.0000	0.0000
2004	 9	 6	24	0.0000	0.0000	0.0000
2004	 9	 7	24	0.0000	0.0000	0.0000
2004	 9	 8	24	0.0000	0.0000	0.0000
2004	 9	 9	24	0.0000	0.0000	0.0000
2004	 9	10	24	0.0000	0.0000	0.0000
2004	 9	11	24	1.4063	1.5065	1.4417
2004	 9	12	24	6.2718	6.3897	6.3134
2004	 9	13	24	0.0000	0.0000	0.0000
2004	 9	14	24	0.8018	0.5697	0.7198
2004	 9	15	24	0.0000	0.0000	0.0000
2004	 9	16	24	0.0000	0.0000	0.0000
2004	 9	17	24	0.0000	0.0000	0.0000
2004	 9	18	24	0.0000	0.0000	0.0000
2004	 9	19	24	0.2629	0.4359	0.3239
2004	 9	20	24	0.0484	0.0000	0.0313
2004	 9	21	24	8.7307	15.0904	10.9764
2004	 9	22	24	10.0939	12.9400	11.0989
2004	 9	23	24	7.7903	11.7443	9.1865
2004	 9	24	24	6.8409	8.6893	7.4936
2004	 9	25	24	6.2018	6.6942	6.3757
2004	 9	26	24	1.4542	1.3982	1.4344
2004	 9	27	24	1.2464	2.8821	1.8240
2004	 9	28	24	1.0511	0.9807	1.0263
2004	 9	29	24	7.5627	8.3915	7.8554
2004	 9	30	24	0.0188	0.0000	0.0122
2004	10	 1	24	0.0000	0.0000	0.0000
2004	10	 2	24	3.4951	5.6781	4.2659
2004	10	 3	24	0.0000	0.0000	0.0000
2004	10	 4	24	0.0000	0.0000	0.0000
2004	10	 5	24	0.0000	0.0000	0.0000
2004	10	 6	24	4.8724	4.4560	4.7253
2004	10	 7	24	0.0000	0.0000	0.0000
2004	10	 8	24	2.0886	2.7350	2.3169
2004	10	 9	24	0.0000	0.0000	0.0000
2004	10	10	24	0.0000	0.0000	0.0000
2004	10	11	24	0.0000	0.0000	0.0000
2004	10	12	24	0.0000	0.0000	0.0000
2004	10	13	24	0.0000	0.0000	0.0000
2004	10	14	24	0.1229	0.1208	0.1222
2004	10	15	24	4.3132	5.0399	4.5698
2004	10	16	24	2.3949	4.1957	3.0308
2004	10	17	24	0.2461	0.1309	0.2055
2004	10	18	24	0.2892	0.1261	0.2316
2004	10	19	24	0.0000	0.0000	0.0000
2004	10	20	24	1.9876	2.6725	2.2294
2004	10	21	24	0.1071	0.4836	0.2400
2004	10	22	24	0.0098	0.0000	0.0063
2004	10	23	24	0.0000	0.0000	0.0000
2004	10	24	24	0.0000	0.0000	0.0000
2004	10	25	24	2.2495	4.3840	3.0032
2004	10	26	24	6.7768	6.7404	6.7640
2004	10	27	24	0.7579	1.1477	0.8956
2004	10	28	24	0.2163	0.2306	0.2213
2004	10	29	24	2.4365	4.0401	3.0027
2004	10	30	24	1.9014	4.7804	2.9180
2004	10	31	24	0.0995	0.0000	0.0644
2004	11	 1	24	0.6497	0.9506	0.7560
2004	11	 2	24	0.7031	1.1445	0.8590
2004	11	 3	24	0.0120	0.1971	0.0773
2004	11	 4	24	1.0354	0.8201	0.9593
2004	11	 5	24	1.5573	2.9079	2.0342
2004	11	 6	24	7.1904	11.9920	8.8859
2004	11	 7	24	7.6011	6.3070	7.1441
2004	11	 8	24	8.0499	2.9972	6.2658
2004	11	 9	24	16.3996	3.1909	11.7355
2004	11	10	24	2.2034	1.2313	1.8601
2004	11	11	24	2.4601	7.7993	4.3454
2004	11	12	24	4.3286	8.4667	5.7898
2004	11	13	24	3.9839	3.8346	3.9311
2004	11	14	24	0.4179	1.5695	0.8245
2004	11	15	24	1.3340	2.6365	1.7939
2004	11	16	24	8.4097	13.8523	10.3315
2004	11	17	24	4.0354	15.9206	8.2322
2004	11	18	24	23.3496	34.6900	27.3540
2004	11	19	24	5.5177	0.2334	3.6518
2004	11	20	24	3.0093	0.0000	1.9467
2004	11	21	24	2.9714	0.0107	1.9260
2004	11	22	24	18.9160	18.3288	18.7086
2004	11	23	24	9.9305	11.3107	10.4178
2004	11	24	24	1.2355	2.4408	1.6611
2004	11	25	24	0.8633	2.7529	1.5306
2004	11	26	24	1.6874	4.2928	2.6074
2004	11	27	24	4.3956	8.5426	5.8600
2004	11	28	24	0.8338	4.3869	2.0884
2004	11	29	24	0.4585	4.3745	1.8413
2004	11	30	24	0.2654	2.8455	1.1765
2004	12	 1	24	2.6263	6.6597	4.0506
2004	12	 2	24	0.2682	2.3802	1.0140
2004	12	 3	24	0.0735	1.4438	0.5573
2004	12	 4	24	0.1169	2.7664	1.0525
2004	12	 5	24	0.4737	2.6468	1.2410
2004	12	 6	24	0.0443	2.6330	0.9584
2004	12	 7	24	0.0230	1.5711	0.5697
2004	12	 8	24	0.0061	2.6363	0.9348
2004	12	 9	24	0.0001	1.9442	0.6866
2004	12	10	24	0.0000	4.7905	1.6916
2004	12	11	24	0.0000	2.3575	0.8325
2004	12	12	24	0.0962	0.0698	0.0868
2004	12	13	24	0.0023	0.0000	0.0015
2004	12	14	24	0.0004	0.0000	0.0003
2004	12	15	24	0.0183	0.4632	0.1754
2004	12	16	24	1.1414	0.0000	0.7384
2004	12	17	24	5.1441	0.0100	3.3312
2004	12	18	24	7.8362	0.0322	5.0805
2004	12	19	24	1.4428	0.0063	0.9355
2004	12	20	24	2.3330	0.2276	1.5895
2004	12	21	24	1.6720	1.3048	1.5424
2004	12	22	24	1.3726	0.0000	0.8879
2004	12	23	24	4.0209	7.2544	5.1627
2004	12	24	24	2.1313	8.0017	4.2042
2004	12	25	24	4.6173	8.9483	6.1467
2004	12	26	24	11.4933	4.2096	8.9213
2004	12	27	24	2.3642	0.1498	1.5823
2004	12	28	24	1.3751	0.0284	0.8996
2004	12	29	24	2.2817	0.6167	1.6938
2004	12	30	24	2.1080	2.4871	2.2419
2004	12	31	24	4.5879	7.1366	5.4879
2005	 1	 1	24	1.9907	7.7602	4.0280
2005	 1	 2	24	1.0111	4.5351	2.2554
2005	 1	 3	24	8.9609	2.5750	6.7060
2005	 1	 4	24	1.9264	5.2956	3.1161
2005	 1	 5	24	4.7442	7.9256	5.8676
2005	 1	 6	24	1.3692	4.9024	2.6168
2005	 1	 7	24	0.7152	9.8527	3.9417
2005	 1	 8	24	0.7399	11.4040	4.5055
2005	 1	 9	24	0.0672	5.5402	1.9998
2005	 1	10	24	0.1085	7.3910	2.6800
2005	 1	11	24	0.0000	3.9701	1.4019
2005	 1	12	24	1.2622	5.5535	2.7775
2005	 1	13	24	4.5264	4.6253	4.5613
2005	 1	14	24	0.7715	1.2998	0.9580
2005	 1	15	24	0.0871	1.0115	0.4135
2005	 1	16	24	0.0034	1.3233	0.4695
2005	 1	17	24	0.0000	0.1864	0.0658
2005	 1	18	24	0.6126	0.0000	0.3963
2005	 1	19	24	2.9857	1.2727	2.3808
2005	 1	20	24	29.3983	30.1610	29.6676
2005	 1	21	24	9.4383	3.3987	7.3057
2005	 1	22	24	3.9178	2.8999	3.5584
2005	 1	23	24	2.4963	0.7753	1.8886
2005	 1	24	24	0.0000	0.0000	0.0000
2005	 1	25	24	0.0000	0.0000	0.0000
2005	 1	26	24	0.0000	0.0000	0.0000
2005	 1	27	24	0.0000	0.0000	0.0000
2005	 1	28	24	0.0000	0.0000	0.0000
2005	 1	29	24	0.0000	0.0000	0.0000
2005	 1	30	24	0.0000	0.0000	0.0000
2005	 1	31	24	8.5015	0.0000	5.4995
2005	 2	 1	24	1.7981	0.0227	1.1712
2005	 2	 2	24	6.0712	0.8634	4.2323
2005	 2	 3	24	3.1058	0.5511	2.2037
2005	 2	 4	24	2.0837	0.4371	1.5023
2005	 2	 5	24	3.3953	0.2428	2.2821
2005	 2	 6	24	2.9606	0.0000	1.9152
2005	 2	 7	24	2.7258	0.0501	1.7809
2005	 2	 8	24	2.4532	0.0141	1.5919
2005	 2	 9	24	3.8692	0.3440	2.6244
2005	 2	10	24	9.4278	4.4297	7.6629
2005	 2	11	24	10.2962	9.1010	9.8742
2005	 2	12	24	17.5103	21.3460	18.8647
2005	 2	13	24	7.1711	6.1924	6.8255
2005	 2	14	24	0.2914	0.0000	0.1885
2005	 2	15	24	0.2140	0.0000	0.1384
2005	 2	16	24	0.1699	0.0000	0.1099
2005	 2	17	24	0.0000	0.0000	0.0000
2005	 2	18	24	0.0000	0.0000	0.0000
2005	 2	19	24	0.0000	0.0000	0.0000
2005	 2	20	24	1.2657	0.0000	0.8188
2005	 2	21	24	1.8629	0.0000	1.2051
2005	 2	22	24	0.0000	0.0000	0.0000
2005	 2	23	24	0.4127	0.0000	0.2670
2005	 2	24	24	0.3923	0.0000	0.2537
2005	 2	25	24	0.3941	0.0000	0.2549
2005	 2	26	24	1.0563	0.0000	0.6833
2005	 2	27	24	0.0000	0.0000	0.0000
2005	 2	28	24	0.0000	0.0000	0.0000
2005	 3	 1	24	0.6055	0.0000	0.3917
2005	 3	 2	24	2.4635	0.0000	1.5936
2005	 3	 3	24	2.4843	0.0000	1.6071
2005	 3	 4	24	1.8974	0.0000	1.2274
2005	 3	 5	24	2.1781	0.0000	1.4090
2005	 3	 6	24	0.0000	0.0000	0.0000
2005	 3	 7	24	1.0734	0.0000	0.6944
2005	 3	 8	24	1.9678	0.0000	1.2730
2005	 3	 9	24	3.0949	0.0000	2.0021
2005	 3	10	24	3.2763	0.0000	2.1194
2005	 3	11	24	6.7113	0.0000	4.3415
2005	 3	12	24	5.6967	0.0029	3.6862
2005	 3	13	24	2.3200	0.0562	1.5206
2005	 3	14	24	4.0789	0.6461	2.8667
2005	 3	15	24	7.7280	6.8814	7.4290
2005	 3	16	24	13.0055	16.2936	14.1666
2005	 3	17	24	17.5230	26.7532	20.7823
2005	 3	18	24	17.4611	30.9222	22.2144
2005	 3	19	24	4.0255	4.3109	4.1263
2005	 3	20	24	3.8821	3.8987	3.8880
2005	 3	21	24	3.8294	5.7304	4.5006
2005	 3	22	24	3.9595	6.8720	4.9879
2005	 3	23	24	4.5904	10.4374	6.6550
2005	 3	24	24	5.0428	14.6790	8.4455
2005	 3	25	24	7.3085	18.0959	11.1177
2005	 3	26	24	3.8063	13.6296	7.2750
2005	 3	27	24	2.9933	12.6561	6.4053
2005	 3	28	24	2.1820	12.5371	5.8385
2005	 3	29	24	1.8937	12.8255	5.7538
2005	 3	30	24	1.2454	10.6553	4.5681
2005	 3	31	24	0.7535	8.5073	3.4915
2005	 4	 1	24	0.5710	9.4026	3.6895
2005	 4	 2	24	0.4282	12.2288	4.5951
2005	 4	 3	24	0.1865	15.4370	5.5716
2005	 4	 4	24	0.0040	14.5217	5.1303
2005	 4	 5	24	0.2339	8.3401	3.0963
2005	 4	 6	24	1.8364	7.3092	3.7689
2005	 4	 7	24	0.5821	3.6634	1.6701
2005	 4	 8	24	1.8676	2.2861	2.0153
2005	 4	 9	24	5.7280	7.0931	6.2101
2005	 4	10	24	0.0392	0.2555	0.1156
2005	 4	11	24	0.0000	0.4344	0.1534
2005	 4	12	24	0.0329	0.1519	0.0749
2005	 4	13	24	0.0000	0.0009	0.0003
2005	 4	14	24	0.0000	0.0000	0.0000
2005	 4	15	24	0.0000	0.0000	0.0000
2005	 4	16	24	0.2432	0.0282	0.1673
2005	 4	17	24	1.9843	3.4487	2.5014
2005	 4	18	24	0.0000	0.0000	0.0000
2005	 4	19	24	0.0000	0.0000	0.0000
2005	 4	20	24	0.0000	0.0000	0.0000
2005	 4	21	24	0.0000	0.0000	0.0000
2005	 4	22	24	0.0000	0.0000	0.0000
2005	 4	23	24	0.0000	0.0000	0.0000
2005	 4	24	24	0.0000	0.0000	0.0000
2005	 4	25	24	2.3436	4.3354	3.0469
2005	 4	26	24	0.8991	0.5564	0.7781
2005	 4	27	24	3.7299	4.4531	3.9852
2005	 4	28	24	0.0000	0.0000	0.0000
2005	 4	29	24	0.0000	0.0000	0.0000
2005	 4	30	24	0.0000	0.0000	0.0000
2005	 5	 1	24	0.0000	0.0000	0.0000
2005	 5	 2	24	0.0000	0.0000	0.0000
2005	 5	 3	24	7.0315	8.3477	7.4963
2005	 5	 4	24	8.6895	8.8843	8.7583
2005	 5	 5	24	0.7037	0.8305	0.7484
2005	 5	 6	24	5.2890	5.5837	5.3931
2005	 5	 7	24	6.1569	7.4937	6.6290
2005	 5	 8	24	2.7870	3.4916	3.0358
2005	 5	 9	24	1.2017	1.5942	1.3403
2005	 5	10	24	0.2934	0.5269	0.3759
2005	 5	11	24	2.5037	4.5972	3.2430
2005	 5	12	24	0.0000	0.0000	0.0000
2005	 5	13	24	0.0000	0.0000	0.0000
2005	 5	14	24	2.5945	3.0272	2.7473
2005	 5	15	24	1.5752	1.4599	1.5345
2005	 5	16	24	12.8777	17.3461	14.4555
2005	 5	17	24	1.2473	2.0570	1.5332
2005	 5	18	24	0.5896	0.7983	0.6633
2005	 5	19	24	0.0000	0.0000	0.0000
2005	 5	20	24	0.0000	0.0000	0.0000
2005	 5	21	24	1.0820	1.8231	1.3437
2005	 5	22	24	3.9972	5.8793	4.6618
2005	 5	23	24	12.2672	14.5718	13.0810
2005	 5	24	24	0.0000	0.0000	0.0000
2005	 5	25	24	0.0000	0.0000	0.0000
2005	 5	26	24	0.0000	0.0000	0.0000
2005	 5	27	24	0.0000	0.0000	0.0000
2005	 5	28	24	0.0000	0.0000	0.0000
2005	 5	29	24	0.0020	0.1335	0.0484
2005	 5	30	24	1.9303	2.5103	2.1351
2005	 5	31	24	0.0000	0.0000	0.0000
2005	 6	 1	24	0.0000	0.0000	0.0000
2005	 6	 2	24	0.1000	0.0000	0.0647
2005	 6	 3	24	0.2110	0.4312	0.2887
2005	 6	 4	24	0.3106	0.1713	0.2614
2005	 6	 5	24	2.0839	1.2264	1.7811
2005	 6	 6	24	7.1388	8.6775	7.6821
2005	 6	 7	24	3.1308	4.3073	3.5462
2005	 6	 8	24	0.4095	0.2031	0.3366
2005	 6	 9	24	0.0000	0.0000	0.0000
2005	 6	10	24	2.6316	2.6916	2.6528
2005	 6	11	24	0.0012	0.0000	0.0008
2005	 6	12	24	0.1603	0.0000	0.1037
2005	 6	13	24	0.0000	0.0000	0.0000
2005	 6	14	24	19.3084	45.6600	28.6134
2005	 6	15	24	0.0000	0.0000	0.0000
2005	 6	16	24	0.0000	0.0000	0.0000
2005	 6	17	24	3.5177	3.3502	3.4585
2005	 6	18	24	0.0000	0.0000	0.0000
2005	 6	19	24	0.0000	0.0000	0.0000
2005	 6	20	24	0.0000	0.0000	0.0000
2005	 6	21	24	1.3364	1.2175	1.2944
2005	 6	22	24	0.0000	0.0000	0.0000
2005	 6	23	24	0.0000	0.0000	0.0000
2005	 6	24	24	1.8875	0.5260	1.4068
2005	 6	25	24	8.5779	9.4255	8.8772
2005	 6	26	24	0.1843	0.1554	0.1741
2005	 6	27	24	0.0000	0.0000	0.0000
2005	 6	28	24	0.0000	0.0000	0.0000
2005	 6	29	24	0.1118	0.0000	0.0723
2005	 6	30	24	4.5063	5.3868	4.8172
2005	 7	 1	24	8.3533	8.0237	8.2369
2005	 7	 2	24	0.0829	0.0000	0.0536
2005	 7	 3	24	0.0000	0.0000	0.0000
2005	 7	 4	24	3.9968	7.1094	5.0959
2005	 7	 5	24	14.1252	17.2351	15.2234
2005	 7	 6	24	0.3662	0.0685	0.2611
2005	 7	 7	24	3.9838	4.3167	4.1013
2005	 7	 8	24	10.7338	14.0635	11.9096
2005	 7	 9	24	0.4130	1.5127	0.8013
2005	 7	10	24	0.9653	3.1298	1.7296
2005	 7	11	24	0.6402	0.3532	0.5388
2005	 7	12	24	0.0000	0.0000	0.0000
2005	 7	13	24	0.0000	0.0000	0.0000
2005	 7	14	24	0.0000	0.0000	0.0000
2005	 7	15	24	2.1963	2.2673	2.2214
2005	 7	16	24	0.0000	0.0000	0.0000
2005	 7	17	24	0.0000	0.0000	0.0000
2005	 7	18	24	0.7490	0.4375	0.6390
2005	 7	19	24	10.9656	14.2787	12.1355
2005	 7	20	24	4.5752	6.1792	5.1416
2005	 7	21	24	8.0759	13.6005	10.0267
2005	 7	22	24	3.1676	4.2314	3.5432
2005	 7	23	24	0.7990	0.6255	0.7378
2005	 7	24	24	2.2180	3.6022	2.7068
2005	 7	25	24	1.1081	0.6407	0.9431
2005	 7	26	24	0.2452	0.0000	0.1586
2005	 7	27	24	0.0000	0.0000	0.0000
2005	 7	28	24	0.0143	0.2130	0.0845
2005	 7	29	24	9.1292	12.7207	10.3974
2005	 7	30	24	5.9625	7.7419	6.5908
2005	 7	31	24	0.0000	0.0000	0.0000
2005	 8	 1	24	0.2450	0.0339	0.1705
2005	 8	 2	24	3.9293	3.6655	3.8361
2005	 8	 3	24	3.4017	3.2262	3.3398
2005	 8	 4	24	0.6457	0.6826	0.6587
2005	 8	 5	24	9.1271	11.5306	9.9758
2005	 8	 6	24	3.5101	4.2455	3.7697
2005	 8	 7	24	2.3057	3.8081	2.8362
2005	 8	 8	24	2.3569	2.7736	2.5040
2005	 8	 9	24	0.5440	0.0295	0.3623
2005	 8	10	24	1.0477	0.7772	0.9522
2005	 8	11	24	0.0000	0.0000	0.0000
2005	 8	12	24	8.3007	8.7919	8.4741
2005	 8	13	24	1.1921	1.7006	1.3716
2005	 8	14	24	2.1808	3.1464	2.5218
2005	 8	15	24	2.6461	7.6660	4.4187
2005	 8	16	24	0.0000	0.0000	0.0000
2005	 8	17	24	0.0000	0.0000	0.0000
2005	 8	18	24	0.0000	0.0000	0.0000
2005	 8	19	24	0.0000	0.0000	0.0000
2005	 8	20	24	10.0522	14.2710	11.5419
2005	 8	21	24	0.0000	0.0000	0.0000
2005	 8	22	24	14.4857	23.7276	17.7491
2005	 8	23	24	4.9065	4.1821	4.6507
2005	 8	24	24	0.7219	0.4250	0.6171
2005	 8	25	24	2.2101	2.4909	2.3093
2005	 8	26	24	0.0000	0.0000	0.0000
2005	 8	27	24	0.0000	0.0000	0.0000
2005	 8	28	24	0.0000	0.0000	0.0000
2005	 8	29	24	0.0000	0.0000	0.0000
2005	 8	30	24	0.0000	0.0000	0.0000
2005	 8	31	24	0.0000	0.0000	0.0000
2005	 9	 1	24	0.0000	0.0000	0.0000
2005	 9	 2	24	0.0000	0.0000	0.0000
2005	 9	 3	24	0.1882	0.0000	0.1218
2005	 9	 4	24	0.0000	0.0000	0.0000
2005	 9	 5	24	0.0000	0.0000	0.0000
2005	 9	 6	24	0.0000	0.0000	0.0000
2005	 9	 7	24	0.0000	0.0000	0.0000
2005	 9	 8	24	0.0000	0.0000	0.0000
2005	 9	 9	24	0.0000	0.0000	0.0000
2005	 9	10	24	19.5431	26.9877	22.1718
2005	 9	11	24	1.4555	1.5962	1.5052
2005	 9	12	24	16.3903	20.3817	17.7997
2005	 9	13	24	0.0000	0.0000	0.0000
2005	 9	14	24	0.0389	0.0000	0.0252
2005	 9	15	24	5.7592	7.9418	6.5299
2005	 9	16	24	8.1217	8.9968	8.4307
2005	 9	17	24	3.2870	1.8656	2.7851
2005	 9	18	24	0.0000	0.0000	0.0000
2005	 9	19	24	0.0000	0.0000	0.0000
2005	 9	20	24	0.0000	0.0000	0.0000
2005	 9	21	24	0.0000	0.0000	0.0000
2005	 9	22	24	0.0000	0.0000	0.0000
2005	 9	23	24	0.0000	0.0000	0.0000
2005	 9	24	24	0.0000	0.0000	0.0000
2005	 9	25	24	0.0000	0.0000	0.0000
2005	 9	26	24	0.0975	0.0000	0.0631
2005	 9	27	24	0.4437	1.5541	0.8358
2005	 9	28	24	2.5716	1.6635	2.2509
2005	 9	29	24	6.2747	10.4781	7.7589
2005	 9	30	24	1.0561	1.2665	1.1304
2005	10	 1	24	5.7946	5.6246	5.7346
2005	10	 2	24	5.2567	6.1486	5.5717
2005	10	 3	24	0.3846	0.0337	0.2607
2005	10	 4	24	0.0000	0.0000	0.0000
2005	10	 5	24	0.0000	0.0000	0.0000
2005	10	 6	24	0.0000	0.0000	0.0000
2005	10	 7	24	0.0000	0.0000	0.0000
2005	10	 8	24	0.0000	0.0000	0.0000
2005	10	 9	24	0.0000	0.0000	0.0000
2005	10	10	24	0.0000	0.0000	0.0000
2005	10	11	24	0.0000	0.0000	0.0000
2005	10	12	24	0.0000	0.0000	0.0000
2005	10	13	24	0.0000	0.0000	0.0000
2005	10	14	24	0.0000	0.0000	0.0000
2005	10	15	24	0.0000	0.0000	0.0000
2005	10	16	24	0.0000	0.0000	0.0000
2005	10	17	24	0.0000	0.0000	0.0000
2005	10	18	24	0.0000	0.0000	0.0000
2005	10	19	24	0.0000	0.0000	0.0000
2005	10	20	24	0.0000	0.0000	0.0000
2005	10	21	24	0.0009	0.0000	0.0006
2005	10	22	24	0.8174	0.1669	0.5877
2005	10	23	24	4.7031	6.3875	5.2979
2005	10	24	24	0.4682	0.7161	0.5558
2005	10	25	24	1.0207	2.0165	1.3723
2005	10	26	24	0.0000	0.0000	0.0000
2005	10	27	24	0.0000	0.0000	0.0000
2005	10	28	24	0.0000	0.0000	0.0000
2005	10	29	24	0.0000	0.0000	0.0000
2005	10	30	24	0.0000	0.0000	0.0000
2005	10	31	24	0.0000	0.0000	0.0000
2005	11	 1	24	0.6704	1.2187	0.8640
2005	11	 2	24	0.0000	0.0000	0.0000
2005	11	 3	24	0.7610	1.0922	0.8779
2005	11	 4	24	0.4925	0.6313	0.5415
2005	11	 5	24	3.0782	4.0187	3.4103
2005	11	 6	24	0.0000	0.0000	0.0000
2005	11	 7	24	0.0000	0.0000	0.0000
2005	11	 8	24	0.0000	0.0000	0.0000
2005	11	 9	24	0.0010	0.0000	0.0007
2005	11	10	24	0.0000	0.0000	0.0000
2005	11	11	24	0.0000	0.0000	0.0000
2005	11	12	24	0.0000	0.0000	0.0000
2005	11	13	24	0.0618	0.5750	0.2430
2005	11	14	24	0.0000	0.0000	0.0000
2005	11	15	24	4.1847	3.2237	3.8454
2005	11	16	24	5.1058	5.6018	5.2810
2005	11	17	24	4.3801	0.0856	2.8636
2005	11	18	24	1.9523	0.0471	1.2795
2005	11	19	24	1.6055	0.0000	1.0386
2005	11	20	24	8.6304	2.2964	6.3938
2005	11	21	24	3.9549	0.5723	2.7605
2005	11	22	24	1.8775	0.0000	1.2146
2005	11	23	24	0.9630	0.0000	0.6229
2005	11	24	24	1.1133	0.0000	0.7202
2005	11	25	24	1.4391	0.0000	0.9310
2005	11	26	24	3.8953	0.4663	2.6845
2005	11	27	24	1.3108	0.0003	0.8480
2005	11	28	24	1.6944	0.0016	1.0966
2005	11	29	24	2.0788	0.9999	1.6978
2005	11	30	24	1.5108	0.7601	1.2457
2005	12	 1	24	1.8085	1.8588	1.8263
2005	12	 2	24	0.8211	0.0000	0.5312
2005	12	 3	24	4.2694	0.0000	2.7618
2005	12	 4	24	5.0669	2.3911	4.1220
2005	12	 5	24	1.7807	2.1376	1.9067
2005	12	 6	24	2.6181	3.8446	3.0512
2005	12	 7	24	1.5024	1.9014	1.6433
2005	12	 8	24	2.8639	2.8829	2.8706
2005	12	 9	24	0.8585	0.7551	0.8220
2005	12	10	24	0.6964	1.7582	1.0713
2005	12	11	24	0.6434	0.8554	0.7182
2005	12	12	24	2.1417	4.7920	3.0775
2005	12	13	24	1.6589	1.4963	1.6014
2005	12	14	24	2.8748	2.2804	2.6649
2005	12	15	24	12.6550	9.6974	11.6107
2005	12	16	24	11.8236	0.0369	7.6615
2005	12	17	24	0.0000	0.0000	0.0000
2005	12	18	24	0.2872	0.0000	0.1858
2005	12	19	24	3.5041	0.0000	2.2667
2005	12	20	24	9.5256	0.0591	6.1829
2005	12	21	24	2.9472	0.3946	2.0459
2005	12	22	24	6.1538	1.6347	4.5580
2005	12	23	24	6.9876	3.6774	5.8187
2005	12	24	24	8.5783	6.1362	7.7160
2005	12	25	24	2.8215	1.6939	2.4233
2005	12	26	24	2.5305	0.3047	1.7445
2005	12	27	24	0.6050	0.0000	0.3913
2005	12	28	24	0.0000	0.0000	0.0000
2005	12	29	24	0.0000	0.0000	0.0000
2005	12	30	24	2.0225	0.0000	1.3083
2005	12	31	24	2.0465	0.0000	1.3239
2006	 1	 1	24	3.8172	0.1960	2.5385
2006	 1	 2	24	2.6856	0.9668	2.0787
2006	 1	 3	24	2.2159	0.0027	1.4344
2006	 1	 4	24	0.0854	0.0000	0.0553
2006	 1	 5	24	0.3353	0.0000	0.2169
2006	 1	 6	24	1.4674	1.0546	1.3216
2006	 1	 7	24	1.0455	0.0252	0.6852
2006	 1	 8	24	0.3938	0.0000	0.2548
2006	 1	 9	24	3.2607	0.8175	2.3980
2006	 1	10	24	3.1915	2.9736	3.1146
2006	 1	11	24	4.4345	5.1998	4.7048
2006	 1	12	24	1.7028	1.5177	1.6375
2006	 1	13	24	1.1284	0.0492	0.7473
2006	 1	14	24	1.8383	2.2168	1.9720
2006	 1	15	24	0.5314	0.0000	0.3438
2006	 1	16	24	0.7471	0.0000	0.4833
2006	 1	17	24	3.8907	0.0000	2.5169
2006	 1	18	24	1.4209	0.0000	0.9191
2006	 1	19	24	0.0000	0.0000	0.0000
2006	 1	20	24	9.6509	4.3545	7.7807
2006	 1	21	24	11.3263	4.3690	8.8696
2006	 1	22	24	0.0018	0.0012	0.0016
2006	 1	23	24	0.1711	0.0013	0.1111
2006	 1	24	24	2.0087	0.0080	1.3022
2006	 1	25	24	0.2180	0.0239	0.1495
2006	 1	26	24	0.0434	0.0153	0.0335
2006	 1	27	24	1.0106	0.0079	0.6565
2006	 1	28	24	2.3442	3.9248	2.9023
2006	 1	29	24	1.4967	2.7830	1.9509
2006	 1	30	24	1.3391	2.8355	1.8675
2006	 1	31	24	1.2472	3.1113	1.9054
2006	 2	 1	24	2.4939	8.3842	4.5738
2006	 2	 2	24	1.5698	4.5305	2.6153
2006	 2	 3	24	0.3296	0.1175	0.2547
2006	 2	 4	24	0.0045	0.0000	0.0029
2006	 2	 5	24	0.1161	0.0000	0.0751
2006	 2	 6	24	4.8676	0.0008	3.1491
2006	 2	 7	24	18.7504	14.2421	17.1585
2006	 2	 8	24	7.2084	3.0378	5.7357
2006	 2	 9	24	6.5945	1.8195	4.9084
2006	 2	10	24	5.8951	0.0000	3.8135
2006	 2	11	24	1.7136	0.0000	1.1085
2006	 2	12	24	2.1669	0.0000	1.4018
2006	 2	13	24	3.2502	0.5329	2.2907
2006	 2	14	24	4.2155	2.6757	3.6718
2006	 2	15	24	3.8061	0.0000	2.4621
2006	 2	16	24	5.1995	3.1015	4.4586
2006	 2	17	24	4.0401	4.2237	4.1049
2006	 2	18	24	2.1831	3.1025	2.5078
2006	 2	19	24	1.9436	4.8085	2.9553
2006	 2	20	24	1.1671	2.7053	1.7102
2006	 2	21	24	0.9582	1.8021	1.2562
2006	 2	22	24	0.1308	0.0000	0.0846
2006	 2	23	24	0.5121	0.0000	0.3313
2006	 2	24	24	1.0798	1.5802	1.2565
2006	 2	25	24	0.4361	0.0015	0.2826
2006	 2	26	24	0.0000	0.0000	0.0000
2006	 2	27	24	1.3616	0.0007	0.8811
2006	 2	28	24	3.5506	0.0000	2.2968
2006	 3	 1	24	3.4237	0.0000	2.2147
2006	 3	 2	24	2.7547	0.2123	1.8569
2006	 3	 3	24	3.3382	0.0000	2.1594
2006	 3	 4	24	0.8110	0.0002	0.5247
2006	 3	 5	24	2.7964	0.8570	2.1116
2006	 3	 6	24	3.0584	0.3432	2.0996
2006	 3	 7	24	3.1659	0.1318	2.0945
2006	 3	 8	24	2.8600	0.0000	1.8501
2006	 3	 9	24	8.6765	1.2974	6.0708
2006	 3	10	24	6.0637	5.2287	5.7688
2006	 3	11	24	6.0085	0.5636	4.0858
2006	 3	12	24	0.0000	0.0000	0.0000
2006	 3	13	24	0.1872	0.0000	0.1211
2006	 3	14	24	0.8120	0.0000	0.5253
2006	 3	15	24	0.4534	0.0000	0.2933
2006	 3	16	24	1.5482	0.0000	1.0015
2006	 3	17	24	0.9924	0.0000	0.6420
2006	 3	18	24	1.5264	1.1726	1.4015
2006	 3	19	24	5.5573	4.2211	5.0855
2006	 3	20	24	4.9519	5.4714	5.1353
2006	 3	21	24	3.8383	4.4349	4.0490
2006	 3	22	24	1.3754	3.4020	2.0910
2006	 3	23	24	1.0946	3.2435	1.8534
2006	 3	24	24	1.2687	4.0100	2.2367
2006	 3	25	24	4.8201	8.3858	6.0792
2006	 3	26	24	9.8297	24.1679	14.8927
2006	 3	27	24	3.3427	17.3374	8.2844
2006	 3	28	24	2.3154	12.7304	5.9930
2006	 3	29	24	3.0310	11.1435	5.8956
2006	 3	30	24	11.0604	21.0800	14.5984
2006	 3	31	24	2.6442	14.5137	6.8354
2006	 4	 1	24	2.6209	15.7387	7.2529
2006	 4	 2	24	2.7153	15.2650	7.1467
2006	 4	 3	24	3.1941	10.7723	5.8700
2006	 4	 4	24	0.9880	5.5567	2.6013
2006	 4	 5	24	0.4731	3.2929	1.4688
2006	 4	 6	24	0.5102	5.2896	2.1978
2006	 4	 7	24	0.7112	8.4051	3.4280
2006	 4	 8	24	0.9269	13.2486	5.2778
2006	 4	 9	24	1.0260	10.8803	4.5057
2006	 4	10	24	6.9692	6.9818	6.9736
2006	 4	11	24	0.3108	3.7714	1.5328
2006	 4	12	24	0.4203	3.4327	1.4840
2006	 4	13	24	3.6268	11.1819	6.2946
2006	 4	14	24	3.7474	15.2262	7.8007
2006	 4	15	24	0.7172	13.4258	5.2048
2006	 4	16	24	5.0901	19.4833	10.1725
2006	 4	17	24	0.9365	14.8263	5.8411
2006	 4	18	24	0.0011	12.1213	4.2809
2006	 4	19	24	0.0094	10.7765	3.8114
2006	 4	20	24	0.0000	10.0693	3.5556
2006	 4	21	24	0.0000	7.5526	2.6669
2006	 4	22	24	1.8514	6.8829	3.6281
2006	 4	23	24	1.8581	3.2981	2.3666
2006	 4	24	24	0.0000	0.6053	0.2137
2006	 4	25	24	0.0000	0.0090	0.0032
2006	 4	26	24	1.2431	5.8041	2.8536
2006	 4	27	24	0.7196	0.7695	0.7372
2006	 4	28	24	4.4374	3.9737	4.2737
2006	 4	29	24	7.4145	11.6301	8.9031
