YY	MM	DD	HH	"1"	"2"	tot_average

--	--	--	--	0.6468891	0.3531109	1.0000
2000	 8	 1	24	6648.194	5548.942	6260.036
2000	 8	 2	24	4375.866	4292.318	4346.364
2000	 8	 3	24	5091.543	4614.780	4923.193
2000	 8	 4	24	5021.729	4738.525	4921.727
2000	 8	 5	24	6664.364	6651.362	6659.772
2000	 8	 6	24	2328.243	2044.182	2227.938
2000	 8	 7	24	2911.118	2818.579	2878.441
2000	 8	 8	24	3363.518	3074.558	3261.483
2000	 8	 9	24	4039.211	4066.857	4048.973
2000	 8	10	24	4248.530	4090.008	4192.554
2000	 8	11	24	4997.392	4982.993	4992.308
2000	 8	12	24	4757.794	4814.765	4777.911
2000	 8	13	24	5937.185	5857.629	5909.093
2000	 8	14	24	6151.919	6165.530	6156.725
2000	 8	15	24	4331.187	3931.943	4190.209
2000	 8	16	24	5919.112	5816.670	5882.939
2000	 8	17	24	6070.761	5906.591	6012.791
2000	 8	18	24	3306.734	3181.355	3262.461
2000	 8	19	24	4471.931	4309.588	4414.606
2000	 8	20	24	5974.828	5826.654	5922.506
2000	 8	21	24	4890.337	4835.312	4870.907
2000	 8	22	24	3421.921	3580.463	3477.904
2000	 8	23	24	4632.668	4547.830	4602.711
2000	 8	24	24	5002.227	4673.222	4886.052
2000	 8	25	24	2693.377	2547.499	2641.866
2000	 8	26	24	6358.832	6158.267	6288.010
2000	 8	27	24	6256.340	6041.597	6180.512
2000	 8	28	24	1495.475	1530.379	1507.800
2000	 8	29	24	3869.992	3187.474	3628.987
2000	 8	30	24	3435.029	3209.827	3355.508
2000	 8	31	24	3088.593	2978.835	3049.836
2000	 9	 1	24	3286.943	3272.095	3281.700
2000	 9	 2	24	3218.996	2760.948	3057.254
2000	 9	 3	24	1278.800	1180.846	1244.212
2000	 9	 4	24	1303.448	1163.748	1254.118
2000	 9	 5	24	2099.424	1766.514	1981.869
2000	 9	 6	24	2753.664	2293.843	2591.296
2000	 9	 7	24	2594.188	2604.937	2597.984
2000	 9	 8	24	3374.659	3196.080	3311.601
2000	 9	 9	24	5102.521	5037.911	5079.706
2000	 9	10	24	3285.164	3152.754	3238.408
2000	 9	11	24	2878.831	2786.014	2846.056
2000	 9	12	24	4654.947	4370.169	4554.389
2000	 9	13	24	2715.987	2584.625	2669.601
2000	 9	14	24	2180.650	1947.297	2098.251
2000	 9	15	24	3445.240	3376.156	3420.846
2000	 9	16	24	2255.351	1957.263	2150.093
2000	 9	17	24	1690.060	1766.274	1716.972
2000	 9	18	24	1561.286	1397.882	1503.586
2000	 9	19	24	4059.955	2998.097	3685.001
2000	 9	20	24	3125.513	2915.955	3051.516
2000	 9	21	24	537.803	438.805	502.846
2000	 9	22	24	1353.361	1273.860	1325.288
2000	 9	23	24	4461.171	4321.540	4411.866
2000	 9	24	24	4521.326	4303.806	4444.518
2000	 9	25	24	4074.228	3610.167	3910.363
2000	 9	26	24	3435.612	3268.468	3376.592
2000	 9	27	24	3963.399	3659.443	3856.069
2000	 9	28	24	3142.316	2726.119	2995.353
2000	 9	29	24	4049.895	3838.280	3975.172
2000	 9	30	24	3951.180	3750.073	3880.167
2000	10	 1	24	2541.630	2187.920	2416.731
2000	10	 2	24	2269.603	1981.775	2167.968
2000	10	 3	24	2187.405	2090.037	2153.023
2000	10	 4	24	1173.039	911.699	1080.757
2000	10	 5	24	1447.971	1281.466	1389.176
2000	10	 6	24	333.857	330.457	332.656
2000	10	 7	24	161.723	147.849	156.824
2000	10	 8	24	727.437	729.226	728.069
2000	10	 9	24	1001.661	745.983	911.378
2000	10	10	24	885.656	604.799	786.482
2000	10	11	24	1935.188	1615.630	1822.348
2000	10	12	24	1263.347	1113.355	1210.383
2000	10	13	24	2119.246	2080.417	2105.535
2000	10	14	24	1461.392	2025.833	1660.702
2000	10	15	24	2801.688	2644.915	2746.329
2000	10	16	24	2302.244	2412.135	2341.047
2000	10	17	24	2135.485	2062.777	2109.811
2000	10	18	24	425.451	426.823	425.935
2000	10	19	24	919.415	704.599	843.561
2000	10	20	24	436.323	291.002	385.009
2000	10	21	24	2758.173	2617.842	2708.620
2000	10	22	24	2793.535	2697.010	2759.451
2000	10	23	24	2785.240	2629.508	2730.249
2000	10	24	24	1630.258	1489.375	1580.510
2000	10	25	24	1204.426	1216.281	1208.612
2000	10	26	24	1002.213	813.896	935.716
2000	10	27	24	1018.301	884.352	971.002
2000	10	28	24	977.401	693.516	877.158
2000	10	29	24	1141.508	1014.782	1096.760
2000	10	30	24	714.294	675.608	700.634
2000	10	31	24	343.071	299.513	327.690
2000	11	 1	24	1477.748	1104.747	1346.037
2000	11	 2	24	1929.431	1811.514	1887.793
2000	11	 3	24	1165.925	665.932	989.372
2000	11	 4	24	966.133	919.349	949.613
2000	11	 5	24	1136.465	998.819	1087.860
2000	11	 6	24	401.983	252.826	349.314
2000	11	 7	24	1457.989	1306.519	1404.503
2000	11	 8	24	1465.184	1025.111	1309.789
2000	11	 9	24	1236.177	1247.739	1240.260
2000	11	10	24	1809.657	1671.381	1760.830
2000	11	11	24	1727.104	1506.147	1649.081
2000	11	12	24	1140.191	1049.036	1108.003
2000	11	13	24	429.618	411.028	423.054
2000	11	14	24	402.525	393.096	399.196
2000	11	15	24	981.312	806.657	919.640
2000	11	16	24	1323.764	1006.929	1211.886
2000	11	17	24	175.350	154.487	167.983
2000	11	18	24	1656.259	1502.641	1602.015
2000	11	19	24	1772.992	1381.329	1634.692
2000	11	20	24	956.678	833.943	913.339
2000	11	21	24	238.492	161.089	211.160
2000	11	22	24	846.821	577.134	751.591
2000	11	23	24	738.438	426.036	628.125
2000	11	24	24	725.191	607.679	683.696
2000	11	25	24	188.227	153.931	176.116
2000	11	26	24	374.944	237.114	326.275
2000	11	27	24	267.387	219.154	250.355
2000	11	28	24	436.303	372.427	413.748
2000	11	29	24	1181.819	775.731	1038.425
2000	11	30	24	940.558	792.311	888.210
2000	12	 1	24	1257.674	1126.114	1211.219
2000	12	 2	24	569.348	482.556	538.701
2000	12	 3	24	1174.024	988.644	1108.565
2000	12	 4	24	929.723	514.322	783.040
2000	12	 5	24	687.871	462.803	608.397
2000	12	 6	24	1095.802	458.967	870.929
2000	12	 7	24	898.012	478.194	749.770
2000	12	 8	24	333.791	291.314	318.792
2000	12	 9	24	701.669	646.116	682.052
2000	12	10	24	609.036	476.457	562.221
2000	12	11	24	434.744	353.605	406.093
2000	12	12	24	145.669	90.072	126.037
2000	12	13	24	610.107	615.807	612.119
2000	12	14	24	611.539	490.861	568.926
2000	12	15	24	637.191	620.198	631.191
2000	12	16	24	292.709	304.391	296.834
2000	12	17	24	294.204	278.872	288.790
2000	12	18	24	1097.722	932.155	1039.258
2000	12	19	24	958.806	900.680	938.281
2000	12	20	24	1526.309	782.171	1263.546
2000	12	21	24	953.236	469.023	782.255
2000	12	22	24	1031.743	274.798	764.457
2000	12	23	24	1006.055	585.736	857.636
2000	12	24	24	1092.433	992.669	1057.205
2000	12	25	24	376.858	402.007	385.739
2000	12	26	24	469.176	272.256	399.642
2000	12	27	24	835.813	302.287	647.419
2000	12	28	24	290.568	247.648	275.412
2000	12	29	24	823.101	681.060	772.945
2000	12	30	24	574.834	443.680	528.522
2000	12	31	24	473.611	424.280	456.192
2001	 1	 1	24	1037.100	882.670	982.569
2001	 1	 2	24	447.083	528.457	475.817
2001	 1	 3	24	893.941	1185.115	996.758
2001	 1	 4	24	818.300	525.560	714.930
2001	 1	 5	24	451.902	306.829	400.675
2001	 1	 6	24	327.830	267.638	306.575
2001	 1	 7	24	580.819	549.441	569.739
2001	 1	 8	24	460.528	404.588	440.775
2001	 1	 9	24	174.970	171.942	173.901
2001	 1	10	24	819.897	726.368	786.871
2001	 1	11	24	364.101	273.323	332.046
2001	 1	12	24	527.530	315.831	452.777
2001	 1	13	24	648.025	498.588	595.257
2001	 1	14	24	403.430	255.793	351.298
2001	 1	15	24	1260.643	528.517	1002.121
2001	 1	16	24	1315.004	1045.808	1219.948
2001	 1	17	24	1218.996	437.841	943.162
2001	 1	18	24	787.655	337.036	628.536
2001	 1	19	24	1088.918	280.682	803.521
2001	 1	20	24	343.282	172.933	283.130
2001	 1	21	24	270.806	120.778	217.830
2001	 1	22	24	453.227	553.946	488.792
2001	 1	23	24	540.792	463.490	513.496
2001	 1	24	24	358.482	165.942	290.494
2001	 1	25	24	1413.113	836.780	1209.604
2001	 1	26	24	1117.299	419.230	870.803
2001	 1	27	24	472.764	320.712	419.073
2001	 1	28	24	1612.096	1527.160	1582.104
2001	 1	29	24	522.043	493.753	512.054
2001	 1	30	24	627.775	711.605	657.376
2001	 1	31	24	448.899	685.602	532.481
2001	 2	 1	24	684.819	835.074	737.875
2001	 2	 2	24	1182.436	1338.700	1237.615
2001	 2	 3	24	638.179	747.761	676.874
2001	 2	 4	24	507.144	705.823	577.300
2001	 2	 5	24	905.737	783.958	862.735
2001	 2	 6	24	1238.208	1206.970	1227.178
2001	 2	 7	24	1484.726	1411.482	1458.863
2001	 2	 8	24	800.699	842.686	815.525
2001	 2	 9	24	894.328	923.833	904.747
2001	 2	10	24	1412.278	1503.711	1444.564
2001	 2	11	24	2230.456	2195.329	2218.052
2001	 2	12	24	1382.619	1340.363	1367.698
2001	 2	13	24	554.498	639.818	584.625
2001	 2	14	24	2523.612	2203.061	2410.422
2001	 2	15	24	2806.455	2734.745	2781.133
2001	 2	16	24	2819.887	2733.700	2789.454
2001	 2	17	24	530.458	711.933	594.539
2001	 2	18	24	386.971	458.316	412.164
2001	 2	19	24	308.283	278.860	297.893
2001	 2	20	24	1150.535	1079.426	1125.425
2001	 2	21	24	361.900	508.537	413.679
2001	 2	22	24	510.802	634.563	554.504
2001	 2	23	24	1030.091	1245.983	1106.324
2001	 2	24	24	2009.552	2450.790	2165.358
2001	 2	25	24	1443.031	1480.115	1456.126
2001	 2	26	24	1432.862	1503.592	1457.837
2001	 2	27	24	2593.209	1823.649	2321.469
2001	 2	28	24	3090.484	2481.218	2875.346
2001	 3	 1	24	3072.199	3170.823	3107.024
2001	 3	 2	24	1850.211	1581.505	1755.328
2001	 3	 3	24	1419.514	1653.013	1501.965
2001	 3	 4	24	1057.994	1129.524	1083.252
2001	 3	 5	24	704.816	1144.260	859.989
2001	 3	 6	24	2965.070	2773.262	2897.341
2001	 3	 7	24	3077.419	2322.025	2810.681
2001	 3	 8	24	2973.718	2893.024	2945.224
2001	 3	 9	24	1932.084	1905.026	1922.530
2001	 3	10	24	3258.308	2935.815	3144.432
2001	 3	11	24	2530.721	2527.019	2529.414
2001	 3	12	24	1836.928	1555.281	1737.475
2001	 3	13	24	2098.340	1911.270	2032.284
2001	 3	14	24	2084.784	1878.052	2011.785
2001	 3	15	24	1088.207	1135.340	1104.850
2001	 3	16	24	1047.723	855.472	979.837
2001	 3	17	24	521.469	595.363	547.562
2001	 3	18	24	1599.952	1648.624	1617.139
2001	 3	19	24	2546.232	2422.176	2502.427
2001	 3	20	24	2689.614	2836.235	2741.387
2001	 3	21	24	1412.564	1413.989	1413.067
2001	 3	22	24	2102.959	1923.461	2039.577
2001	 3	23	24	1011.824	1043.789	1023.111
2001	 3	24	24	2231.287	1903.279	2115.464
2001	 3	25	24	996.952	907.248	965.277
2001	 3	26	24	557.140	758.165	628.124
2001	 3	27	24	885.566	850.231	873.089
2001	 3	28	24	3728.263	2824.374	3409.090
2001	 3	29	24	1972.262	1491.259	1802.415
2001	 3	30	24	1335.082	1451.424	1376.164
2001	 3	31	24	3309.029	3041.948	3214.720
2001	 4	 1	24	4533.126	4559.538	4542.453
2001	 4	 2	24	4993.356	4809.208	4928.331
2001	 4	 3	24	3896.764	3692.773	3824.732
2001	 4	 4	24	3961.798	3881.951	3933.604
2001	 4	 5	24	3906.600	3716.703	3839.545
2001	 4	 6	24	1999.465	1350.789	1770.410
2001	 4	 7	24	1647.943	1147.620	1471.274
2001	 4	 8	24	1192.531	993.951	1122.410
2001	 4	 9	24	4333.436	4052.953	4234.394
2001	 4	10	24	3423.430	3165.546	3332.368
2001	 4	11	24	2173.158	1834.956	2053.736
2001	 4	12	24	4292.471	4464.023	4353.048
2001	 4	13	24	1995.360	2202.784	2068.604
2001	 4	14	24	2814.806	3358.518	3006.797
2001	 4	15	24	1936.144	2056.808	1978.752
2001	 4	16	24	2475.446	2907.495	2628.007
2001	 4	17	24	1927.295	2410.210	2097.818
2001	 4	18	24	3015.831	2776.212	2931.219
2001	 4	19	24	4359.361	4130.331	4278.488
2001	 4	20	24	2616.373	2647.309	2627.297
2001	 4	21	24	585.752	850.780	679.336
2001	 4	22	24	1309.381	1971.573	1543.208
2001	 4	23	24	3340.375	3645.572	3448.143
2001	 4	24	24	5954.452	5667.457	5853.111
2001	 4	25	24	5552.158	5479.606	5526.539
2001	 4	26	24	4218.053	4333.733	4258.901
2001	 4	27	24	3614.059	3553.548	3592.692
2001	 4	28	24	3020.489	2606.019	2874.135
2001	 4	29	24	4282.067	3644.648	4056.987
2001	 4	30	24	6468.186	6243.116	6388.711
2001	 5	 1	24	6932.520	6680.729	6843.609
2001	 5	 2	24	6815.648	6543.241	6719.458
2001	 5	 3	24	6737.085	6460.889	6639.557
2001	 5	 4	24	1994.333	1832.460	1937.174
2001	 5	 5	24	732.313	823.538	764.525
2001	 5	 6	24	1062.714	1110.585	1079.618
2001	 5	 7	24	1613.951	1791.817	1676.758
2001	 5	 8	24	1756.533	1941.651	1821.900
2001	 5	 9	24	6928.421	6940.213	6932.585
2001	 5	10	24	7002.380	6915.614	6971.742
2001	 5	11	24	6777.628	6831.919	6796.799
2001	 5	12	24	7796.204	7492.809	7689.072
2001	 5	13	24	7422.417	7268.745	7368.154
2001	 5	14	24	7537.683	7208.364	7421.396
2001	 5	15	24	2020.063	2178.093	2075.865
2001	 5	16	24	5466.147	5504.891	5479.828
2001	 5	17	24	2939.627	2820.380	2897.519
2001	 5	18	24	2486.528	2419.760	2462.952
2001	 5	19	24	4207.420	3568.897	3981.950
2001	 5	20	24	7229.497	7106.744	7186.152
2001	 5	21	24	7200.179	6722.739	7031.589
2001	 5	22	24	5045.796	5539.811	5220.238
2001	 5	23	24	8379.101	8073.962	8271.354
2001	 5	24	24	8168.409	7729.156	8013.304
2001	 5	25	24	7629.056	7480.521	7576.607
2001	 5	26	24	7191.272	6583.448	6976.643
2001	 5	27	24	5280.110	4337.064	4947.110
2001	 5	28	24	1022.603	829.907	954.560
2001	 5	29	24	5264.062	4895.405	5133.885
2001	 5	30	24	6215.161	5749.538	6050.745
2001	 5	31	24	2826.185	2665.468	2769.434
2001	 6	 1	24	3324.387	2940.903	3188.975
2001	 6	 2	24	2825.110	2291.318	2636.622
2001	 6	 3	24	4315.841	3750.101	4116.072
2001	 6	 4	24	2125.297	1764.377	1997.852
2001	 6	 5	24	3621.247	3410.223	3546.732
2001	 6	 6	24	3820.699	3623.796	3751.171
2001	 6	 7	24	5283.337	4978.750	5175.784
2001	 6	 8	24	2259.091	2331.151	2284.536
2001	 6	 9	24	3522.024	3108.370	3375.958
2001	 6	10	24	1663.204	1296.361	1533.668
2001	 6	11	24	2917.572	2570.002	2794.841
2001	 6	12	24	3250.312	2940.968	3141.079
2001	 6	13	24	4442.266	4444.638	4443.104
2001	 6	14	24	5718.292	4821.315	5401.559
2001	 6	15	24	5774.575	5438.329	5655.843
2001	 6	16	24	3439.948	3334.990	3402.886
2001	 6	17	24	3438.512	3279.873	3382.495
2001	 6	18	24	2669.644	2563.817	2632.275
2001	 6	19	24	2435.549	2273.509	2378.331
2001	 6	20	24	7433.944	7213.486	7356.098
2001	 6	21	24	4189.531	4177.734	4185.366
2001	 6	22	24	2314.963	2414.048	2349.951
2001	 6	23	24	1438.244	1320.403	1396.633
2001	 6	24	24	6889.253	7025.287	6937.288
2001	 6	25	24	7027.526	7019.420	7024.664
2001	 6	26	24	8410.345	8096.838	8299.643
2001	 6	27	24	7842.574	7508.792	7724.711
2001	 6	28	24	3009.184	2833.268	2947.066
2001	 6	29	24	6515.211	6637.783	6558.492
2001	 6	30	24	4446.232	3942.508	4268.361
2001	 7	 1	24	4596.057	4723.535	4641.071
2001	 7	 2	24	3782.465	4077.170	3886.528
2001	 7	 3	24	6322.593	5580.424	6060.525
2001	 7	 4	24	4623.357	4387.066	4539.920
2001	 7	 5	24	8199.799	7897.125	8092.921
2001	 7	 6	24	7887.200	7626.490	7795.140
2001	 7	 7	24	6341.604	5980.714	6214.169
2001	 7	 8	24	2439.028	2251.681	2372.874
2001	 7	 9	24	1201.036	1106.401	1167.619
2001	 7	10	24	5693.817	5362.560	5576.847
2001	 7	11	24	3823.956	3749.208	3797.561
2001	 7	12	24	6394.830	5743.356	6164.788
2001	 7	13	24	3335.792	3204.155	3289.310
2001	 7	14	24	4688.545	4431.223	4597.682
2001	 7	15	24	3033.822	3237.520	3105.750
2001	 7	16	24	1167.635	1211.524	1183.132
2001	 7	17	24	2007.334	1982.900	1998.706
2001	 7	18	24	4754.458	4586.956	4695.311
2001	 7	19	24	5812.579	5594.061	5735.417
2001	 7	20	24	2873.529	2834.621	2859.790
2001	 7	21	24	3614.726	3673.359	3635.430
2001	 7	22	24	7696.251	7581.864	7655.860
2001	 7	23	24	7503.255	7344.476	7447.188
2001	 7	24	24	4610.448	3825.113	4333.138
2001	 7	25	24	5890.185	4717.076	5475.947
2001	 7	26	24	6735.134	6585.226	6682.200
2001	 7	27	24	6428.274	5788.795	6202.467
2001	 7	28	24	7775.624	7544.687	7694.077
2001	 7	29	24	4809.076	4913.109	4845.811
2001	 7	30	24	7214.154	6942.829	7118.346
2001	 7	31	24	5891.778	5702.438	5824.920
2001	 8	 1	24	4049.879	3640.049	3905.163
2001	 8	 2	24	6572.060	6202.318	6441.500
2001	 8	 3	24	3694.857	3547.277	3642.745
2001	 8	 4	24	2451.369	2195.044	2360.858
2001	 8	 5	24	5176.809	4576.056	4964.676
2001	 8	 6	24	4711.531	4172.616	4521.234
2001	 8	 7	24	3862.287	3601.989	3770.373
2001	 8	 8	24	4034.926	4021.490	4030.182
2001	 8	 9	24	4123.285	3821.606	4016.759
2001	 8	10	24	4227.611	4141.590	4197.236
2001	 8	11	24	4319.039	4300.821	4312.605
2001	 8	12	24	5981.686	5669.030	5871.284
2001	 8	13	24	1479.380	1301.789	1416.671
2001	 8	14	24	5908.283	5633.855	5811.380
2001	 8	15	24	6716.847	6359.229	6590.568
2001	 8	16	24	6208.332	5810.868	6067.982
2001	 8	17	24	2900.501	2990.414	2932.250
2001	 8	18	24	4566.738	4461.435	4529.555
2001	 8	19	24	2546.153	2485.440	2524.715
2001	 8	20	24	5441.067	5088.501	5316.572
2001	 8	21	24	581.462	564.589	575.504
2001	 8	22	24	2703.989	2708.112	2705.445
2001	 8	23	24	4927.246	4628.584	4821.785
2001	 8	24	24	4840.318	4361.535	4671.254
2001	 8	25	24	4307.108	4051.416	4216.820
2001	 8	26	24	3623.298	3452.129	3562.856
2001	 8	27	24	3407.802	3346.926	3386.306
2001	 8	28	24	4234.596	3639.892	4024.600
2001	 8	29	24	2555.426	2415.452	2506.000
2001	 8	30	24	5800.728	5132.586	5564.800
2001	 8	31	24	1036.342	1029.075	1033.776
2001	 9	 1	24	372.244	345.610	362.839
2001	 9	 2	24	3110.354	3067.539	3095.236
2001	 9	 3	24	2549.395	2573.366	2557.859
2001	 9	 4	24	1924.800	1542.311	1789.739
2001	 9	 5	24	1969.923	1883.512	1939.410
2001	 9	 6	24	2434.974	2532.325	2469.350
2001	 9	 7	24	1473.287	1272.659	1402.443
2001	 9	 8	24	1718.873	1593.144	1674.476
2001	 9	 9	24	1464.603	1200.251	1371.258
2001	 9	10	24	643.356	567.956	616.731
2001	 9	11	24	1937.358	2044.148	1975.067
2001	 9	12	24	1070.210	1044.416	1061.102
2001	 9	13	24	858.096	581.195	760.319
2001	 9	14	24	1637.416	1420.477	1560.813
2001	 9	15	24	1863.254	1468.026	1723.695
2001	 9	16	24	1373.752	1291.576	1344.734
2001	 9	17	24	1598.983	1296.625	1492.217
2001	 9	18	24	1286.632	1008.039	1188.258
2001	 9	19	24	4282.925	2980.118	3822.890
2001	 9	20	24	903.972	529.490	771.739
2001	 9	21	24	1837.156	1440.756	1697.183
2001	 9	22	24	2696.196	2446.224	2607.928
2001	 9	23	24	4320.586	4022.777	4215.426
2001	 9	24	24	524.527	400.402	480.697
2001	 9	25	24	467.370	402.196	444.356
2001	 9	26	24	600.547	590.706	597.072
2001	 9	27	24	1490.058	943.446	1297.043
2001	 9	28	24	458.966	277.988	395.061
2001	 9	29	24	3550.195	2814.530	3290.424
2001	 9	30	24	1139.256	1012.522	1094.505
2001	10	 1	24	1438.790	965.411	1271.635
2001	10	 2	24	2963.059	2681.327	2863.576
2001	10	 3	24	3509.280	3372.441	3460.961
2001	10	 4	24	1172.401	1016.899	1117.492
2001	10	 5	24	3333.449	3052.397	3234.207
2001	10	 6	24	3225.577	3080.939	3174.504
2001	10	 7	24	1783.109	1684.936	1748.443
2001	10	 8	24	3497.945	3135.910	3370.106
2001	10	 9	24	2821.383	2314.108	2642.259
2001	10	10	24	3194.436	2828.827	3065.335
2001	10	11	24	1733.397	1756.312	1741.489
2001	10	12	24	3317.884	3083.930	3235.272
2001	10	13	24	3014.551	2800.412	2938.936
2001	10	14	24	2744.382	2573.150	2683.918
2001	10	15	24	2554.461	2208.420	2432.270
2001	10	16	24	1589.591	1533.697	1569.854
2001	10	17	24	1603.456	1319.471	1503.178
2001	10	18	24	554.667	512.298	539.706
2001	10	19	24	2649.027	2189.757	2486.854
2001	10	20	24	2486.632	1437.757	2116.263
2001	10	21	24	1076.642	536.420	885.884
2001	10	22	24	302.117	214.103	271.038
2001	10	23	24	296.735	326.365	307.198
2001	10	24	24	871.079	731.846	821.915
2001	10	25	24	1377.299	1340.651	1364.358
2001	10	26	24	2114.795	1342.105	1841.949
2001	10	27	24	1359.473	856.997	1182.043
2001	10	28	24	691.127	485.258	618.433
2001	10	29	24	1041.179	959.864	1012.466
2001	10	30	24	926.507	757.015	866.658
2001	10	31	24	1642.383	1430.894	1567.704
2001	11	 1	24	573.833	476.947	539.621
2001	11	 2	24	836.033	754.984	807.414
2001	11	 3	24	527.799	408.921	485.822
2001	11	 4	24	1765.208	1562.411	1693.598
2001	11	 5	24	663.360	520.298	612.843
2001	11	 6	24	646.673	628.990	640.429
2001	11	 7	24	406.682	289.852	365.428
2001	11	 8	24	203.716	170.563	192.009
2001	11	 9	24	497.017	490.128	494.584
2001	11	10	24	2260.801	1569.369	2016.649
2001	11	11	24	1672.842	1418.856	1583.157
2001	11	12	24	434.098	365.189	409.765
2001	11	13	24	754.260	675.994	726.623
2001	11	14	24	1168.746	1136.429	1157.334
2001	11	15	24	2341.677	1753.917	2134.132
2001	11	16	24	344.192	308.514	331.593
2001	11	17	24	1395.284	1158.580	1311.701
2001	11	18	24	412.702	373.818	398.971
2001	11	19	24	273.141	304.191	284.105
2001	11	20	24	1175.317	892.915	1075.597
2001	11	21	24	374.572	243.230	328.194
2001	11	22	24	91.430	77.296	86.439
2001	11	23	24	417.892	451.630	429.805
2001	11	24	24	673.084	614.492	652.395
2001	11	25	24	594.354	569.945	585.735
2001	11	26	24	217.460	204.679	212.947
2001	11	27	24	478.446	403.973	452.149
2001	11	28	24	183.466	178.553	181.731
2001	11	29	24	219.902	227.453	222.568
2001	11	30	24	411.391	339.705	386.078
2001	12	 1	24	1462.755	477.347	1114.797
2001	12	 2	24	1277.694	1029.509	1190.057
2001	12	 3	24	1309.670	1185.940	1265.979
2001	12	 4	24	702.609	484.335	625.534
2001	12	 5	24	174.849	199.595	183.587
2001	12	 6	24	128.771	179.572	146.710
2001	12	 7	24	327.948	433.411	365.188
2001	12	 8	24	252.735	361.866	291.270
2001	12	 9	24	1161.100	928.146	1078.842
2001	12	10	24	592.867	605.961	597.491
2001	12	11	24	312.299	372.478	333.549
2001	12	12	24	145.464	182.136	158.413
2001	12	13	24	530.580	414.501	489.591
2001	12	14	24	699.101	388.630	589.470
2001	12	15	24	172.971	139.388	161.112
2001	12	16	24	85.791	85.615	85.729
2001	12	17	24	102.630	88.951	97.800
2001	12	18	24	257.048	412.619	311.982
2001	12	19	24	123.418	164.969	138.090
2001	12	20	24	231.152	260.558	241.535
2001	12	21	24	139.740	260.893	182.520
2001	12	22	24	651.313	513.200	602.544
2001	12	23	24	291.455	268.258	283.264
2001	12	24	24	475.527	589.049	515.613
2001	12	25	24	219.476	309.963	251.428
2001	12	26	24	512.544	589.534	539.730
2001	12	27	24	568.405	641.228	594.120
2001	12	28	24	288.794	330.960	303.683
2001	12	29	24	339.322	397.609	359.904
2001	12	30	24	466.786	711.999	553.373
2001	12	31	24	505.801	626.470	548.410
2002	 1	 1	24	332.564	440.426	370.651
2002	 1	 2	24	440.060	438.265	439.426
2002	 1	 3	24	1122.676	1115.151	1120.019
2002	 1	 4	24	1411.440	1322.792	1380.137
2002	 1	 5	24	1325.296	1288.592	1312.336
2002	 1	 6	24	809.107	838.355	819.435
2002	 1	 7	24	439.455	554.212	479.977
2002	 1	 8	24	674.365	848.985	736.025
2002	 1	 9	24	1403.580	1351.475	1385.181
2002	 1	10	24	1402.134	1360.946	1387.590
2002	 1	11	24	1288.033	1258.888	1277.741
2002	 1	12	24	522.430	526.468	523.856
2002	 1	13	24	1048.659	800.186	960.920
2002	 1	14	24	1860.661	1526.151	1742.542
2002	 1	15	24	546.610	525.481	539.149
2002	 1	16	24	747.836	727.786	740.756
2002	 1	17	24	646.387	631.611	641.169
2002	 1	18	24	720.630	692.808	710.806
2002	 1	19	24	340.691	330.206	336.989
2002	 1	20	24	574.857	559.482	569.428
2002	 1	21	24	340.609	339.596	340.251
2002	 1	22	24	1405.255	1401.503	1403.930
2002	 1	23	24	1212.239	1011.771	1141.452
2002	 1	24	24	991.966	874.524	950.496
2002	 1	25	24	1096.077	987.360	1057.688
2002	 1	26	24	958.960	998.852	973.046
2002	 1	27	24	466.427	515.869	483.885
2002	 1	28	24	1001.085	1034.681	1012.948
2002	 1	29	24	1944.054	1879.265	1921.176
2002	 1	30	24	1582.276	1522.765	1561.262
2002	 1	31	24	1176.399	1178.630	1177.187
2002	 2	 1	24	1311.732	1241.499	1286.932
2002	 2	 2	24	1742.424	1681.140	1720.784
2002	 2	 3	24	1972.947	1868.275	1935.986
2002	 2	 4	24	1821.687	1769.020	1803.089
2002	 2	 5	24	1331.120	1362.991	1342.374
2002	 2	 6	24	757.830	637.751	715.428
2002	 2	 7	24	1080.360	1029.343	1062.345
2002	 2	 8	24	498.128	545.457	514.840
2002	 2	 9	24	796.781	675.309	753.888
2002	 2	10	24	886.173	815.557	861.238
2002	 2	11	24	511.368	397.903	471.302
2002	 2	12	24	778.641	723.144	759.045
2002	 2	13	24	547.807	466.595	519.131
2002	 2	14	24	1635.240	1374.723	1543.249
2002	 2	15	24	2806.551	2687.417	2764.483
2002	 2	16	24	2873.448	2730.266	2822.889
2002	 2	17	24	2627.275	2532.768	2593.904
2002	 2	18	24	1495.231	1319.562	1433.201
2002	 2	19	24	1139.498	973.088	1080.737
2002	 2	20	24	993.302	1070.830	1020.678
2002	 2	21	24	341.733	505.451	399.544
2002	 2	22	24	644.775	692.963	661.790
2002	 2	23	24	1345.969	1444.208	1380.658
2002	 2	24	24	1394.734	1385.546	1391.490
2002	 2	25	24	847.515	1165.777	959.897
2002	 2	26	24	1061.532	944.048	1020.047
2002	 2	27	24	2430.033	2325.251	2393.033
2002	 2	28	24	2599.680	2700.954	2635.441
2002	 3	 1	24	2534.715	2390.283	2483.714
2002	 3	 2	24	1181.306	1417.221	1264.610
2002	 3	 3	24	957.856	1101.574	1008.604
2002	 3	 4	24	1284.740	1448.337	1342.507
2002	 3	 5	24	3624.368	3538.866	3594.176
2002	 3	 6	24	3108.077	3026.024	3079.103
2002	 3	 7	24	1024.422	1115.247	1056.494
2002	 3	 8	24	3395.329	3214.044	3331.315
2002	 3	 9	24	2536.445	2445.843	2504.452
2002	 3	10	24	2791.269	2831.799	2805.580
2002	 3	11	24	4237.003	4082.323	4182.384
2002	 3	12	24	2925.877	2988.759	2948.081
2002	 3	13	24	3124.996	3082.547	3110.007
2002	 3	14	24	888.710	1012.650	932.475
2002	 3	15	24	844.133	977.659	891.283
2002	 3	16	24	1811.977	1858.991	1828.578
2002	 3	17	24	3477.112	2216.339	3031.919
2002	 3	18	24	3752.612	3119.469	3529.042
2002	 3	19	24	1641.574	1451.824	1574.571
2002	 3	20	24	793.348	639.306	738.954
2002	 3	21	24	1090.769	979.008	1051.305
2002	 3	22	24	1642.062	1871.553	1723.098
2002	 3	23	24	926.512	1320.272	1065.553
2002	 3	24	24	961.464	1394.063	1114.219
2002	 3	25	24	966.810	1264.619	1071.969
2002	 3	26	24	1282.894	1576.886	1386.706
2002	 3	27	24	2543.565	2846.210	2650.432
2002	 3	28	24	5621.304	5161.749	5459.030
2002	 3	29	24	5166.008	5023.013	5115.515
2002	 3	30	24	5412.822	5268.216	5361.760
2002	 3	31	24	3863.255	3866.364	3864.353
2002	 4	 1	24	3901.286	3661.969	3816.781
2002	 4	 2	24	5013.292	4779.852	4930.862
2002	 4	 3	24	5551.927	5384.205	5492.703
2002	 4	 4	24	5881.570	5649.127	5799.492
2002	 4	 5	24	3768.492	3835.814	3792.264
2002	 4	 6	24	2814.710	2922.737	2852.855
2002	 4	 7	24	5353.455	5239.729	5313.297
2002	 4	 8	24	5483.036	5442.307	5468.654
2002	 4	 9	24	3514.402	3072.974	3358.529
2002	 4	10	24	3361.009	3300.842	3339.763
2002	 4	11	24	1037.257	831.238	964.510
2002	 4	12	24	770.316	734.367	757.622
2002	 4	13	24	880.281	987.001	917.965
2002	 4	14	24	548.462	472.201	521.533
2002	 4	15	24	936.583	1125.724	1003.371
2002	 4	16	24	3325.714	3266.152	3304.682
2002	 4	17	24	3670.195	3428.043	3584.689
2002	 4	18	24	2755.850	2843.910	2786.945
2002	 4	19	24	4370.785	4473.761	4407.147
2002	 4	20	24	2507.292	2607.202	2542.572
2002	 4	21	24	4304.744	4786.256	4474.771
2002	 4	22	24	2339.438	2214.980	2295.491
2002	 4	23	24	3733.824	3613.497	3691.335
2002	 4	24	24	2132.135	2263.770	2178.616
2002	 4	25	24	2347.050	2108.388	2262.776
2002	 4	26	24	3529.558	3183.027	3407.194
2002	 4	27	24	3832.229	3669.229	3774.672
2002	 4	28	24	3819.668	3357.428	3656.446
2002	 4	29	24	3450.407	3319.991	3404.356
2002	 4	30	24	4876.067	4414.924	4713.232
2002	 5	 1	24	5574.499	5414.733	5518.084
2002	 5	 2	24	5403.430	5657.965	5493.309
2002	 5	 3	24	3226.620	4222.422	3578.249
2002	 5	 4	24	2601.345	3429.039	2893.613
2002	 5	 5	24	1265.154	1331.668	1288.641
2002	 5	 6	24	2673.169	2664.900	2670.249
2002	 5	 7	24	4906.674	4928.344	4914.326
2002	 5	 8	24	6332.658	6279.780	6313.986
2002	 5	 9	24	6921.358	6452.998	6755.975
2002	 5	10	24	4404.389	4389.424	4399.104
2002	 5	11	24	2627.837	2203.127	2477.868
2002	 5	12	24	2153.019	2173.938	2160.406
2002	 5	13	24	2986.052	3152.118	3044.692
2002	 5	14	24	6080.879	5814.976	5986.986
2002	 5	15	24	4877.044	5115.041	4961.083
2002	 5	16	24	7619.206	7550.391	7594.907
2002	 5	17	24	7108.117	6895.710	7033.114
2002	 5	18	24	6815.080	6419.528	6675.406
2002	 5	19	24	951.280	901.629	933.748
2002	 5	20	24	4458.251	4261.488	4388.772
2002	 5	21	24	6917.503	6605.219	6807.232
2002	 5	22	24	6917.783	6307.262	6702.202
2002	 5	23	24	5458.730	5310.164	5406.270
2002	 5	24	24	2094.792	1852.818	2009.349
2002	 5	25	24	2608.828	3024.473	2755.597
2002	 5	26	24	925.756	913.363	921.380
2002	 5	27	24	4084.625	3870.080	4008.867
2002	 5	28	24	1075.270	993.396	1046.359
2002	 5	29	24	6880.911	6600.710	6781.969
2002	 5	30	24	6918.792	6472.801	6761.308
2002	 5	31	24	4850.471	4079.402	4578.198
2002	 6	 1	24	6247.821	6496.734	6335.715
2002	 6	 2	24	7497.612	7374.542	7454.155
2002	 6	 3	24	6920.535	6757.363	6862.917
2002	 6	 4	24	7341.224	7097.417	7255.133
2002	 6	 5	24	6008.149	5782.406	5928.437
2002	 6	 6	24	729.660	656.810	703.936
2002	 6	 7	24	1139.926	1103.705	1127.136
2002	 6	 8	24	1037.372	1046.575	1040.622
2002	 6	 9	24	2561.385	2338.438	2482.660
2002	 6	10	24	3635.825	3568.200	3611.946
2002	 6	11	24	5108.853	4867.609	5023.667
2002	 6	12	24	5138.460	5052.562	5108.129
2002	 6	13	24	3867.052	3743.519	3823.431
2002	 6	14	24	3051.893	2957.681	3018.626
2002	 6	15	24	3349.956	3232.905	3308.624
2002	 6	16	24	4943.643	4849.403	4910.366
2002	 6	17	24	7479.366	7132.195	7356.776
2002	 6	18	24	8305.940	7969.282	8187.063
2002	 6	19	24	5460.862	6152.105	5704.947
2002	 6	20	24	7660.244	7360.095	7554.258
2002	 6	21	24	3956.331	3835.651	3913.718
2002	 6	22	24	6606.723	6183.293	6457.206
2002	 6	23	24	5814.383	6312.087	5990.128
2002	 6	24	24	3718.435	3702.059	3712.653
2002	 6	25	24	6838.758	6806.585	6827.397
2002	 6	26	24	6709.947	6531.219	6646.836
2002	 6	27	24	6744.479	6537.324	6671.330
2002	 6	28	24	5635.682	5509.989	5591.298
2002	 6	29	24	5417.783	5230.696	5351.720
2002	 6	30	24	5298.348	4833.296	5134.133
2002	 7	 1	24	4694.647	4421.368	4598.149
2002	 7	 2	24	1308.571	1000.351	1199.735
2002	 7	 3	24	6890.523	6385.011	6712.021
2002	 7	 4	24	3288.546	3200.438	3257.434
2002	 7	 5	24	7431.125	7320.599	7392.097
2002	 7	 6	24	6192.248	5943.658	6104.468
2002	 7	 7	24	5318.737	4874.501	5161.873
2002	 7	 8	24	7742.988	7631.547	7703.637
2002	 7	 9	24	8251.992	7992.633	8160.410
2002	 7	10	24	6783.338	6591.160	6715.478
2002	 7	11	24	4295.129	3919.430	4162.466
2002	 7	12	24	7060.585	7059.438	7060.180
2002	 7	13	24	4945.619	4625.107	4832.443
2002	 7	14	24	3722.409	3849.937	3767.441
2002	 7	15	24	1246.709	1493.175	1333.739
2002	 7	16	24	1741.090	1825.087	1770.750
2002	 7	17	24	1306.666	1244.543	1284.730
2002	 7	18	24	1810.192	1736.812	1784.281
2002	 7	19	24	4549.840	4021.523	4363.286
2002	 7	20	24	3446.600	3551.709	3483.715
2002	 7	21	24	6168.998	5940.494	6088.311
2002	 7	22	24	4016.727	3945.111	3991.439
2002	 7	23	24	3456.072	3308.433	3403.939
2002	 7	24	24	3894.997	4021.426	3939.640
2002	 7	25	24	3692.852	4196.501	3870.696
2002	 7	26	24	1924.639	1790.264	1877.189
2002	 7	27	24	2311.116	1996.986	2200.194
2002	 7	28	24	7712.247	7489.589	7633.624
2002	 7	29	24	6959.239	6528.812	6807.251
2002	 7	30	24	6880.823	6517.646	6752.582
2002	 7	31	24	4676.750	4759.157	4705.849
2002	 8	 1	24	3530.303	3840.810	3639.946
2002	 8	 2	24	3990.233	3618.238	3858.877
2002	 8	 3	24	5265.964	4946.780	5153.257
2002	 8	 4	24	3423.769	3381.507	3408.846
2002	 8	 5	24	3352.151	3347.173	3350.393
2002	 8	 6	24	3556.691	3489.358	3532.915
2002	 8	 7	24	3059.800	3115.035	3079.304
2002	 8	 8	24	3202.307	2957.224	3115.766
2002	 8	 9	24	4837.902	4876.588	4851.562
2002	 8	10	24	5691.528	4916.796	5417.962
2002	 8	11	24	2941.182	2636.914	2833.741
2002	 8	12	24	354.479	378.847	363.084
2002	 8	13	24	370.395	331.506	356.663
2002	 8	14	24	945.386	1074.812	991.088
2002	 8	15	24	3862.150	3684.958	3799.582
2002	 8	16	24	4126.773	3866.362	4034.819
2002	 8	17	24	4035.235	3729.049	3927.117
2002	 8	18	24	5450.880	5649.186	5520.904
2002	 8	19	24	5993.549	6099.018	6030.791
2002	 8	20	24	6406.507	6156.967	6318.392
2002	 8	21	24	5530.750	5148.885	5395.909
2002	 8	22	24	5696.500	5715.344	5703.154
2002	 8	23	24	5797.463	5578.392	5720.107
2002	 8	24	24	5425.995	5248.215	5363.219
2002	 8	25	24	4480.490	4502.638	4488.311
2002	 8	26	24	5278.591	5004.094	5181.663
2002	 8	27	24	5642.018	5454.775	5575.900
2002	 8	28	24	4248.849	3292.316	3911.087
2002	 8	29	24	4324.461	4559.782	4407.555
2002	 8	30	24	3181.503	3130.505	3163.495
2002	 8	31	24	2771.906	2779.111	2774.450
2002	 9	 1	24	2198.690	2126.482	2173.193
2002	 9	 2	24	5359.200	5305.309	5340.170
2002	 9	 3	24	4093.271	3690.698	3951.118
2002	 9	 4	24	5401.510	5169.617	5319.626
2002	 9	 5	24	1784.748	1692.493	1752.172
2002	 9	 6	24	3968.367	3984.061	3973.908
2002	 9	 7	24	3862.715	4795.099	4191.950
2002	 9	 8	24	5234.125	5062.054	5173.365
2002	 9	 9	24	4788.852	4493.979	4684.729
2002	 9	10	24	4380.750	4188.857	4312.990
2002	 9	11	24	2442.939	2539.634	2477.083
2002	 9	12	24	5329.735	5126.075	5257.820
2002	 9	13	24	5073.251	4919.928	5019.111
2002	 9	14	24	2761.208	2742.174	2754.487
2002	 9	15	24	1536.308	1519.272	1530.293
2002	 9	16	24	2238.238	2214.065	2229.702
2002	 9	17	24	1302.121	1156.337	1250.643
2002	 9	18	24	2033.046	2036.362	2034.217
2002	 9	19	24	2895.646	2485.564	2750.842
2002	 9	20	24	1913.695	1829.011	1883.792
2002	 9	21	24	1599.692	1625.969	1608.971
2002	 9	22	24	1947.256	1818.309	1901.723
2002	 9	23	24	828.792	947.415	870.679
2002	 9	24	24	2384.962	2411.741	2394.418
2002	 9	25	24	1275.377	1213.979	1253.697
2002	 9	26	24	595.693	647.129	613.856
2002	 9	27	24	1773.361	1955.877	1837.810
2002	 9	28	24	2555.390	2358.721	2485.944
2002	 9	29	24	1837.827	1753.849	1808.173
2002	 9	30	24	2018.665	2039.500	2026.022
2002	10	 1	24	3213.400	2931.355	3113.807
2002	10	 2	24	3320.569	3298.748	3312.864
2002	10	 3	24	2407.543	2288.697	2365.577
2002	10	 4	24	1720.499	1502.298	1643.450
2002	10	 5	24	1794.831	1727.751	1771.144
2002	10	 6	24	1053.309	998.593	1033.988
2002	10	 7	24	1197.029	1223.766	1206.470
2002	10	 8	24	1075.932	838.955	992.253
2002	10	 9	24	915.768	866.742	898.456
2002	10	10	24	766.019	786.746	773.338
2002	10	11	24	1267.980	1139.862	1222.740
2002	10	12	24	802.326	978.092	864.391
2002	10	13	24	561.450	496.055	538.358
2002	10	14	24	1322.633	927.014	1182.936
2002	10	15	24	1792.524	1668.163	1748.611
2002	10	16	24	680.803	638.338	665.808
2002	10	17	24	688.165	629.224	667.352
2002	10	18	24	960.539	879.004	931.748
2002	10	19	24	1011.353	889.406	968.292
2002	10	20	24	2425.796	2004.014	2276.860
2002	10	21	24	838.977	730.920	800.821
2002	10	22	24	701.025	593.488	663.053
2002	10	23	24	1161.162	986.645	1099.538
2002	10	24	24	1659.078	1324.871	1541.066
2002	10	25	24	1395.508	799.956	1185.212
2002	10	26	24	1459.465	1531.600	1484.937
2002	10	27	24	340.000	253.381	309.414
2002	10	28	24	1170.119	1152.682	1163.962
2002	10	29	24	1386.432	1164.569	1308.090
2002	10	30	24	262.782	286.700	271.228
2002	10	31	24	1874.778	1602.766	1778.728
2002	11	 1	24	1657.708	1574.049	1628.167
2002	11	 2	24	314.101	293.429	306.802
2002	11	 3	24	866.243	625.392	781.196
2002	11	 4	24	363.296	406.721	378.630
2002	11	 5	24	1020.203	850.776	960.376
2002	11	 6	24	2048.712	909.942	1646.600
2002	11	 7	24	1194.606	413.302	918.719
2002	11	 8	24	322.910	313.348	319.534
2002	11	 9	24	650.779	626.220	642.107
2002	11	10	24	937.137	990.173	955.865
2002	11	11	24	400.854	405.502	402.496
2002	11	12	24	1704.492	1506.947	1634.737
2002	11	13	24	1064.705	983.871	1036.162
2002	11	14	24	1114.342	745.104	983.960
2002	11	15	24	821.292	699.436	778.263
2002	11	16	24	875.260	780.944	841.956
2002	11	17	24	826.176	778.189	809.231
2002	11	18	24	863.855	804.540	842.910
2002	11	19	24	68.211	66.174	67.491
2002	11	20	24	1381.073	1133.874	1293.784
2002	11	21	24	1243.533	678.103	1043.873
2002	11	22	24	316.048	306.182	312.564
2002	11	23	24	251.160	203.002	234.155
2002	11	24	24	1441.238	1183.296	1350.156
2002	11	25	24	588.370	418.971	528.554
2002	11	26	24	569.904	569.103	569.621
2002	11	27	24	198.232	183.477	193.022
2002	11	28	24	481.717	275.172	408.784
2002	11	29	24	583.593	488.304	549.945
2002	11	30	24	223.728	192.971	212.868
2002	12	 1	24	476.812	430.272	460.378
2002	12	 2	24	461.907	238.475	383.011
2002	12	 3	24	240.729	233.864	238.305
2002	12	 4	24	391.392	354.415	378.335
2002	12	 5	24	376.592	438.219	398.353
2002	12	 6	24	117.089	137.072	124.145
2002	12	 7	24	261.389	354.030	294.102
2002	12	 8	24	1423.232	1218.896	1351.079
2002	12	 9	24	1357.735	1164.555	1289.521
2002	12	10	24	1367.523	1241.759	1323.114
2002	12	11	24	1327.035	1254.838	1301.542
2002	12	12	24	826.690	374.204	666.912
2002	12	13	24	1252.519	870.346	1117.569
2002	12	14	24	298.134	328.316	308.791
2002	12	15	24	185.120	186.718	185.684
2002	12	16	24	152.971	122.720	142.289
2002	12	17	24	155.308	172.205	161.275
2002	12	18	24	257.553	252.354	255.717
2002	12	19	24	570.652	451.504	528.579
2002	12	20	24	900.865	446.575	740.450
2002	12	21	24	170.597	200.662	181.214
2002	12	22	24	271.850	177.154	238.412
2002	12	23	24	221.861	241.375	228.752
2002	12	24	24	295.577	206.303	264.053
2002	12	25	24	675.863	305.876	545.216
2002	12	26	24	668.866	248.872	520.562
2002	12	27	24	305.839	202.552	269.367
2002	12	28	24	405.105	207.782	335.428
2002	12	29	24	527.608	490.622	514.548
2002	12	30	24	292.596	388.583	326.490
2002	12	31	24	207.564	238.177	218.374
2003	 1	 1	24	617.364	435.384	553.105
2003	 1	 2	24	388.236	315.332	362.493
2003	 1	 3	24	120.131	125.039	121.864
2003	 1	 4	24	294.855	350.912	314.649
2003	 1	 5	24	548.127	463.153	518.121
2003	 1	 6	24	305.305	325.545	312.452
2003	 1	 7	24	584.780	558.990	575.673
2003	 1	 8	24	1064.965	857.867	991.836
2003	 1	 9	24	1470.487	1042.103	1319.220
2003	 1	10	24	298.116	359.288	319.716
2003	 1	11	24	326.354	352.538	335.600
2003	 1	12	24	165.533	168.446	166.562
2003	 1	13	24	224.900	223.238	224.313
2003	 1	14	24	200.881	249.560	218.070
2003	 1	15	24	479.295	480.674	479.782
2003	 1	16	24	435.675	427.453	432.771
2003	 1	17	24	1243.855	1235.344	1240.850
2003	 1	18	24	1096.794	855.071	1011.439
2003	 1	19	24	1207.587	553.237	976.529
2003	 1	20	24	1325.240	864.981	1162.717
2003	 1	21	24	1012.283	447.444	812.832
2003	 1	22	24	869.168	494.348	736.815
2003	 1	23	24	456.617	446.537	453.057
2003	 1	24	24	227.988	284.676	248.006
2003	 1	25	24	809.738	292.961	627.258
2003	 1	26	24	305.804	165.702	256.333
2003	 1	27	24	348.251	341.037	345.704
2003	 1	28	24	530.428	539.242	533.540
2003	 1	29	24	340.438	391.458	358.454
2003	 1	30	24	726.404	603.695	683.074
2003	 1	31	24	512.949	515.514	513.855
2003	 2	 1	24	932.176	636.918	827.917
2003	 2	 2	24	753.804	413.957	633.800
2003	 2	 3	24	919.685	433.430	747.983
2003	 2	 4	24	1493.182	981.927	1312.653
2003	 2	 5	24	1882.077	1483.480	1741.328
2003	 2	 6	24	416.464	548.766	463.181
2003	 2	 7	24	1193.995	860.225	1076.137
2003	 2	 8	24	515.804	892.090	648.675
2003	 2	 9	24	953.017	958.035	954.789
2003	 2	10	24	1524.080	1219.162	1416.410
2003	 2	11	24	2147.837	1386.684	1879.066
2003	 2	12	24	2814.710	2177.494	2589.702
2003	 2	13	24	2719.781	2435.014	2619.227
2003	 2	14	24	2640.902	2580.110	2619.436
2003	 2	15	24	479.139	704.787	558.818
2003	 2	16	24	668.116	1055.067	804.753
2003	 2	17	24	2138.663	1310.264	1846.146
2003	 2	18	24	1323.067	1431.058	1361.200
2003	 2	19	24	1338.398	2198.289	1642.035
2003	 2	20	24	2729.200	2738.430	2732.459
2003	 2	21	24	3196.151	2916.624	3097.447
2003	 2	22	24	3095.551	2351.653	2832.873
2003	 2	23	24	3303.698	3095.215	3230.080
2003	 2	24	24	3388.162	3109.097	3289.621
2003	 2	25	24	3469.939	3162.832	3361.497
2003	 2	26	24	3456.993	3218.895	3372.917
2003	 2	27	24	3287.038	3038.226	3199.180
2003	 2	28	24	2348.187	1778.726	2147.104
2003	 3	 1	24	1661.963	1654.687	1659.393
2003	 3	 2	24	1015.338	1110.051	1048.782
2003	 3	 3	24	995.965	1126.587	1042.089
2003	 3	 4	24	1195.141	1385.135	1262.230
2003	 3	 5	24	2549.801	1895.103	2318.620
2003	 3	 6	24	3120.308	2520.766	2908.603
2003	 3	 7	24	726.138	970.327	812.364
2003	 3	 8	24	2992.904	2550.806	2836.794
2003	 3	 9	24	664.398	481.796	599.919
2003	 3	10	24	4090.719	3806.741	3990.443
2003	 3	11	24	1792.806	1625.823	1733.842
2003	 3	12	24	1304.413	1170.117	1256.992
2003	 3	13	24	2185.419	2361.619	2247.637
2003	 3	14	24	781.505	1104.130	895.427
2003	 3	15	24	2256.250	2412.487	2311.419
2003	 3	16	24	4267.159	3910.035	4141.054
2003	 3	17	24	2562.452	2344.086	2485.344
2003	 3	18	24	3636.962	3397.672	3552.466
2003	 3	19	24	4584.587	4281.188	4477.453
2003	 3	20	24	666.692	818.803	720.404
2003	 3	21	24	4509.351	4210.476	4403.815
2003	 3	22	24	4895.632	4676.007	4818.081
2003	 3	23	24	4968.073	4764.140	4896.062
2003	 3	24	24	5104.772	4877.155	5024.398
2003	 3	25	24	4065.916	3997.958	4041.920
2003	 3	26	24	4072.406	4284.019	4147.129
2003	 3	27	24	4474.380	4345.522	4428.879
2003	 3	28	24	4858.666	4693.543	4800.359
2003	 3	29	24	4955.035	4691.223	4861.879
2003	 3	30	24	2795.361	2711.573	2765.774
2003	 3	31	24	3413.875	3159.363	3324.004
2003	 4	 1	24	5208.851	4942.111	5114.663
2003	 4	 2	24	1899.013	1756.319	1848.626
2003	 4	 3	24	1894.269	1696.427	1824.409
2003	 4	 4	24	5455.166	5118.149	5336.162
2003	 4	 5	24	1788.909	1761.837	1779.350
2003	 4	 6	24	2909.466	2974.057	2932.274
2003	 4	 7	24	1835.565	2506.934	2072.633
2003	 4	 8	24	3119.974	3351.248	3201.639
2003	 4	 9	24	3998.104	4008.558	4001.795
2003	 4	10	24	4173.620	4210.702	4186.714
2003	 4	11	24	2115.679	2057.417	2095.106
2003	 4	12	24	6061.655	5736.278	5946.761
2003	 4	13	24	5717.892	5569.109	5665.355
2003	 4	14	24	6276.551	6059.927	6200.059
2003	 4	15	24	6091.247	5898.258	6023.100
2003	 4	16	24	6190.463	5952.241	6106.345
2003	 4	17	24	6353.888	6167.342	6288.016
2003	 4	18	24	1797.696	2297.730	1974.263
2003	 4	19	24	969.724	1034.278	992.519
2003	 4	20	24	6434.897	6170.467	6341.524
2003	 4	21	24	6324.276	6121.614	6252.714
2003	 4	22	24	6382.480	6382.480	6382.480
2003	 4	23	24	5853.660	5853.660	5853.660
2003	 4	24	24	5717.950	5717.950	5717.950
2003	 4	25	24	4383.040	4383.040	4383.040
2003	 4	26	24	5246.373	5242.747	5245.092
2003	 4	27	24	3516.544	3520.927	3518.092
2003	 4	28	24	3470.099	2978.501	3296.510
2003	 4	29	24	3075.305	3075.125	3075.241
2003	 4	30	24	3690.284	3688.537	3689.667
2003	 5	 1	24	5686.488	5686.819	5686.605
2003	 5	 2	24	6039.942	5713.780	5924.771
2003	 5	 3	24	3192.715	3115.976	3165.618
2003	 5	 4	24	7554.889	7554.179	7554.638
2003	 5	 5	24	7537.776	7536.970	7537.492
2003	 5	 6	24	6522.852	6522.230	6522.632
2003	 5	 7	24	6786.022	6598.276	6719.727
2003	 5	 8	24	6463.585	6462.119	6463.067
2003	 5	 9	24	2712.572	2713.886	2713.036
2003	 5	10	24	1880.689	1882.735	1881.411
2003	 5	11	24	2966.298	2971.734	2968.218
2003	 5	12	24	4634.704	4632.666	4633.984
2003	 5	13	24	2640.867	2640.619	2640.779
2003	 5	14	24	5816.720	5813.762	5815.675
2003	 5	15	24	3481.063	3482.807	3481.679
2003	 5	16	24	5429.584	5935.686	5608.294
2003	 5	17	24	6317.266	6314.387	6316.250
2003	 5	18	24	5036.276	5036.509	5036.358
2003	 5	19	24	3360.804	3360.946	3360.854
2003	 5	20	24	4032.699	4033.404	4032.948
2003	 5	21	24	5531.077	5530.912	5531.019
2003	 5	22	24	4203.476	4207.986	4205.068
2003	 5	23	24	4207.118	4207.974	4207.420
2003	 5	24	24	7903.951	7904.124	7904.012
2003	 5	25	24	5971.487	5974.646	5972.603
2003	 5	26	24	1606.686	1610.230	1607.937
2003	 5	27	24	3006.540	3386.131	3140.578
2003	 5	28	24	5777.467	5240.545	5587.875
2003	 5	29	24	7934.423	7934.057	7934.293
2003	 5	30	24	8613.868	8613.169	8613.622
2003	 5	31	24	3834.754	3836.227	3835.274
2003	 6	 1	24	6815.576	6775.593	6801.458
2003	 6	 2	24	8000.184	7838.275	7943.012
2003	 6	 3	24	7841.217	7836.438	7839.530
2003	 6	 4	24	8293.268	8292.156	8292.875
2003	 6	 5	24	4867.458	4867.877	4867.606
2003	 6	 6	24	2342.306	2341.449	2342.003
2003	 6	 7	24	7539.735	6990.160	7345.674
2003	 6	 8	24	8265.614	8264.850	8265.344
2003	 6	 9	24	7648.931	7647.972	7648.593
2003	 6	10	24	8159.026	8157.861	8158.614
2003	 6	11	24	3855.961	3857.447	3856.486
2003	 6	12	24	7395.521	7553.634	7451.353
2003	 6	13	24	4099.150	4102.631	4100.379
2003	 6	14	24	6468.826	6470.531	6469.428
2003	 6	15	24	8115.320	7708.379	7971.625
2003	 6	16	24	7193.268	7579.198	7329.544
2003	 6	17	24	7593.690	7555.777	7580.303
2003	 6	18	24	3720.921	3719.930	3720.571
2003	 6	19	24	2509.081	2510.033	2509.417
2003	 6	20	24	5636.459	5637.795	5636.931
2003	 6	21	24	6395.087	6305.157	6363.332
2003	 6	22	24	7586.586	7585.353	7586.151
2003	 6	23	24	6658.920	6658.153	6658.649
2003	 6	24	24	7761.382	7759.386	7760.677
2003	 6	25	24	6578.690	6578.350	6578.570
2003	 6	26	24	5166.602	5167.583	5166.948
2003	 6	27	24	6304.069	6306.819	6305.040
2003	 6	28	24	6185.348	6188.970	6186.627
2003	 6	29	24	5264.938	5266.460	5265.476
2003	 6	30	24	6857.676	6854.853	6856.679
2003	 7	 1	24	808.364	808.349	808.359
2003	 7	 2	24	5519.635	5020.989	5343.558
2003	 7	 3	24	3434.982	3052.017	3299.753
2003	 7	 4	24	4456.735	3713.808	4194.400
2003	 7	 5	24	1146.321	1148.035	1146.926
2003	 7	 6	24	2475.178	2475.739	2475.376
2003	 7	 7	24	3850.648	3852.489	3851.298
2003	 7	 8	24	5033.968	5033.859	5033.930
2003	 7	 9	24	3726.161	3727.756	3726.724
2003	 7	10	24	4477.485	4478.391	4477.805
2003	 7	11	24	6695.217	6215.377	6525.781
2003	 7	12	24	4787.025	4789.841	4788.020
2003	 7	13	24	4298.638	4299.791	4299.045
2003	 7	14	24	8074.449	8072.960	8073.923
2003	 7	15	24	7239.628	7239.841	7239.704
2003	 7	16	24	8204.972	8200.559	8203.414
2003	 7	17	24	3216.437	3217.704	3216.884
2003	 7	18	24	5795.386	5794.779	5795.172
2003	 7	19	24	7309.132	7588.143	7407.654
2003	 7	20	24	8201.986	8200.813	8201.572
2003	 7	21	24	6666.298	6665.899	6666.157
2003	 7	22	24	4739.464	4742.585	4740.566
2003	 7	23	24	4019.662	4020.508	4019.961
2003	 7	24	24	6746.131	6743.848	6745.325
2003	 7	25	24	4561.596	4561.948	4561.720
2003	 7	26	24	3989.408	3594.435	3849.939
2003	 7	27	24	6643.177	6642.102	6642.797
2003	 7	28	24	2752.754	2753.895	2753.157
2003	 7	29	24	4484.540	4483.267	4484.090
2003	 7	30	24	7676.059	7675.083	7675.714
2003	 7	31	24	3898.135	3899.266	3898.535
2003	 8	 1	24	5475.792	5477.125	5476.263
2003	 8	 2	24	5341.542	5342.940	5342.036
2003	 8	 3	24	5177.443	5179.495	5178.167
2003	 8	 4	24	6827.190	6318.548	6647.583
2003	 8	 5	24	6539.928	6331.677	6466.392
2003	 8	 6	24	6529.332	6528.480	6529.031
2003	 8	 7	24	7232.330	7231.763	7232.129
2003	 8	 8	24	6761.754	6761.130	6761.534
2003	 8	 9	24	7054.832	7054.104	7054.575
2003	 8	10	24	7174.682	7174.019	7174.448
2003	 8	11	24	7366.604	7365.954	7366.374
2003	 8	12	24	6775.083	6774.486	6774.872
2003	 8	13	24	5223.177	5225.525	5224.006
2003	 8	14	24	4141.843	4140.677	4141.432
2003	 8	15	24	5754.874	5755.924	5755.245
2003	 8	16	24	6612.107	6360.586	6523.292
2003	 8	17	24	6763.455	6762.970	6763.284
2003	 8	18	24	3888.156	3887.348	3887.871
2003	 8	19	24	2427.708	2429.315	2428.275
2003	 8	20	24	3642.534	3645.655	3643.636
2003	 8	21	24	4578.478	4794.678	4654.820
2003	 8	22	24	6333.816	6002.759	6216.917
2003	 8	23	24	3463.741	3462.271	3463.222
2003	 8	24	24	2824.616	2824.416	2824.546
2003	 8	25	24	4988.989	4992.653	4990.283
2003	 8	26	24	6077.135	6076.932	6077.063
2003	 8	27	24	3095.715	3088.056	3093.010
2003	 8	28	24	4168.221	4169.093	4168.529
2003	 8	29	24	4195.032	4194.514	4194.849
2003	 8	30	24	2365.425	2043.530	2251.760
2003	 8	31	24	3784.151	3782.995	3783.743
2003	 9	 1	24	4010.497	4010.313	4010.432
2003	 9	 2	24	3202.869	3202.553	3202.758
2003	 9	 3	24	4162.248	4164.094	4162.900
2003	 9	 4	24	2211.122	2211.476	2211.247
2003	 9	 5	24	4119.832	4121.054	4120.263
2003	 9	 6	24	5601.319	5600.926	5601.180
2003	 9	 7	24	4916.463	4916.658	4916.532
2003	 9	 8	24	4269.161	4268.593	4268.960
2003	 9	 9	24	2423.077	2069.681	2298.289
2003	 9	10	24	2240.343	2255.691	2245.763
2003	 9	11	24	1395.881	1606.749	1470.341
2003	 9	12	24	2487.629	2545.992	2508.238
2003	 9	13	24	1861.312	1906.388	1877.229
2003	 9	14	24	1687.310	1687.975	1687.545
2003	 9	15	24	5201.379	5200.952	5201.229
2003	 9	16	24	4047.928	4047.760	4047.868
2003	 9	17	24	4763.485	4762.249	4763.049
2003	 9	18	24	4885.773	4885.466	4885.665
2003	 9	19	24	4982.278	4981.996	4982.179
2003	 9	20	24	4818.133	4817.690	4817.977
2003	 9	21	24	4771.629	4771.357	4771.533
2003	 9	22	24	4606.514	4606.101	4606.368
2003	 9	23	24	1578.311	1578.210	1578.275
2003	 9	24	24	3145.225	3302.395	3200.723
2003	 9	25	24	4503.752	4503.341	4503.607
2003	 9	26	24	4654.404	4654.113	4654.301
2003	 9	27	24	3563.777	3562.815	3563.437
2003	 9	28	24	3094.180	3092.501	3093.587
2003	 9	29	24	2383.282	2384.550	2383.730
2003	 9	30	24	1988.034	1987.416	1987.816
2003	10	 1	24	3270.865	2619.076	3040.711
2003	10	 2	24	558.316	559.080	558.586
2003	10	 3	24	1515.860	1515.995	1515.908
2003	10	 4	24	1466.809	1467.152	1466.930
2003	10	 5	24	538.795	539.051	538.885
2003	10	 6	24	1869.049	1870.721	1869.640
2003	10	 7	24	1427.798	1428.098	1427.904
2003	10	 8	24	754.036	756.688	754.973
2003	10	 9	24	1346.499	1298.840	1329.670
2003	10	10	24	480.859	460.419	473.641
2003	10	11	24	1361.149	1129.508	1279.354
2003	10	12	24	2635.734	2637.151	2636.234
2003	10	13	24	3063.671	3063.829	3063.727
2003	10	14	24	1814.433	2289.086	1982.038
2003	10	15	24	1303.990	1237.640	1280.561
2003	10	16	24	1564.138	1630.511	1587.575
2003	10	17	24	2867.572	2567.157	2761.492
2003	10	18	24	3356.763	3382.512	3365.856
2003	10	19	24	2368.908	2369.853	2369.241
2003	10	20	24	585.759	586.280	585.943
2003	10	21	24	294.650	295.020	294.781
2003	10	22	24	258.825	259.272	258.983
2003	10	23	24	1389.799	1393.644	1391.157
2003	10	24	24	661.706	663.684	662.404
2003	10	25	24	1368.582	1408.750	1382.766
2003	10	26	24	392.076	446.652	411.347
2003	10	27	24	1236.388	1511.939	1333.688
2003	10	28	24	2988.780	2987.536	2988.341
2003	10	29	24	2210.004	2208.057	2209.316
2003	10	30	24	1434.060	1433.077	1433.713
2003	10	31	24	1926.912	1712.806	1851.309
2003	11	 1	24	634.304	619.513	629.081
2003	11	 2	24	1911.183	1910.347	1910.888
2003	11	 3	24	720.751	720.404	720.628
2003	11	 4	24	1748.044	1747.145	1747.727
2003	11	 5	24	2197.690	2197.741	2197.708
2003	11	 6	24	1958.249	1957.759	1958.076
2003	11	 7	24	215.375	215.568	215.443
2003	11	 8	24	1332.046	1334.580	1332.940
2003	11	 9	24	2113.635	2113.727	2113.668
2003	11	10	24	1680.896	1680.573	1680.782
2003	11	11	24	2151.760	2151.523	2151.676
2003	11	12	24	1962.127	1962.375	1962.214
2003	11	13	24	1824.326	1791.987	1812.907
2003	11	14	24	1803.419	1027.216	1529.333
2003	11	15	24	1531.337	1531.233	1531.301
2003	11	16	24	1730.317	1729.683	1730.093
2003	11	17	24	161.382	162.092	161.632
2003	11	18	24	256.218	257.230	256.576
2003	11	19	24	947.091	812.807	899.674
2003	11	20	24	670.862	670.846	670.856
2003	11	21	24	1400.471	1400.535	1400.494
2003	11	22	24	1204.338	1203.990	1204.215
2003	11	23	24	1178.994	1179.742	1179.258
2003	11	24	24	1187.802	1106.270	1159.012
2003	11	25	24	955.357	955.460	955.393
2003	11	26	24	1175.844	1176.070	1175.924
2003	11	27	24	608.251	609.201	608.587
2003	11	28	24	134.500	134.500	134.500
2003	11	29	24	138.200	138.200	138.200
2003	11	30	24	1467.300	1467.300	1467.300
2003	12	 1	24	1422.600	1422.600	1422.600
2003	12	 2	24	1072.500	1072.500	1072.500
2003	12	 3	24	1122.000	1122.000	1122.000
2003	12	 4	24	234.000	234.000	234.000
2003	12	 5	24	194.600	194.600	194.600
2003	12	 6	24	1001.763	1004.490	1002.726
2003	12	 7	24	1085.790	1086.749	1086.129
2003	12	 8	24	1478.436	1478.365	1478.411
2003	12	 9	24	1307.772	1246.973	1286.303
2003	12	10	24	1325.708	1326.347	1325.933
2003	12	11	24	1288.310	1288.446	1288.358
2003	12	12	24	162.102	162.146	162.118
2003	12	13	24	237.301	237.309	237.304
2003	12	14	24	216.693	216.798	216.730
2003	12	15	24	252.601	252.665	252.623
2003	12	16	24	179.956	181.328	180.440
2003	12	17	24	214.999	216.104	215.389
2003	12	18	24	1547.418	1546.759	1547.185
2003	12	19	24	1250.274	1250.347	1250.300
2003	12	20	24	352.457	352.292	352.399
2003	12	21	24	444.221	444.636	444.367
2003	12	22	24	304.505	304.881	304.638
2003	12	23	24	1849.534	1849.676	1849.584
2003	12	24	24	1320.593	1320.724	1320.639
2003	12	25	24	362.774	362.600	362.712
2003	12	26	24	389.251	389.557	389.359
2003	12	27	24	410.142	410.044	410.107
2003	12	28	24	765.831	765.074	765.564
2003	12	29	24	464.405	464.369	464.393
2003	12	30	24	434.220	572.077	482.899
2003	12	31	24	307.273	452.599	358.589
2004	 1	 1	24	609.901	993.786	745.455
2004	 1	 2	24	601.183	609.796	604.224
2004	 1	 3	24	637.921	634.123	636.580
2004	 1	 4	24	580.326	583.035	581.283
2004	 1	 5	24	819.178	849.281	829.808
2004	 1	 6	24	1133.393	1172.378	1147.159
2004	 1	 7	24	408.733	410.210	409.254
2004	 1	 8	24	1201.147	1192.911	1198.239
2004	 1	 9	24	434.752	444.408	438.161
2004	 1	10	24	404.467	415.573	408.388
2004	 1	11	24	637.603	628.133	634.259
2004	 1	12	24	1157.960	1155.413	1157.060
2004	 1	13	24	330.477	335.085	332.104
2004	 1	14	24	985.041	1007.044	992.810
2004	 1	15	24	494.330	505.051	498.116
2004	 1	16	24	355.711	352.949	354.736
2004	 1	17	24	669.659	664.072	667.686
2004	 1	18	24	443.184	450.816	445.879
2004	 1	19	24	580.200	584.937	581.872
2004	 1	20	24	675.721	684.309	678.753
2004	 1	21	24	646.949	1050.830	789.564
2004	 1	22	24	1095.801	1431.759	1214.432
2004	 1	23	24	1514.879	1493.592	1507.362
2004	 1	24	24	2026.839	2147.802	2069.552
2004	 1	25	24	394.919	578.022	459.575
2004	 1	26	24	1374.869	961.541	1228.918
2004	 1	27	24	370.681	605.368	453.551
2004	 1	28	24	793.054	1111.952	905.661
2004	 1	29	24	591.293	711.171	633.623
2004	 1	30	24	906.710	1110.205	978.567
2004	 1	31	24	1367.536	1373.258	1369.557
2004	 2	 1	24	990.821	975.477	985.403
2004	 2	 2	24	362.678	377.652	367.965
2004	 2	 3	24	818.668	811.761	816.229
2004	 2	 4	24	847.382	817.261	836.746
2004	 2	 5	24	498.100	441.984	478.284
2004	 2	 6	24	955.383	889.422	932.091
2004	 2	 7	24	1435.112	1647.803	1510.215
2004	 2	 8	24	905.685	939.225	917.529
2004	 2	 9	24	630.907	765.579	678.461
2004	 2	10	24	490.112	665.067	551.891
2004	 2	11	24	421.716	717.373	526.115
2004	 2	12	24	1317.885	1391.497	1343.878
2004	 2	13	24	685.150	1040.459	810.613
2004	 2	14	24	577.049	859.733	676.868
2004	 2	15	24	747.057	970.421	825.929
2004	 2	16	24	1186.313	1550.203	1314.807
2004	 2	17	24	1815.756	1708.157	1777.761
2004	 2	18	24	477.009	742.002	570.581
2004	 2	19	24	455.291	739.967	555.813
2004	 2	20	24	3199.741	2968.023	3117.919
2004	 2	21	24	2917.559	2747.304	2857.440
2004	 2	22	24	781.893	772.347	778.522
2004	 2	23	24	445.773	639.158	514.059
2004	 2	24	24	2526.736	2426.038	2491.179
2004	 2	25	24	1023.485	1107.650	1053.204
2004	 2	26	24	1905.235	1678.530	1825.183
2004	 2	27	24	1952.784	2265.623	2063.251
2004	 2	28	24	2019.481	2108.507	2050.917
2004	 2	29	24	651.481	960.246	760.509
2004	 3	 1	24	1718.265	2159.667	1874.129
2004	 3	 2	24	915.969	1340.257	1065.790
2004	 3	 3	24	560.303	910.618	684.003
2004	 3	 4	24	1872.586	2352.464	2042.036
2004	 3	 5	24	3631.858	3808.401	3694.197
2004	 3	 6	24	2648.405	2667.547	2655.164
2004	 3	 7	24	2360.285	2376.152	2365.887
2004	 3	 8	24	1330.763	1730.438	1471.893
2004	 3	 9	24	1398.975	1875.373	1567.197
2004	 3	10	24	954.880	1401.476	1112.578
2004	 3	11	24	2339.809	2129.343	2265.491
2004	 3	12	24	3047.770	1869.316	2631.645
2004	 3	13	24	2898.891	2608.756	2796.441
2004	 3	14	24	2540.564	2567.959	2550.237
2004	 3	15	24	3070.083	2971.804	3035.380
2004	 3	16	24	3032.670	2912.113	2990.100
2004	 3	17	24	4439.760	4287.855	4386.121
2004	 3	18	24	3574.382	3431.254	3523.842
2004	 3	19	24	3181.299	3113.015	3157.188
2004	 3	20	24	1730.923	1556.995	1669.507
2004	 3	21	24	3736.254	4063.621	3851.851
2004	 3	22	24	3489.042	3195.400	3385.354
2004	 3	23	24	2526.950	2396.823	2481.001
2004	 3	24	24	606.957	1088.030	776.829
2004	 3	25	24	741.820	1218.062	909.986
2004	 3	26	24	1648.814	2681.440	2013.445
2004	 3	27	24	2857.161	3252.806	2996.868
2004	 3	28	24	4199.102	4284.502	4229.258
2004	 3	29	24	5023.242	5138.177	5063.827
2004	 3	30	24	5563.446	5647.116	5592.991
2004	 3	31	24	5695.846	5768.609	5721.540
2004	 4	 1	24	3189.699	3132.498	3169.501
2004	 4	 2	24	5227.775	5201.336	5218.439
2004	 4	 3	24	3969.423	3969.722	3969.529
2004	 4	 4	24	3490.351	3490.180	3490.291
2004	 4	 5	24	3144.090	3145.373	3144.543
2004	 4	 6	24	2546.555	2547.531	2546.900
2004	 4	 7	24	3712.581	3712.963	3712.716
2004	 4	 8	24	2953.197	2952.701	2953.022
2004	 4	 9	24	2326.907	2326.839	2326.883
2004	 4	10	24	3793.001	3793.339	3793.120
2004	 4	11	24	4448.503	4448.672	4448.563
2004	 4	12	24	3975.762	3976.921	3976.171
2004	 4	13	24	1360.557	1359.985	1360.355
2004	 4	14	24	6583.700	6583.738	6583.714
2004	 4	15	24	6529.489	6559.490	6540.083
2004	 4	16	24	4194.353	4093.887	4158.877
2004	 4	17	24	4354.552	5334.561	4700.604
2004	 4	18	24	4672.345	4121.980	4478.005
2004	 4	19	24	825.954	867.264	840.541
2004	 4	20	24	2904.372	2983.628	2932.358
2004	 4	21	24	5858.576	6477.907	6077.269
2004	 4	22	24	5837.617	5544.938	5734.269
2004	 4	23	24	4122.991	4506.646	4258.464
2004	 4	24	24	2156.181	4522.338	2991.697
2004	 4	25	24	4258.684	6900.998	5191.714
2004	 4	26	24	2359.125	2240.205	2317.133
2004	 4	27	24	3310.496	3911.038	3522.553
2004	 4	28	24	6151.228	6388.185	6234.900
2004	 4	29	24	6087.000	5987.711	6051.940
2004	 4	30	24	6313.371	6104.283	6239.540
2004	 5	 1	24	4870.100	4667.000	4798.383
2004	 5	 2	24	1112.844	1005.095	1074.797
2004	 5	 3	24	5723.970	5036.047	5481.057
2004	 5	 4	24	3795.909	3725.577	3771.074
2004	 5	 5	24	6260.680	6763.400	6438.196
2004	 5	 6	24	1407.086	1342.381	1384.238
2004	 5	 7	24	2353.923	1871.862	2183.702
2004	 5	 8	24	3779.103	3517.108	3686.590
2004	 5	 9	24	2529.838	2463.472	2506.403
2004	 5	10	24	2692.374	2693.106	2692.632
2004	 5	11	24	5029.931	5030.973	5030.299
2004	 5	12	24	2152.679	2151.526	2152.272
2004	 5	13	24	1287.576	1287.170	1287.433
2004	 5	14	24	5104.476	5273.808	5164.269
2004	 5	15	24	3110.543	2904.561	3037.808
2004	 5	16	24	2844.317	2934.025	2875.994
2004	 5	17	24	2305.469	2410.517	2342.562
2004	 5	18	24	4148.805	3866.566	4049.144
2004	 5	19	24	7834.618	7686.800	7782.421
2004	 5	20	24	4529.088	4782.852	4618.695
2004	 5	21	24	2674.661	3185.429	2855.019
2004	 5	22	24	4109.283	4092.064	4103.203
2004	 5	23	24	1958.954	2978.079	2318.818
2004	 5	24	24	5587.377	6456.650	5894.327
2004	 5	25	24	4456.774	5014.587	4653.744
2004	 5	26	24	2916.747	3865.660	3251.818
2004	 5	27	24	4380.318	4236.087	4329.389
2004	 5	28	24	4715.350	5230.760	4897.347
2004	 5	29	24	7585.111	7344.273	7500.068
2004	 5	30	24	8503.621	8426.833	8476.506
2004	 5	31	24	6463.180	6204.297	6371.765
2004	 6	 1	24	1907.040	1858.367	1889.853
2004	 6	 2	24	1428.710	1913.817	1600.006
2004	 6	 3	24	4764.559	4976.497	4839.396
2004	 6	 4	24	5746.458	5661.661	5716.515
2004	 6	 5	24	2824.886	3318.542	2999.201
2004	 6	 6	24	3616.227	3719.434	3652.670
2004	 6	 7	24	6234.981	4733.743	5704.877
2004	 6	 8	24	7915.687	7908.241	7913.058
2004	 6	 9	24	6011.847	6304.338	6115.129
2004	 6	10	24	6394.180	6407.945	6399.040
2004	 6	11	24	4271.569	3997.627	4174.837
2004	 6	12	24	5089.859	5703.212	5306.440
2004	 6	13	24	3425.312	3428.387	3426.398
2004	 6	14	24	5084.324	5084.416	5084.356
2004	 6	15	24	6438.220	6438.220	6438.220
2004	 6	16	24	4738.120	4738.120	4738.120
2004	 6	17	24	6283.430	6283.430	6283.430
2004	 6	18	24	3813.249	3815.851	3814.167
2004	 6	19	24	3298.196	3297.437	3297.928
2004	 6	20	24	2911.273	2912.112	2911.569
2004	 6	21	24	4784.273	4785.159	4784.586
2004	 6	22	24	4410.389	4410.005	4410.253
2004	 6	23	24	5172.988	5170.883	5172.245
2004	 6	24	24	6934.435	6933.772	6934.201
2004	 6	25	24	5111.335	5112.323	5111.684
2004	 6	26	24	6445.034	6447.124	6445.772
2004	 6	27	24	3441.901	3442.023	3441.944
2004	 6	28	24	5972.072	5973.649	5972.629
2004	 6	29	24	5122.901	5124.055	5123.309
2004	 6	30	24	5586.034	5182.619	5443.584
2004	 7	 1	24	4371.485	4245.700	4327.069
2004	 7	 2	24	5436.179	5367.089	5411.783
2004	 7	 3	24	5157.032	4778.351	5023.315
2004	 7	 4	24	5404.621	4794.481	5189.174
2004	 7	 5	24	5585.153	5187.208	5444.635
2004	 7	 6	24	4667.689	4704.919	4680.836
2004	 7	 7	24	7585.990	7322.253	7492.861
2004	 7	 8	24	6585.843	7001.009	6732.443
2004	 7	 9	24	3979.428	3728.480	3890.815
2004	 7	10	24	5076.535	4770.837	4968.590
2004	 7	11	24	5330.497	4809.794	5146.631
2004	 7	12	24	2945.242	2749.490	2876.120
2004	 7	13	24	1670.481	1528.806	1620.454
2004	 7	14	24	4655.347	4540.497	4614.792
2004	 7	15	24	3127.145	3295.006	3186.418
2004	 7	16	24	4079.560	4266.737	4145.655
2004	 7	17	24	7698.093	7819.515	7740.968
2004	 7	18	24	6466.313	6319.107	6414.333
2004	 7	19	24	5474.377	5321.737	5420.479
2004	 7	20	24	7422.853	7267.403	7367.962
2004	 7	21	24	7142.989	7117.552	7134.007
2004	 7	22	24	2384.054	2692.801	2493.076
2004	 7	23	24	7274.540	7128.765	7223.065
2004	 7	24	24	1927.382	2392.049	2091.461
2004	 7	25	24	6695.940	6801.598	6733.249
2004	 7	26	24	2615.030	2633.883	2621.687
2004	 7	27	24	2975.526	3496.562	3159.510
2004	 7	28	24	5222.311	5571.247	5345.524
2004	 7	29	24	7938.788	7805.766	7891.816
2004	 7	30	24	7514.101	7328.476	7448.554
2004	 7	31	24	5723.801	4996.212	5466.881
2004	 8	 1	24	5709.878	5874.409	5767.976
2004	 8	 2	24	5131.589	5159.707	5141.518
2004	 8	 3	24	6311.877	6775.581	6475.616
2004	 8	 4	24	5880.570	5632.488	5792.970
2004	 8	 5	24	5706.919	5727.677	5714.249
2004	 8	 6	24	7301.463	7176.671	7257.397
2004	 8	 7	24	6076.250	5659.678	5929.154
2004	 8	 8	24	6698.934	6450.812	6611.319
2004	 8	 9	24	6626.465	6503.775	6583.142
2004	 8	10	24	6998.748	6856.297	6948.447
2004	 8	11	24	5253.522	4897.714	5127.882
2004	 8	12	24	6431.419	6502.882	6456.653
2004	 8	13	24	5004.065	5344.188	5124.167
2004	 8	14	24	3040.551	2999.955	3026.216
2004	 8	15	24	6352.734	6348.229	6351.143
2004	 8	16	24	5988.774	5867.870	5946.082
2004	 8	17	24	3697.211	4350.638	3927.944
2004	 8	18	24	5254.134	5292.270	5267.600
2004	 8	19	24	2324.940	2247.171	2297.479
2004	 8	20	24	2905.041	2838.818	2881.657
2004	 8	21	24	3144.804	2901.345	3058.836
2004	 8	22	24	4142.222	4760.281	4360.465
2004	 8	23	24	5009.788	5066.274	5029.734
2004	 8	24	24	1589.256	1357.150	1507.297
2004	 8	25	24	4102.995	3571.896	3915.458
2004	 8	26	24	3186.427	3174.383	3182.174
2004	 8	27	24	4031.072	4154.782	4074.755
2004	 8	28	24	1934.521	1349.433	1727.920
2004	 8	29	24	3974.398	3941.903	3962.924
2004	 8	30	24	1729.196	1455.270	1632.470
2004	 8	31	24	3364.175	2871.886	3190.342
2004	 9	 1	24	5294.078	5000.542	5190.427
2004	 9	 2	24	5581.153	5896.022	5692.337
2004	 9	 3	24	5773.197	5875.625	5809.365
2004	 9	 4	24	5758.894	5788.879	5769.482
2004	 9	 5	24	5467.213	5496.208	5477.452
2004	 9	 6	24	5802.664	5849.748	5819.290
2004	 9	 7	24	5281.595	5397.677	5322.585
2004	 9	 8	24	5329.937	5446.967	5371.261
2004	 9	 9	24	5793.048	5822.701	5803.519
2004	 9	10	24	5699.237	5814.910	5740.083
2004	 9	11	24	3160.461	3339.339	3223.625
2004	 9	12	24	1651.502	1544.925	1613.869
2004	 9	13	24	3771.305	3788.142	3777.250
2004	 9	14	24	3774.052	3718.130	3754.305
2004	 9	15	24	3809.922	3877.558	3833.805
2004	 9	16	24	2771.784	2993.098	2849.933
2004	 9	17	24	5159.640	5181.929	5167.511
2004	 9	18	24	4990.123	5019.146	5000.371
2004	 9	19	24	3786.964	3695.318	3754.603
2004	 9	20	24	2713.347	2510.479	2641.712
2004	 9	21	24	2182.369	2526.193	2303.777
2004	 9	22	24	1432.859	1690.064	1523.681
2004	 9	23	24	981.753	1188.648	1054.810
2004	 9	24	24	1301.507	1531.114	1382.584
2004	 9	25	24	1685.274	1822.006	1733.556
2004	 9	26	24	1126.205	1246.175	1168.568
2004	 9	27	24	1480.799	1286.367	1412.143
2004	 9	28	24	1359.622	1467.041	1397.553
2004	 9	29	24	1837.742	1838.045	1837.849
2004	 9	30	24	2262.634	2461.280	2332.778
2004	10	 1	24	2560.792	2291.685	2465.768
2004	10	 2	24	1550.133	1364.694	1484.653
2004	10	 3	24	3220.133	3111.482	3181.767
2004	10	 4	24	3768.692	3859.801	3800.864
2004	10	 5	24	3864.645	3937.016	3890.200
2004	10	 6	24	1985.060	2040.400	2004.601
2004	10	 7	24	3383.886	3285.779	3349.243
2004	10	 8	24	813.347	745.874	789.522
2004	10	 9	24	2292.085	2377.236	2322.153
2004	10	10	24	2418.502	2993.305	2621.471
2004	10	11	24	3004.369	3190.788	3070.195
2004	10	12	24	3826.012	4038.775	3901.141
2004	10	13	24	1460.817	1204.295	1370.236
2004	10	14	24	1763.729	704.438	1389.682
2004	10	15	24	774.459	620.751	720.183
2004	10	16	24	854.040	816.666	840.843
2004	10	17	24	1052.501	999.011	1033.613
2004	10	18	24	1006.064	881.757	962.170
2004	10	19	24	2829.593	2848.106	2836.130
2004	10	20	24	2286.770	2252.657	2274.725
2004	10	21	24	2469.450	2446.420	2461.318
2004	10	22	24	2924.683	3006.260	2953.489
2004	10	23	24	2497.670	2605.812	2535.856
2004	10	24	24	2728.242	2820.466	2760.807
2004	10	25	24	1606.090	1636.125	1616.696
2004	10	26	24	192.469	205.212	196.969
2004	10	27	24	569.124	662.860	602.223
2004	10	28	24	879.125	819.803	858.178
2004	10	29	24	1421.020	968.275	1261.151
2004	10	30	24	947.416	935.641	943.258
2004	10	31	24	638.833	682.903	654.395
2004	11	 1	24	628.897	938.620	738.264
2004	11	 2	24	266.819	261.840	265.061
2004	11	 3	24	883.760	805.793	856.229
2004	11	 4	24	574.646	517.069	554.315
2004	11	 5	24	587.527	578.024	584.171
2004	11	 6	24	274.172	243.682	263.405
2004	11	 7	24	464.379	700.264	547.673
2004	11	 8	24	429.850	764.900	548.160
2004	11	 9	24	248.040	426.815	311.167
2004	11	10	24	774.017	667.211	736.303
2004	11	11	24	924.863	887.077	911.520
2004	11	12	24	956.905	985.040	966.839
2004	11	13	24	854.785	884.750	865.366
2004	11	14	24	1248.760	1266.943	1255.181
2004	11	15	24	1125.488	1141.796	1131.246
2004	11	16	24	382.141	405.656	390.445
2004	11	17	24	205.794	185.962	198.791
2004	11	18	24	273.877	266.876	271.405
2004	11	19	24	678.787	701.740	686.892
2004	11	20	24	745.469	724.956	738.226
2004	11	21	24	858.876	876.905	865.242
2004	11	22	24	375.785	363.903	371.589
2004	11	23	24	585.181	589.107	586.568
2004	11	24	24	2091.046	2190.740	2126.249
2004	11	25	24	1713.415	1744.586	1724.422
2004	11	26	24	1475.072	1520.747	1491.200
2004	11	27	24	339.553	359.741	346.682
2004	11	28	24	288.081	289.441	288.562
2004	11	29	24	571.936	607.939	584.649
2004	11	30	24	525.988	446.884	498.056
2004	12	 1	24	415.576	300.373	374.896
2004	12	 2	24	249.316	392.192	299.767
2004	12	 3	24	330.543	465.363	378.149
2004	12	 4	24	1054.109	1186.271	1100.777
2004	12	 5	24	1434.141	1092.290	1313.429
2004	12	 6	24	242.380	231.786	238.639
2004	12	 7	24	559.982	567.555	562.656
2004	12	 8	24	866.209	1064.262	936.143
2004	12	 9	24	1244.331	1102.181	1194.136
2004	12	10	24	1383.154	1487.298	1419.928
2004	12	11	24	1351.100	1446.099	1384.645
2004	12	12	24	404.402	553.480	457.043
2004	12	13	24	1313.611	602.510	1062.513
2004	12	14	24	1060.278	617.279	903.850
2004	12	15	24	1286.013	1306.340	1293.191
2004	12	16	24	1132.353	844.856	1030.835
2004	12	17	24	799.304	563.729	716.120
2004	12	18	24	234.027	340.382	271.582
2004	12	19	24	341.780	533.406	409.445
2004	12	20	24	1316.416	1320.388	1317.819
2004	12	21	24	1745.211	1635.863	1706.599
2004	12	22	24	824.863	650.137	763.165
2004	12	23	24	219.513	313.542	252.716
2004	12	24	24	504.028	576.987	529.790
2004	12	25	24	609.932	682.296	635.484
2004	12	26	24	114.245	251.289	162.637
2004	12	27	24	172.513	401.774	253.468
2004	12	28	24	222.068	376.495	276.598
2004	12	29	24	170.271	360.963	237.606
2004	12	30	24	560.101	1013.698	720.271
2004	12	31	24	344.626	416.951	370.164
2005	 1	 1	24	247.285	307.769	268.643
2005	 1	 2	24	318.977	318.098	318.667
2005	 1	 3	24	168.994	256.605	199.931
2005	 1	 4	24	153.710	189.054	166.190
2005	 1	 5	24	211.225	269.269	231.721
2005	 1	 6	24	667.150	798.951	713.691
2005	 1	 7	24	524.785	524.644	524.735
2005	 1	 8	24	1427.881	1528.299	1463.340
2005	 1	 9	24	1276.294	1381.172	1313.327
2005	 1	10	24	909.923	1079.028	969.636
2005	 1	11	24	663.449	582.236	634.772
2005	 1	12	24	433.146	438.971	435.203
2005	 1	13	24	760.966	977.178	837.313
2005	 1	14	24	456.330	617.243	513.150
2005	 1	15	24	576.154	754.500	639.130
2005	 1	16	24	1897.310	1952.123	1916.665
2005	 1	17	24	1427.931	1575.992	1480.213
2005	 1	18	24	577.805	509.623	553.729
2005	 1	19	24	582.656	708.601	627.129
2005	 1	20	24	213.065	349.670	261.302
2005	 1	21	24	357.712	545.377	423.978
2005	 1	22	24	717.662	1029.415	827.745
2005	 1	23	24	671.965	1209.876	861.908
2005	 1	24	24	316.638	562.703	403.526
2005	 1	25	24	437.812	790.559	562.371
2005	 1	26	24	295.433	533.865	379.626
2005	 1	27	24	664.773	1374.480	915.378
2005	 1	28	24	580.290	1127.423	773.489
2005	 1	29	24	662.524	1327.076	897.185
2005	 1	30	24	559.046	1067.988	738.759
2005	 1	31	24	288.897	604.936	400.494
2005	 2	 1	24	584.837	1079.721	759.586
2005	 2	 2	24	683.741	926.169	769.345
2005	 2	 3	24	628.969	922.809	732.727
2005	 2	 4	24	1292.398	1400.019	1330.400
2005	 2	 5	24	2717.177	2374.046	2596.013
2005	 2	 6	24	2652.781	2110.088	2461.150
2005	 2	 7	24	2701.095	2883.807	2765.613
2005	 2	 8	24	2640.339	2821.955	2704.470
2005	 2	 9	24	2423.453	2425.777	2424.274
2005	 2	10	24	1285.280	1418.007	1332.147
2005	 2	11	24	567.708	790.521	646.386
2005	 2	12	24	660.820	687.959	670.403
2005	 2	13	24	1354.298	1408.970	1373.603
2005	 2	14	24	729.122	938.327	802.995
2005	 2	15	24	624.328	1059.660	778.049
2005	 2	16	24	387.911	664.972	485.744
2005	 2	17	24	434.486	867.083	587.241
2005	 2	18	24	2013.414	2405.701	2151.935
2005	 2	19	24	1001.849	1405.114	1144.246
2005	 2	20	24	1635.351	1836.232	1706.284
2005	 2	21	24	1069.916	1262.502	1137.920
2005	 2	22	24	489.238	817.420	605.123
2005	 2	23	24	1551.018	1896.318	1672.947
2005	 2	24	24	1535.903	2161.940	1756.964
2005	 2	25	24	981.911	1496.626	1163.662
2005	 2	26	24	996.093	1564.708	1196.877
2005	 2	27	24	1818.501	2425.990	2033.012
2005	 2	28	24	2125.031	3171.506	2494.553
2005	 3	 1	24	2761.869	3067.058	2869.634
2005	 3	 2	24	3752.134	3757.946	3754.187
2005	 3	 3	24	3721.598	3899.312	3784.351
2005	 3	 4	24	3452.009	3404.541	3435.247
2005	 3	 5	24	2855.220	2753.605	2819.339
2005	 3	 6	24	681.038	835.511	735.584
2005	 3	 7	24	2406.319	2641.394	2489.326
2005	 3	 8	24	838.512	1301.880	1002.132
2005	 3	 9	24	1313.092	1727.602	1459.460
2005	 3	10	24	4493.708	4568.731	4520.199
2005	 3	11	24	1354.884	1501.528	1406.666
2005	 3	12	24	1757.036	2049.541	1860.323
2005	 3	13	24	1411.249	2097.503	1653.573
2005	 3	14	24	2151.920	2224.380	2177.506
2005	 3	15	24	3793.426	3790.137	3792.265
2005	 3	16	24	3957.347	4458.291	4134.236
2005	 3	17	24	2905.438	3023.501	2947.127
2005	 3	18	24	1800.809	2088.881	1902.531
2005	 3	19	24	2954.532	3468.365	3135.972
2005	 3	20	24	5221.422	5368.159	5273.236
2005	 3	21	24	5011.729	5103.536	5044.146
2005	 3	22	24	5155.016	5216.370	5176.681
2005	 3	23	24	1454.707	1636.745	1518.986
2005	 3	24	24	5141.499	5238.848	5175.874
2005	 3	25	24	3966.370	3931.597	3954.091
2005	 3	26	24	1323.406	1698.148	1455.731
2005	 3	27	24	3720.974	3059.864	3487.529
2005	 3	28	24	2006.460	2170.451	2064.367
2005	 3	29	24	3702.774	4114.929	3848.311
2005	 3	30	24	4585.633	4432.898	4531.701
2005	 3	31	24	5700.583	5769.081	5724.771
2005	 4	 1	24	5940.493	6002.730	5962.470
2005	 4	 2	24	6058.424	6101.275	6073.555
2005	 4	 3	24	5516.785	5525.563	5519.885
2005	 4	 4	24	5797.591	5812.095	5802.713
2005	 4	 5	24	3216.791	3087.384	3171.096
2005	 4	 6	24	5530.262	5339.932	5463.054
2005	 4	 7	24	2446.512	2409.699	2433.513
2005	 4	 8	24	1985.259	1658.507	1869.879
2005	 4	 9	24	1029.108	1186.569	1084.709
2005	 4	10	24	2946.644	3318.303	3077.881
2005	 4	11	24	4397.152	4837.248	4552.555
2005	 4	12	24	4887.697	5158.754	4983.410
2005	 4	13	24	2922.512	3732.370	3208.482
2005	 4	14	24	3116.159	3016.158	3080.847
2005	 4	15	24	5161.128	5933.802	5433.967
2005	 4	16	24	4530.654	4517.286	4525.934
2005	 4	17	24	2504.885	2364.155	2455.192
2005	 4	18	24	4056.857	4055.431	4056.354
2005	 4	19	24	3551.377	3193.882	3425.142
2005	 4	20	24	4035.534	4398.010	4163.528
2005	 4	21	24	7008.350	7061.477	7027.109
2005	 4	22	24	6086.688	6645.215	6283.910
2005	 4	23	24	4591.730	4630.557	4605.440
2005	 4	24	24	2209.680	2264.327	2228.977
2005	 4	25	24	1411.784	1467.581	1431.486
2005	 4	26	24	3094.288	2908.096	3028.541
2005	 4	27	24	2859.117	2688.560	2798.892
2005	 4	28	24	5891.865	5686.637	5819.397
2005	 4	29	24	4827.047	5007.971	4890.933
2005	 4	30	24	3791.206	3887.527	3825.218
2005	 5	 1	24	5997.405	5997.984	5997.610
2005	 5	 2	24	6935.808	6891.646	6920.213
2005	 5	 3	24	2385.136	2311.656	2359.189
2005	 5	 4	24	4202.925	4138.862	4180.304
2005	 5	 5	24	2374.488	2653.634	2473.058
2005	 5	 6	24	2153.933	2167.275	2158.644
2005	 5	 7	24	4057.017	3552.172	3878.751
2005	 5	 8	24	3963.452	4372.336	4107.833
2005	 5	 9	24	4883.332	4825.466	4862.899
2005	 5	10	24	4983.237	4560.224	4833.867
2005	 5	11	24	3551.082	3637.536	3581.610
2005	 5	12	24	3661.658	3503.118	3605.676
2005	 5	13	24	7105.761	6974.993	7059.585
2005	 5	14	24	2427.459	2422.154	2425.586
2005	 5	15	24	3020.941	2941.330	2992.829
2005	 5	16	24	6622.559	6616.194	6620.312
2005	 5	17	24	1240.712	1568.381	1356.416
2005	 5	18	24	1131.323	1445.571	1242.288
2005	 5	19	24	5759.702	5258.907	5582.866
2005	 5	20	24	7763.732	7742.416	7756.205
2005	 5	21	24	5898.616	6201.991	6005.741
2005	 5	22	24	3810.078	3919.681	3848.780
2005	 5	23	24	1256.531	1226.233	1245.833
2005	 5	24	24	5360.053	5219.308	5310.354
2005	 5	25	24	6793.169	7139.581	6915.491
2005	 5	26	24	7680.285	7568.513	7640.817
2005	 5	27	24	7830.038	7720.776	7791.456
2005	 5	28	24	8333.521	8223.258	8294.586
2005	 5	29	24	7309.212	6341.611	6967.542
2005	 5	30	24	5761.393	5636.266	5717.209
2005	 5	31	24	4756.624	4755.167	4756.110
2005	 6	 1	24	7010.984	6928.878	6981.992
2005	 6	 2	24	5582.380	5599.562	5588.447
2005	 6	 3	24	7761.285	8023.077	7853.727
2005	 6	 4	24	3759.449	3439.327	3646.411
2005	 6	 5	24	4928.825	4973.788	4944.702
2005	 6	 6	24	1951.864	2029.306	1979.209
2005	 6	 7	24	3786.777	4268.046	3956.719
2005	 6	 8	24	4553.616	4955.738	4695.610
2005	 6	 9	24	6352.923	6933.660	6557.988
2005	 6	10	24	4694.069	4735.461	4708.685
2005	 6	11	24	3737.390	3631.076	3699.849
2005	 6	12	24	4209.032	4076.049	4162.074
2005	 6	13	24	6350.130	6905.132	6546.107
2005	 6	14	24	5174.954	5218.370	5190.285
2005	 6	15	24	3237.710	2936.234	3131.256
2005	 6	16	24	7166.221	7264.467	7200.913
2005	 6	17	24	4783.807	4764.720	4777.067
2005	 6	18	24	8543.302	8505.923	8530.103
2005	 6	19	24	7593.707	7976.523	7728.883
2005	 6	20	24	8663.684	8617.103	8647.235
2005	 6	21	24	8117.087	7960.555	8061.813
2005	 6	22	24	5102.765	5464.464	5230.484
2005	 6	23	24	8553.247	8443.500	8514.494
2005	 6	24	24	8354.014	8254.138	8318.746
2005	 6	25	24	5490.590	5001.741	5317.972
2005	 6	26	24	4300.080	4733.295	4453.053
2005	 6	27	24	7552.978	7659.162	7590.473
2005	 6	28	24	8603.412	8507.868	8569.674
2005	 6	29	24	5206.994	5212.141	5208.811
2005	 6	30	24	2004.335	1843.953	1947.702
2005	 7	 1	24	2215.812	2146.259	2191.252
2005	 7	 2	24	2710.918	2525.963	2645.609
2005	 7	 3	24	5868.177	4912.937	5530.872
2005	 7	 4	24	8137.786	7817.781	8024.789
2005	 7	 5	24	900.036	972.074	925.473
2005	 7	 6	24	4883.374	4994.814	4922.725
2005	 7	 7	24	3768.074	3492.288	3670.691
2005	 7	 8	24	1129.017	1069.992	1108.174
2005	 7	 9	24	1917.227	2393.974	2085.571
2005	 7	10	24	6276.143	6613.104	6395.127
2005	 7	11	24	6653.438	6521.897	6606.990
2005	 7	12	24	6723.663	7018.252	6827.686
2005	 7	13	24	6876.840	6761.712	6836.188
2005	 7	14	24	6695.025	6562.464	6648.217
2005	 7	15	24	6413.958	7191.355	6688.466
2005	 7	16	24	5627.241	5535.419	5594.817
2005	 7	17	24	6786.446	6938.896	6840.278
2005	 7	18	24	7364.357	7758.757	7503.624
2005	 7	19	24	2799.232	2856.694	2819.522
2005	 7	20	24	5974.088	5741.405	5891.926
2005	 7	21	24	2645.372	2397.320	2557.782
2005	 7	22	24	1688.390	1963.452	1785.518
2005	 7	23	24	2575.180	2705.878	2621.331
2005	 7	24	24	6131.215	5676.079	5970.501
2005	 7	25	24	3721.317	3036.918	3479.648
2005	 7	26	24	4853.381	4608.783	4767.011
2005	 7	27	24	5453.718	5746.112	5556.965
2005	 7	28	24	6738.602	6246.605	6564.872
2005	 7	29	24	6953.011	6910.138	6937.872
2005	 7	30	24	5890.276	5672.708	5813.451
2005	 7	31	24	5361.555	5189.452	5300.783
2005	 8	 1	24	7201.771	7206.411	7203.409
2005	 8	 2	24	5251.526	4845.120	5108.020
2005	 8	 3	24	814.796	988.349	876.080
2005	 8	 4	24	4157.893	4505.727	4280.716
2005	 8	 5	24	5481.873	4874.587	5267.434
2005	 8	 6	24	4526.943	4432.098	4493.452
2005	 8	 7	24	4383.374	4281.119	4347.267
2005	 8	 8	24	4521.898	4788.614	4616.079
2005	 8	 9	24	3545.629	3369.010	3483.263
2005	 8	10	24	4763.776	4651.674	4724.191
2005	 8	11	24	2580.446	2549.374	2569.474
2005	 8	12	24	3636.406	3218.257	3488.753
2005	 8	13	24	1357.335	1439.300	1386.278
2005	 8	14	24	3068.656	3195.493	3113.443
2005	 8	15	24	990.804	1032.441	1005.507
2005	 8	16	24	5503.881	5617.571	5544.026
2005	 8	17	24	4844.302	5489.941	5072.284
2005	 8	18	24	6380.515	5745.065	6156.130
2005	 8	19	24	5841.946	5594.494	5754.568
2005	 8	20	24	2893.251	3119.144	2973.016
2005	 8	21	24	5520.522	6254.812	5779.808
2005	 8	22	24	3588.939	3582.735	3586.748
2005	 8	23	24	856.078	1015.608	912.409
2005	 8	24	24	1975.065	2330.489	2100.569
2005	 8	25	24	2160.826	1545.270	1943.466
2005	 8	26	24	5469.154	5422.938	5452.834
2005	 8	27	24	4460.669	4414.936	4444.520
2005	 8	28	24	5759.721	5850.430	5791.751
2005	 8	29	24	6152.214	6117.135	6139.828
2005	 8	30	24	6015.205	6019.431	6016.697
2005	 8	31	24	5958.949	5944.786	5953.948
2005	 9	 1	24	5857.900	5898.911	5872.382
2005	 9	 2	24	3795.590	4184.110	3932.781
2005	 9	 3	24	748.941	906.906	804.720
2005	 9	 4	24	5207.784	5172.639	5195.374
2005	 9	 5	24	5796.881	5778.085	5790.244
2005	 9	 6	24	5883.960	5872.327	5879.852
2005	 9	 7	24	5864.510	5820.518	5848.976
2005	 9	 8	24	5516.385	5522.641	5518.594
2005	 9	 9	24	4547.268	2981.979	3994.547
2005	 9	10	24	3215.837	3633.375	3363.274
2005	 9	11	24	2338.451	1869.804	2172.967
2005	 9	12	24	980.413	1170.373	1047.490
2005	 9	13	24	2797.215	3064.485	2891.591
2005	 9	14	24	4556.007	4491.944	4533.386
2005	 9	15	24	2626.334	2397.670	2545.590
2005	 9	16	24	1289.580	1328.619	1303.365
2005	 9	17	24	1341.486	1680.916	1461.342
2005	 9	18	24	4931.565	5005.394	4957.635
2005	 9	19	24	5210.542	5230.577	5217.617
2005	 9	20	24	5190.080	5227.438	5203.271
2005	 9	21	24	4821.564	4810.540	4817.671
2005	 9	22	24	4776.567	4784.085	4779.222
2005	 9	23	24	4762.200	4747.011	4756.837
2005	 9	24	24	3752.691	4384.828	3975.906
2005	 9	25	24	4512.475	4476.738	4499.856
2005	 9	26	24	2528.812	2560.788	2540.104
2005	 9	27	24	2889.502	2495.473	2750.366
2005	 9	28	24	1285.713	1340.523	1305.067
2005	 9	29	24	1897.008	1677.115	1819.361
2005	 9	30	24	2217.147	2580.108	2345.313
2005	10	 1	24	1984.789	1933.044	1966.517
2005	10	 2	24	722.216	917.646	791.224
2005	10	 3	24	586.045	705.648	628.278
2005	10	 4	24	2180.993	2487.143	2289.098
2005	10	 5	24	3566.519	3461.708	3529.510
2005	10	 6	24	3795.999	3795.717	3795.899
2005	10	 7	24	3645.237	3634.144	3641.320
2005	10	 8	24	3444.719	3449.444	3446.387
2005	10	 9	24	3658.744	3692.544	3670.679
2005	10	10	24	3733.382	3641.594	3700.971
2005	10	11	24	3578.312	3551.044	3568.684
2005	10	12	24	3405.201	3268.752	3357.019
2005	10	13	24	3401.888	3417.640	3407.450
2005	10	14	24	3324.626	3350.990	3333.935
2005	10	15	24	3280.751	3304.629	3289.183
2005	10	16	24	2602.456	2914.343	2712.587
2005	10	17	24	1160.023	1204.934	1175.881
2005	10	18	24	1350.722	1505.136	1405.248
2005	10	19	24	3250.283	3329.116	3278.120
2005	10	20	24	2338.092	2226.681	2298.752
2005	10	21	24	1282.453	1081.293	1211.422
2005	10	22	24	2270.478	2240.398	2259.856
2005	10	23	24	1016.331	994.297	1008.550
2005	10	24	24	1216.508	1292.259	1243.257
2005	10	25	24	1348.700	1328.493	1341.564
2005	10	26	24	2043.675	2094.632	2061.668
2005	10	27	24	1793.944	1884.127	1825.788
2005	10	28	24	2720.783	2675.848	2704.916
2005	10	29	24	2728.071	2817.593	2759.682
2005	10	30	24	2574.771	2707.201	2621.534
2005	10	31	24	1948.910	791.071	1540.064
2005	11	 1	24	1611.500	1005.373	1397.470
2005	11	 2	24	1833.752	1770.192	1811.309
2005	11	 3	24	1332.829	1018.941	1221.992
2005	11	 4	24	1564.909	1038.443	1379.008
2005	11	 5	24	498.298	716.635	575.395
2005	11	 6	24	1648.943	1608.001	1634.486
2005	11	 7	24	1850.723	1271.161	1646.073
2005	11	 8	24	1805.785	1081.362	1549.983
2005	11	 9	24	1656.649	730.076	1329.466
2005	11	10	24	837.742	839.982	838.533
2005	11	11	24	1078.493	1077.285	1078.066
2005	11	12	24	1730.509	1318.169	1584.907
2005	11	13	24	1699.535	1345.762	1574.614
2005	11	14	24	1398.899	582.669	1110.679
2005	11	15	24	1504.052	582.089	1178.496
2005	11	16	24	332.742	391.795	353.594
2005	11	17	24	351.554	496.487	402.731
2005	11	18	24	610.283	812.129	681.557
2005	11	19	24	534.793	911.562	667.834
2005	11	20	24	405.829	702.122	510.453
2005	11	21	24	350.351	606.846	440.922
2005	11	22	24	214.025	342.449	259.373
2005	11	23	24	340.947	597.406	431.505
2005	11	24	24	738.817	698.310	724.514
2005	11	25	24	800.036	725.849	773.840
2005	11	26	24	2050.125	1520.271	1863.028
2005	11	27	24	795.481	826.131	806.304
2005	11	28	24	751.466	567.123	686.372
2005	11	29	24	1110.723	862.394	1023.035
2005	11	30	24	659.480	684.424	668.288
2005	12	 1	24	1495.154	1534.141	1508.921
2005	12	 2	24	1158.526	543.946	941.511
2005	12	 3	24	416.762	420.753	418.171
2005	12	 4	24	458.609	435.658	450.505
2005	12	 5	24	605.000	573.095	593.734
2005	12	 6	24	894.554	1013.439	936.534
2005	12	 7	24	305.998	467.126	362.894
2005	12	 8	24	545.111	772.792	625.507
2005	12	 9	24	320.624	563.963	406.549
2005	12	10	24	1250.694	1509.136	1341.953
2005	12	11	24	469.757	602.007	516.456
2005	12	12	24	684.969	1329.035	912.396
2005	12	13	24	362.985	491.728	408.445
2005	12	14	24	220.343	359.981	269.651
2005	12	15	24	160.988	290.331	206.660
2005	12	16	24	132.350	221.340	163.774
2005	12	17	24	182.374	254.604	207.879
2005	12	18	24	280.792	469.897	347.567
2005	12	19	24	547.836	594.577	564.340
2005	12	20	24	173.194	280.472	211.075
2005	12	21	24	531.805	616.610	561.751
2005	12	22	24	344.671	551.745	417.791
2005	12	23	24	309.742	501.817	377.566
2005	12	24	24	253.135	431.301	316.047
2005	12	25	24	714.367	896.183	778.568
2005	12	26	24	1036.922	840.855	967.688
2005	12	27	24	361.207	452.721	393.522
2005	12	28	24	172.219	339.253	231.201
2005	12	29	24	403.452	552.956	456.243
2005	12	30	24	1721.219	1720.682	1721.029
2005	12	31	24	655.875	804.002	708.180
2006	 1	 1	24	629.178	587.312	614.395
2006	 1	 2	24	253.193	424.594	313.716
2006	 1	 3	24	180.019	334.838	234.687
2006	 1	 4	24	236.903	413.912	299.407
2006	 1	 5	24	233.399	382.844	286.170
2006	 1	 6	24	593.461	727.323	640.729
2006	 1	 7	24	473.811	374.131	438.613
2006	 1	 8	24	503.583	473.691	493.028
2006	 1	 9	24	2104.421	1795.468	1995.326
2006	 1	10	24	1758.275	1774.945	1764.161
2006	 1	11	24	1619.945	1751.637	1666.447
2006	 1	12	24	394.983	637.408	480.586
2006	 1	13	24	906.892	621.881	806.251
2006	 1	14	24	1660.633	1778.079	1702.105
2006	 1	15	24	1297.512	747.071	1103.145
2006	 1	16	24	1448.685	788.573	1215.592
2006	 1	17	24	1156.712	555.458	944.402
2006	 1	18	24	173.260	251.693	200.956
2006	 1	19	24	479.080	783.320	586.511
2006	 1	20	24	421.995	603.363	486.038
2006	 1	21	24	374.501	579.327	446.827
2006	 1	22	24	1434.704	1806.257	1565.903
2006	 1	23	24	1708.119	1791.642	1737.612
2006	 1	24	24	2273.062	2224.259	2255.829
2006	 1	25	24	1093.709	1114.848	1101.173
2006	 1	26	24	838.608	982.417	889.389
2006	 1	27	24	2139.454	2304.414	2197.703
2006	 1	28	24	2177.386	2362.348	2242.698
2006	 1	29	24	2156.642	2339.500	2221.211
2006	 1	30	24	2050.104	2185.654	2097.968
2006	 1	31	24	1939.092	1962.565	1947.380
2006	 2	 1	24	2156.396	2307.884	2209.888
2006	 2	 2	24	2437.651	2637.755	2508.310
2006	 2	 3	24	731.785	1312.310	936.775
2006	 2	 4	24	433.420	682.142	521.246
2006	 2	 5	24	1364.588	1582.825	1441.650
2006	 2	 6	24	2837.323	2725.764	2797.930
2006	 2	 7	24	507.859	941.759	661.074
2006	 2	 8	24	596.697	670.558	622.778
2006	 2	 9	24	1139.008	1419.552	1238.071
2006	 2	10	24	658.014	1009.171	782.012
2006	 2	11	24	998.030	1474.362	1166.228
2006	 2	12	24	1767.700	2082.968	1879.024
2006	 2	13	24	2323.014	2764.700	2478.978
2006	 2	14	24	3058.851	3678.315	3277.590
2006	 2	15	24	1127.317	1022.931	1090.457
2006	 2	16	24	1389.716	1392.746	1390.786
2006	 2	17	24	1758.831	1709.379	1741.369
2006	 2	18	24	1605.308	1227.403	1471.866
2006	 2	19	24	2206.417	2454.063	2293.864
2006	 2	20	24	818.234	890.071	843.601
2006	 2	21	24	891.683	1416.363	1076.953
2006	 2	22	24	534.084	955.893	683.029
2006	 2	23	24	1198.273	1828.846	1420.935
2006	 2	24	24	2909.575	3504.506	3119.652
2006	 2	25	24	1330.441	2532.162	1754.782
2006	 2	26	24	968.499	1629.088	1201.760
2006	 2	27	24	2197.122	3560.550	2678.563
2006	 2	28	24	2280.624	2197.814	2251.383
2006	 3	 1	24	1687.822	1979.752	1790.905
2006	 3	 2	24	4100.542	4024.034	4073.526
2006	 3	 3	24	2631.325	2445.811	2565.818
2006	 3	 4	24	2245.450	2432.045	2311.339
2006	 3	 5	24	3230.298	3277.404	3246.931
2006	 3	 6	24	2115.675	2116.557	2115.986
2006	 3	 7	24	2109.500	2978.179	2416.240
2006	 3	 8	24	3262.049	2616.963	3034.262
2006	 3	 9	24	1322.414	1691.011	1452.570
2006	 3	10	24	2706.545	2866.553	2763.046
2006	 3	11	24	1196.997	1941.987	1460.061
2006	 3	12	24	1080.787	1542.101	1243.682
2006	 3	13	24	2270.007	3088.363	2558.978
2006	 3	14	24	2063.935	2663.127	2275.516
2006	 3	15	24	1467.882	2828.932	1948.484
2006	 3	16	24	1333.722	2086.520	1599.543
2006	 3	17	24	666.943	1373.759	916.527
2006	 3	18	24	1435.747	2877.420	1944.817
2006	 3	19	24	4497.146	4582.075	4527.135
2006	 3	20	24	4067.428	4382.780	4178.782
2006	 3	21	24	3890.015	4271.024	4024.553
2006	 3	22	24	4566.399	4716.407	4619.369
2006	 3	23	24	5121.804	5236.302	5162.235
2006	 3	24	24	4851.566	4811.685	4837.484
2006	 3	25	24	1588.411	1602.353	1593.334
2006	 3	26	24	959.270	1224.832	1053.043
2006	 3	27	24	4262.609	4196.598	4239.300
2006	 3	28	24	2355.783	2391.843	2368.516
2006	 3	29	24	3064.388	3224.851	3121.049
2006	 3	30	24	2364.969	2146.618	2287.867
2006	 3	31	24	2985.560	3194.840	3059.459
2006	 4	 1	24	3799.619	3675.331	3755.732
2006	 4	 2	24	4736.074	4633.428	4699.828
2006	 4	 3	24	2911.078	3157.680	2998.156
2006	 4	 4	24	3152.452	3514.191	3280.186
2006	 4	 5	24	2515.260	3006.858	2688.849
2006	 4	 6	24	4403.734	4618.856	4479.696
2006	 4	 7	24	4207.100	3997.490	4133.084
2006	 4	 8	24	5984.406	6045.195	6005.871
2006	 4	 9	24	2669.393	2782.386	2709.292
2006	 4	10	24	1261.769	1463.718	1333.079
2006	 4	11	24	2404.509	3601.785	2827.280
2006	 4	12	24	2000.685	2079.293	2028.442
2006	 4	13	24	2438.089	2393.394	2422.307
2006	 4	14	24	3298.062	3993.968	3543.794
2006	 4	15	24	5887.572	5834.913	5868.978
2006	 4	16	24	1867.520	1961.873	1900.837
2006	 4	17	24	2914.451	2465.440	2755.901
2006	 4	18	24	4538.435	4333.462	4466.057
2006	 4	19	24	3099.579	3035.635	3077.000
2006	 4	20	24	6115.812	5919.804	6046.600
2006	 4	21	24	5482.049	5485.091	5483.123
2006	 4	22	24	3439.784	3729.202	3541.981
2006	 4	23	24	4495.173	4649.417	4549.638
2006	 4	24	24	4077.365	3554.119	3892.601
2006	 4	25	24	5516.854	5487.907	5506.632
2006	 4	26	24	4794.394	4535.386	4702.936
2006	 4	27	24	2812.499	2976.224	2870.312
2006	 4	28	24	1553.604	1687.295	1600.812
2006	 4	29	24	860.449	964.671	897.251
