YY	MM	DD	HH	"1"	"2"	tot_average
nach_Exposition_korrigierte_Globalstrahlung_evapotranspiration
--	--	--	--	0.6468891	0.3531109	1.0000
2000	 8	 1	24	6587.67	5534.50	6215.79
2000	 8	 2	24	4363.39	4287.14	4336.47
2000	 8	 3	24	5068.02	4607.60	4905.44
2000	 8	 4	24	4998.87	4730.46	4904.09
2000	 8	 5	24	6597.39	6622.36	6606.21
2000	 8	 6	24	2327.88	2044.18	2227.70
2000	 8	 7	24	2909.09	2817.86	2876.87
2000	 8	 8	24	3359.01	3073.32	3258.13
2000	 8	 9	24	4028.40	4062.16	4040.32
2000	 8	10	24	4234.81	4085.04	4181.92
2000	 8	11	24	4970.32	4971.76	4970.83
2000	 8	12	24	4734.68	4804.75	4759.42
2000	 8	13	24	5883.08	5836.26	5866.55
2000	 8	14	24	6088.53	6139.43	6106.50
2000	 8	15	24	4313.93	3927.14	4177.35
2000	 8	16	24	5860.86	5794.63	5837.48
2000	 8	17	24	6005.32	5882.85	5962.07
2000	 8	18	24	3300.77	3179.37	3257.90
2000	 8	19	24	4449.58	4301.94	4397.45
2000	 8	20	24	5907.05	5802.39	5870.09
2000	 8	21	24	4856.61	4822.85	4844.69
2000	 8	22	24	3413.57	3576.40	3471.07
2000	 8	23	24	4603.50	4537.37	4580.15
2000	 8	24	24	4962.29	4660.93	4855.87
2000	 8	25	24	2690.52	2546.63	2639.71
2000	 8	26	24	6257.80	6123.86	6210.50
2000	 8	27	24	6157.78	6008.30	6105.00
2000	 8	28	24	1495.48	1530.38	1507.80
2000	 8	29	24	3852.45	3184.55	3616.61
2000	 8	30	24	3423.71	3206.69	3347.08
2000	 8	31	24	3081.12	2976.55	3044.19
2000	 9	 1	24	3276.49	3268.22	3273.57
2000	 9	 2	24	3209.31	2759.09	3050.33
2000	 9	 3	24	1278.80	1180.85	1244.21
2000	 9	 4	24	1303.45	1163.75	1254.12
2000	 9	 5	24	2098.16	1766.41	1981.02
2000	 9	 6	24	2747.74	2293.00	2587.17
2000	 9	 7	24	2589.44	2603.31	2594.34
2000	 9	 8	24	3358.89	3191.70	3299.85
2000	 9	 9	24	5023.54	5011.86	5019.42
2000	 9	10	24	3269.52	3148.53	3226.80
2000	 9	11	24	2869.36	2783.12	2838.91
2000	 9	12	24	4591.14	4353.03	4507.06
2000	 9	13	24	2707.93	2582.46	2663.63
2000	 9	14	24	2177.76	1946.73	2096.18
2000	 9	15	24	3420.99	3368.57	3402.48
2000	 9	16	24	2251.47	1956.73	2147.39
2000	 9	17	24	1689.29	1765.94	1716.35
2000	 9	18	24	1560.90	1397.86	1503.33
2000	 9	19	24	4008.41	2993.76	3650.13
2000	 9	20	24	3104.64	2910.62	3036.13
2000	 9	21	24	537.80	438.80	502.85
2000	 9	22	24	1353.25	1273.86	1325.22
2000	 9	23	24	4370.68	4295.25	4344.05
2000	 9	24	24	4422.25	4276.08	4370.63
2000	 9	25	24	4003.01	3595.56	3859.14
2000	 9	26	24	3394.30	3257.66	3346.05
2000	 9	27	24	3891.50	3643.54	3803.94
2000	 9	28	24	3110.16	2720.81	2972.67
2000	 9	29	24	3963.19	3815.48	3911.03
2000	 9	30	24	3867.73	3728.41	3818.53
2000	10	 1	24	2525.08	2185.45	2405.15
2000	10	 2	24	2258.49	1979.20	2159.87
2000	10	 3	24	2177.06	2087.42	2145.41
2000	10	 4	24	1172.83	911.70	1080.62
2000	10	 5	24	1446.51	1281.28	1388.17
2000	10	 6	24	333.86	330.46	332.66
2000	10	 7	24	161.72	147.85	156.82
2000	10	 8	24	727.44	729.23	728.07
2000	10	 9	24	1001.60	745.98	911.34
2000	10	10	24	885.67	604.80	786.49
2000	10	11	24	1924.77	1614.29	1815.14
2000	10	12	24	1262.07	1113.21	1209.50
2000	10	13	24	2101.67	2076.15	2092.65
2000	10	14	24	1456.52	2022.24	1656.28
2000	10	15	24	2745.64	2631.92	2705.49
2000	10	16	24	2271.92	2402.82	2318.14
2000	10	17	24	2112.19	2057.43	2092.85
2000	10	18	24	425.45	426.82	425.94
2000	10	19	24	919.18	704.60	843.41
2000	10	20	24	436.32	291.00	385.01
2000	10	21	24	2683.11	2600.28	2653.86
2000	10	22	24	2709.99	2676.48	2698.15
2000	10	23	24	2697.37	2610.10	2666.56
2000	10	24	24	1617.82	1487.19	1571.69
2000	10	25	24	1200.86	1215.34	1205.98
2000	10	26	24	1000.93	813.79	934.85
2000	10	27	24	1016.68	884.13	969.88
2000	10	28	24	976.03	693.52	876.27
2000	10	29	24	1137.83	1014.35	1094.23
2000	10	30	24	714.21	675.61	700.58
2000	10	31	24	343.07	299.51	327.69
2000	11	 1	24	1463.55	1103.89	1336.55
2000	11	 2	24	1885.32	1802.51	1856.08
2000	11	 3	24	1160.01	665.92	985.54
2000	11	 4	24	963.34	918.73	947.58
2000	11	 5	24	1130.05	998.02	1083.43
2000	11	 6	24	401.98	252.83	349.31
2000	11	 7	24	1436.96	1303.44	1389.81
2000	11	 8	24	1443.29	1024.16	1295.29
2000	11	 9	24	1222.97	1244.95	1230.73
2000	11	10	24	1751.88	1661.94	1720.12
2000	11	11	24	1675.38	1499.10	1613.14
2000	11	12	24	1128.85	1047.32	1100.06
2000	11	13	24	429.62	411.03	423.05
2000	11	14	24	402.53	393.10	399.20
2000	11	15	24	974.03	805.97	914.69
2000	11	16	24	1297.54	1004.76	1194.16
2000	11	17	24	175.35	154.49	167.98
2000	11	18	24	1589.66	1492.52	1555.36
2000	11	19	24	1693.98	1372.52	1580.47
2000	11	20	24	947.40	832.80	906.93
2000	11	21	24	238.49	161.09	211.16
2000	11	22	24	840.59	576.90	747.48
2000	11	23	24	734.77	426.04	625.75
2000	11	24	24	721.79	607.36	681.38
2000	11	25	24	188.23	153.93	176.12
2000	11	26	24	374.95	237.11	326.28
2000	11	27	24	267.39	219.15	250.36
2000	11	28	24	436.20	372.43	413.68
2000	11	29	24	1147.96	773.99	1015.90
2000	11	30	24	925.72	790.65	878.03
2000	12	 1	24	1211.21	1119.36	1178.78
2000	12	 2	24	567.72	482.42	537.60
2000	12	 3	24	1135.13	984.11	1081.80
2000	12	 4	24	912.39	513.97	771.70
2000	12	 5	24	682.83	462.64	605.08
2000	12	 6	24	1060.40	458.70	847.93
2000	12	 7	24	881.07	477.91	738.71
2000	12	 8	24	333.79	291.31	318.79
2000	12	 9	24	695.28	645.20	677.59
2000	12	10	24	605.64	476.24	559.94
2000	12	11	24	434.29	353.60	405.80
2000	12	12	24	145.67	90.07	126.04
2000	12	13	24	606.18	615.02	609.30
2000	12	14	24	607.63	490.57	566.29
2000	12	15	24	632.26	619.35	627.70
2000	12	16	24	292.71	304.39	296.83
2000	12	17	24	294.20	278.87	288.79
2000	12	18	24	1054.62	927.11	1009.60
2000	12	19	24	931.74	896.43	919.27
2000	12	20	24	1444.88	778.41	1209.54
2000	12	21	24	925.76	468.63	764.34
2000	12	22	24	989.71	274.80	737.26
2000	12	23	24	973.50	584.72	836.22
2000	12	24	24	1049.25	986.46	1027.08
2000	12	25	24	376.71	401.96	385.63
2000	12	26	24	468.11	272.26	398.95
2000	12	27	24	819.14	302.29	636.63
2000	12	28	24	290.57	247.65	275.41
2000	12	29	24	809.26	679.68	763.50
2000	12	30	24	572.07	443.53	526.68
2000	12	31	24	472.72	424.19	455.59
2001	 1	 1	24	1006.12	877.61	960.74
2001	 1	 2	24	446.39	527.32	474.97
2001	 1	 3	24	871.88	1157.30	972.67
2001	 1	 4	24	806.53	525.15	707.17
2001	 1	 5	24	451.39	306.83	400.35
2001	 1	 6	24	327.83	267.64	306.58
2001	 1	 7	24	578.70	549.13	568.26
2001	 1	 8	24	460.11	404.57	440.50
2001	 1	 9	24	174.97	171.94	173.90
2001	 1	10	24	810.77	725.23	780.57
2001	 1	11	24	364.10	273.32	332.05
2001	 1	12	24	526.60	315.83	452.18
2001	 1	13	24	645.48	498.46	593.56
2001	 1	14	24	403.40	255.79	351.28
2001	 1	15	24	1219.73	528.19	975.54
2001	 1	16	24	1273.24	1041.67	1191.47
2001	 1	17	24	1186.41	437.79	922.06
2001	 1	18	24	782.38	337.04	625.13
2001	 1	19	24	1069.13	280.68	790.72
2001	 1	20	24	343.28	172.93	283.13
2001	 1	21	24	270.81	120.78	217.83
2001	 1	22	24	453.18	553.50	488.60
2001	 1	23	24	540.53	463.48	513.33
2001	 1	24	24	358.48	165.94	290.49
2001	 1	25	24	1378.51	835.61	1186.80
2001	 1	26	24	1102.98	419.23	861.54
2001	 1	27	24	472.77	320.71	419.08
2001	 1	28	24	1564.22	1501.94	1542.23
2001	 1	29	24	522.04	493.76	512.05
2001	 1	30	24	627.33	711.01	656.87
2001	 1	31	24	448.81	685.42	532.36
2001	 2	 1	24	684.05	834.81	737.29
2001	 2	 2	24	1171.39	1334.53	1229.00
2001	 2	 3	24	637.91	747.26	676.52
2001	 2	 4	24	507.09	705.63	577.19
2001	 2	 5	24	903.64	783.65	861.27
2001	 2	 6	24	1229.11	1204.96	1220.59
2001	 2	 7	24	1467.04	1407.90	1446.16
2001	 2	 8	24	799.94	842.39	814.93
2001	 2	 9	24	892.92	923.25	903.63
2001	 2	10	24	1399.89	1498.86	1434.83
2001	 2	11	24	2167.60	2178.65	2171.50
2001	 2	12	24	1373.30	1338.34	1360.96
2001	 2	13	24	554.50	639.82	584.63
2001	 2	14	24	2444.51	2187.09	2353.61
2001	 2	15	24	2708.22	2711.38	2709.33
2001	 2	16	24	2722.31	2709.61	2717.82
2001	 2	17	24	530.46	711.93	594.54
2001	 2	18	24	386.97	458.32	412.16
2001	 2	19	24	308.28	278.86	297.89
2001	 2	20	24	1148.64	1079.10	1124.08
2001	 2	21	24	361.90	508.54	413.68
2001	 2	22	24	510.80	634.56	554.50
2001	 2	23	24	1029.25	1245.14	1105.48
2001	 2	24	24	1987.95	2433.20	2145.18
2001	 2	25	24	1438.81	1478.25	1452.74
2001	 2	26	24	1429.07	1501.68	1454.71
2001	 2	27	24	2554.40	1820.50	2295.25
2001	 2	28	24	3020.02	2469.87	2825.75
2001	 3	 1	24	3002.41	3147.74	3053.73
2001	 3	 2	24	1841.55	1580.22	1749.27
2001	 3	 3	24	1416.91	1651.61	1499.78
2001	 3	 4	24	1057.81	1129.44	1083.10
2001	 3	 5	24	704.78	1144.09	859.91
2001	 3	 6	24	2920.90	2760.29	2864.18
2001	 3	 7	24	3031.35	2317.08	2779.13
2001	 3	 8	24	2933.40	2882.34	2915.37
2001	 3	 9	24	1925.49	1903.18	1917.61
2001	 3	10	24	3209.49	2927.37	3109.87
2001	 3	11	24	2512.31	2521.79	2515.66
2001	 3	12	24	1832.98	1554.88	1734.78
2001	 3	13	24	2091.24	1909.56	2027.09
2001	 3	14	24	2078.35	1876.68	2007.14
2001	 3	15	24	1088.21	1135.34	1104.85
2001	 3	16	24	1047.72	855.47	979.84
2001	 3	17	24	521.47	595.36	547.56
2001	 3	18	24	1598.78	1648.11	1616.20
2001	 3	19	24	2534.68	2418.92	2493.81
2001	 3	20	24	2675.28	2830.64	2730.14
2001	 3	21	24	1412.31	1413.91	1412.88
2001	 3	22	24	2099.06	1922.72	2036.79
2001	 3	23	24	1011.82	1043.79	1023.11
2001	 3	24	24	2226.72	1902.51	2112.24
2001	 3	25	24	996.95	907.25	965.28
2001	 3	26	24	557.14	758.17	628.12
2001	 3	27	24	885.57	850.23	873.09
2001	 3	28	24	3695.33	2820.61	3386.46
2001	 3	29	24	1970.53	1491.21	1801.28
2001	 3	30	24	1335.08	1451.42	1376.16
2001	 3	31	24	3291.11	3037.71	3201.63
2001	 4	 1	24	4476.21	4540.69	4498.98
2001	 4	 2	24	4916.97	4786.92	4871.05
2001	 4	 3	24	3867.16	3684.59	3802.70
2001	 4	 4	24	3931.50	3872.45	3910.65
2001	 4	 5	24	3879.18	3708.95	3819.07
2001	 4	 6	24	1998.35	1350.79	1769.69
2001	 4	 7	24	1647.77	1147.62	1471.16
2001	 4	 8	24	1192.53	993.95	1122.41
2001	 4	 9	24	4299.12	4043.47	4208.85
2001	 4	10	24	3410.50	3162.21	3322.83
2001	 4	11	24	2171.93	1834.85	2052.90
2001	 4	12	24	4262.48	4451.85	4329.35
2001	 4	13	24	1994.77	2202.38	2068.08
2001	 4	14	24	2809.86	3354.98	3002.35
2001	 4	15	24	1935.80	2056.60	1978.45
2001	 4	16	24	2473.18	2905.80	2625.94
2001	 4	17	24	1926.92	2409.64	2097.37
2001	 4	18	24	3010.64	2774.90	2927.40
2001	 4	19	24	4335.25	4122.87	4260.26
2001	 4	20	24	2614.08	2646.39	2625.49
2001	 4	21	24	585.75	850.78	679.34
2001	 4	22	24	1309.37	1971.52	1543.18
2001	 4	23	24	3333.30	3641.69	3442.19
2001	 4	24	24	5889.31	5645.78	5803.32
2001	 4	25	24	5502.65	5460.87	5487.90
2001	 4	26	24	4201.15	4326.29	4245.34
2001	 4	27	24	3605.62	3550.37	3586.11
2001	 4	28	24	3017.04	2605.39	2871.68
2001	 4	29	24	4265.94	3641.20	4045.34
2001	 4	30	24	6394.21	6216.01	6331.28
2001	 5	 1	24	6840.54	6646.80	6772.13
2001	 5	 2	24	6731.51	6512.07	6654.03
2001	 5	 3	24	6658.13	6431.71	6578.18
2001	 5	 4	24	1994.31	1832.46	1937.16
2001	 5	 5	24	732.31	823.54	764.53
2001	 5	 6	24	1062.71	1110.59	1079.62
2001	 5	 7	24	1613.95	1791.82	1676.76
2001	 5	 8	24	1756.53	1941.65	1821.90
2001	 5	 9	24	6852.84	6906.66	6871.85
2001	 5	10	24	6925.50	6882.85	6910.44
2001	 5	11	24	6710.45	6801.26	6742.52
2001	 5	12	24	7694.76	7450.92	7608.66
2001	 5	13	24	7334.19	7231.67	7297.99
2001	 5	14	24	7446.78	7172.85	7350.05
2001	 5	15	24	2020.06	2178.07	2075.85
2001	 5	16	24	5438.60	5491.93	5457.43
2001	 5	17	24	2938.13	2819.85	2896.37
2001	 5	18	24	2486.14	2419.63	2462.65
2001	 5	19	24	4198.51	3566.93	3975.49
2001	 5	20	24	7159.15	7075.42	7129.58
2001	 5	21	24	7132.06	6697.16	6978.49
2001	 5	22	24	5027.53	5527.65	5204.13
2001	 5	23	24	8277.31	8026.66	8188.80
2001	 5	24	24	8071.48	7688.80	7936.35
2001	 5	25	24	7550.18	7444.89	7513.00
2001	 5	26	24	7128.12	6560.99	6927.86
2001	 5	27	24	5260.16	4332.75	4932.68
2001	 5	28	24	1022.60	829.91	954.56
2001	 5	29	24	5245.11	4888.45	5119.17
2001	 5	30	24	6179.84	5736.57	6023.32
2001	 5	31	24	2825.41	2665.23	2768.85
2001	 6	 1	24	3322.19	2940.40	3187.38
2001	 6	 2	24	2824.32	2291.31	2636.11
2001	 6	 3	24	4308.07	3748.10	4110.34
2001	 6	 4	24	2125.30	1764.38	1997.85
2001	 6	 5	24	3617.99	3409.04	3544.21
2001	 6	 6	24	3816.48	3622.17	3747.87
2001	 6	 7	24	5266.04	4971.86	5162.16
2001	 6	 8	24	2259.09	2331.14	2284.53
2001	 6	 9	24	3519.31	3107.71	3373.97
2001	 6	10	24	1663.20	1296.36	1533.67
2001	 6	11	24	2916.74	2569.87	2794.26
2001	 6	12	24	3248.64	2940.52	3139.84
2001	 6	13	24	4434.21	4440.49	4436.43
2001	 6	14	24	5695.55	4815.54	5384.81
2001	 6	15	24	5751.20	5428.83	5637.37
2001	 6	16	24	3437.69	3334.02	3401.08
2001	 6	17	24	3436.27	3278.99	3380.73
2001	 6	18	24	2669.29	2563.70	2632.00
2001	 6	19	24	2435.45	2273.51	2378.27
2001	 6	20	24	7375.18	7186.27	7308.48
2001	 6	21	24	4183.49	4174.68	4180.38
2001	 6	22	24	2314.95	2414.01	2349.93
2001	 6	23	24	1438.24	1320.40	1396.63
2001	 6	24	24	6844.27	7000.57	6899.46
2001	 6	25	24	6979.23	6994.73	6984.70
2001	 6	26	24	8319.58	8055.78	8226.43
2001	 6	27	24	7771.11	7477.20	7667.33
2001	 6	28	24	3008.19	2832.95	2946.31
2001	 6	29	24	6478.10	6617.53	6527.33
2001	 6	30	24	4438.14	3940.12	4262.29
2001	 7	 1	24	4586.65	4718.17	4633.09
2001	 7	 2	24	3778.57	4074.39	3883.02
2001	 7	 3	24	6288.86	5569.72	6034.92
2001	 7	 4	24	4613.60	4383.12	4532.22
2001	 7	 5	24	8113.41	7858.63	8023.45
2001	 7	 6	24	7811.02	7592.19	7733.75
2001	 7	 7	24	6306.56	5966.39	6186.45
2001	 7	 8	24	2438.89	2251.68	2372.79
2001	 7	 9	24	1201.04	1106.40	1167.62
2001	 7	10	24	5669.88	5353.23	5558.06
2001	 7	11	24	3819.53	3747.20	3793.99
2001	 7	12	24	6356.97	5730.74	6135.84
2001	 7	13	24	3333.56	3203.28	3287.55
2001	 7	14	24	4677.02	4426.72	4588.63
2001	 7	15	24	3032.46	3236.54	3104.52
2001	 7	16	24	1167.63	1211.52	1183.13
2001	 7	17	24	2007.33	1982.90	1998.71
2001	 7	18	24	4741.44	4581.50	4684.96
2001	 7	19	24	5783.33	5581.96	5712.23
2001	 7	20	24	2872.49	2834.17	2858.96
2001	 7	21	24	3610.70	3671.24	3632.08
2001	 7	22	24	7611.64	7543.64	7587.63
2001	 7	23	24	7424.42	7309.67	7383.90
2001	 7	24	24	4597.56	3822.41	4323.84
2001	 7	25	24	5855.74	4710.20	5451.24
2001	 7	26	24	6678.54	6560.75	6636.95
2001	 7	27	24	6379.77	5773.23	6165.59
2001	 7	28	24	7679.13	7504.00	7617.29
2001	 7	29	24	4792.26	4904.72	4831.97
2001	 7	30	24	7137.06	6911.61	7057.45
2001	 7	31	24	5853.71	5686.95	5794.82
2001	 8	 1	24	4041.16	3637.58	3898.66
2001	 8	 2	24	6512.96	6180.55	6395.58
2001	 8	 3	24	3688.75	3545.02	3638.00
2001	 8	 4	24	2450.84	2194.98	2360.49
2001	 8	 5	24	5150.50	4568.86	4945.12
2001	 8	 6	24	4692.89	4167.61	4507.41
2001	 8	 7	24	3853.95	3599.34	3764.05
2001	 8	 8	24	4024.48	4017.10	4021.87
2001	 8	 9	24	4111.56	3817.98	4007.89
2001	 8	10	24	4214.15	4136.37	4186.68
2001	 8	11	24	4303.86	4294.56	4300.58
2001	 8	12	24	5927.76	5650.34	5829.80
2001	 8	13	24	1479.38	1301.79	1416.67
2001	 8	14	24	5853.73	5614.86	5769.38
2001	 8	15	24	6628.76	6329.31	6523.02
2001	 8	16	24	6139.60	5788.74	6015.71
2001	 8	17	24	2897.48	2989.03	2929.81
2001	 8	18	24	4543.25	4452.89	4511.35
2001	 8	19	24	2544.61	2484.92	2523.53
2001	 8	20	24	5392.81	5073.58	5280.09
2001	 8	21	24	581.46	564.59	575.50
2001	 8	22	24	2701.42	2707.13	2703.44
2001	 8	23	24	4890.53	4617.36	4794.07
2001	 8	24	24	4804.77	4352.28	4644.99
2001	 8	25	24	4283.48	4044.35	4199.04
2001	 8	26	24	3611.07	3448.39	3553.62
2001	 8	27	24	3398.00	3343.57	3378.78
2001	 8	28	24	4210.03	3634.79	4006.90
2001	 8	29	24	2552.78	2414.74	2504.03
2001	 8	30	24	5717.22	5112.40	5503.65
2001	 8	31	24	1036.34	1029.08	1033.78
2001	 9	 1	24	372.24	345.61	362.84
2001	 9	 2	24	3101.80	3064.72	3088.71
2001	 9	 3	24	2545.88	2572.10	2555.14
2001	 9	 4	24	1924.17	1542.31	1789.33
2001	 9	 5	24	1969.13	1883.32	1938.83
2001	 9	 6	24	2431.67	2530.99	2466.74
2001	 9	 7	24	1473.29	1272.66	1402.44
2001	 9	 8	24	1718.58	1593.11	1674.27
2001	 9	 9	24	1464.59	1200.25	1371.25
2001	 9	10	24	643.36	567.96	616.73
2001	 9	11	24	1936.14	2043.61	1974.09
2001	 9	12	24	1070.21	1044.42	1061.10
2001	 9	13	24	858.10	581.19	760.32
2001	 9	14	24	1637.03	1420.48	1560.56
2001	 9	15	24	1861.98	1467.99	1722.86
2001	 9	16	24	1373.75	1291.58	1344.73
2001	 9	17	24	1598.51	1296.63	1491.91
2001	 9	18	24	1286.63	1008.04	1188.26
2001	 9	19	24	4217.64	2974.28	3778.60
2001	 9	20	24	903.97	529.49	771.74
2001	 9	21	24	1835.28	1440.66	1695.94
2001	 9	22	24	2683.29	2443.53	2598.63
2001	 9	23	24	4239.83	4003.26	4156.30
2001	 9	24	24	524.53	400.40	480.70
2001	 9	25	24	467.37	402.20	444.36
2001	 9	26	24	600.55	590.71	597.07
2001	 9	27	24	1489.13	943.45	1296.45
2001	 9	28	24	458.97	277.99	395.06
2001	 9	29	24	3495.84	2807.29	3252.71
2001	 9	30	24	1139.23	1012.52	1094.49
2001	10	 1	24	1437.75	965.41	1270.96
2001	10	 2	24	2930.23	2674.75	2840.02
2001	10	 3	24	3444.59	3356.63	3413.53
2001	10	 4	24	1172.19	1016.90	1117.36
2001	10	 5	24	3273.63	3040.03	3191.14
2001	10	 6	24	3168.94	3067.66	3133.18
2001	10	 7	24	1777.62	1683.77	1744.48
2001	10	 8	24	3414.63	3119.96	3310.58
2001	10	 9	24	2780.61	2308.47	2613.89
2001	10	10	24	3127.05	2816.61	3017.43
2001	10	11	24	1726.81	1754.51	1736.59
2001	10	12	24	3231.44	3065.66	3172.90
2001	10	13	24	2949.43	2786.91	2892.04
2001	10	14	24	2694.81	2562.65	2648.14
2001	10	15	24	2514.41	2201.99	2404.09
2001	10	16	24	1583.22	1532.29	1565.24
2001	10	17	24	1596.42	1318.69	1498.35
2001	10	18	24	554.67	512.30	539.71
2001	10	19	24	2591.58	2181.83	2446.90
2001	10	20	24	2436.71	1435.90	2083.31
2001	10	21	24	1075.19	536.42	884.95
2001	10	22	24	302.12	214.10	271.04
2001	10	23	24	296.74	326.37	307.20
2001	10	24	24	870.74	731.85	821.69
2001	10	25	24	1370.63	1339.24	1359.54
2001	10	26	24	2075.01	1340.11	1815.51
2001	10	27	24	1352.05	856.81	1177.18
2001	10	28	24	691.09	485.26	618.41
2001	10	29	24	1038.84	959.50	1010.82
2001	10	30	24	925.18	756.94	865.77
2001	10	31	24	1621.15	1427.83	1552.89
2001	11	 1	24	573.83	476.95	539.62
2001	11	 2	24	835.09	754.88	806.77
2001	11	 3	24	527.80	408.92	485.82
2001	11	 4	24	1728.81	1557.01	1668.15
2001	11	 5	24	663.15	520.30	612.71
2001	11	 6	24	646.51	628.97	640.32
2001	11	 7	24	406.68	289.85	365.43
2001	11	 8	24	203.72	170.56	192.01
2001	11	 9	24	497.02	490.13	494.58
2001	11	10	24	2170.79	1560.51	1955.29
2001	11	11	24	1626.86	1413.13	1551.39
2001	11	12	24	434.10	365.19	409.77
2001	11	13	24	752.57	675.80	725.46
2001	11	14	24	1154.22	1133.81	1147.01
2001	11	15	24	2238.03	1737.69	2061.35
2001	11	16	24	344.19	308.51	331.59
2001	11	17	24	1361.49	1154.75	1288.49
2001	11	18	24	412.70	373.82	398.97
2001	11	19	24	273.14	304.19	284.11
2001	11	20	24	1154.16	891.21	1061.31
2001	11	21	24	374.57	243.23	328.19
2001	11	22	24	91.43	77.30	86.44
2001	11	23	24	417.89	451.63	429.80
2001	11	24	24	670.74	614.18	650.77
2001	11	25	24	593.09	569.74	584.84
2001	11	26	24	217.46	204.68	212.95
2001	11	27	24	478.16	403.97	451.96
2001	11	28	24	183.47	178.55	181.73
2001	11	29	24	219.90	227.45	222.57
2001	11	30	24	411.33	339.71	386.04
2001	12	 1	24	1396.29	477.02	1071.68
2001	12	 2	24	1227.24	1024.21	1155.55
2001	12	 3	24	1251.99	1177.48	1225.68
2001	12	 4	24	697.35	484.14	622.06
2001	12	 5	24	174.85	199.60	183.59
2001	12	 6	24	128.77	179.57	146.71
2001	12	 7	24	327.90	433.37	365.15
2001	12	 8	24	252.74	361.87	291.27
2001	12	 9	24	1116.02	923.65	1048.09
2001	12	10	24	589.78	605.32	595.27
2001	12	11	24	312.29	372.47	333.54
2001	12	12	24	145.46	182.14	158.41
2001	12	13	24	528.72	414.41	488.36
2001	12	14	24	691.69	388.54	584.64
2001	12	15	24	172.97	139.39	161.11
2001	12	16	24	85.79	85.62	85.73
2001	12	17	24	102.63	88.95	97.80
2001	12	18	24	257.01	412.59	311.94
2001	12	19	24	123.42	164.97	138.09
2001	12	20	24	231.15	260.56	241.54
2001	12	21	24	139.74	260.89	182.52
2001	12	22	24	645.65	512.79	598.74
2001	12	23	24	291.45	268.26	283.26
2001	12	24	24	474.17	588.47	514.53
2001	12	25	24	219.48	309.96	251.43
2001	12	26	24	510.67	588.93	538.31
2001	12	27	24	565.32	640.35	591.81
2001	12	28	24	288.79	330.96	303.68
2001	12	29	24	339.29	397.58	359.87
2001	12	30	24	465.17	710.89	551.94
2001	12	31	24	504.14	625.77	547.09
2002	 1	 1	24	332.49	440.20	370.53
2002	 1	 2	24	439.59	438.09	439.06
2002	 1	 3	24	1081.66	1102.33	1088.96
2002	 1	 4	24	1332.32	1307.40	1323.52
2002	 1	 5	24	1256.88	1275.01	1263.28
2002	 1	 6	24	798.38	835.41	811.45
2002	 1	 7	24	438.97	553.88	479.54
2002	 1	 8	24	669.02	846.33	731.63
2002	 1	 9	24	1330.70	1338.40	1333.42
2002	 1	10	24	1332.35	1348.61	1338.09
2002	 1	11	24	1237.79	1248.29	1241.50
2002	 1	12	24	521.62	526.18	523.23
2002	 1	13	24	1028.90	799.05	947.74
2002	 1	14	24	1766.06	1506.88	1674.54
2002	 1	15	24	545.80	525.49	538.63
2002	 1	16	24	743.48	726.64	737.53
2002	 1	17	24	644.44	630.79	639.62
2002	 1	18	24	717.45	691.46	708.27
2002	 1	19	24	340.69	330.21	336.99
2002	 1	20	24	574.16	559.09	568.84
2002	 1	21	24	340.61	339.60	340.25
2002	 1	22	24	1365.38	1394.07	1375.51
2002	 1	23	24	1191.43	1009.65	1127.24
2002	 1	24	24	983.12	873.44	944.39
2002	 1	25	24	1083.45	985.23	1048.77
2002	 1	26	24	951.74	996.83	967.67
2002	 1	27	24	466.43	515.86	483.88
2002	 1	28	24	993.60	1032.40	1007.30
2002	 1	29	24	1860.19	1861.58	1860.68
2002	 1	30	24	1543.59	1514.33	1533.26
2002	 1	31	24	1164.71	1175.69	1168.58
2002	 2	 1	24	1295.34	1238.40	1275.23
2002	 2	 2	24	1697.18	1671.69	1688.18
2002	 2	 3	24	1907.37	1854.58	1888.73
2002	 2	 4	24	1774.82	1758.36	1769.01
2002	 2	 5	24	1317.57	1359.55	1332.40
2002	 2	 6	24	757.27	637.72	715.06
2002	 2	 7	24	1075.86	1028.10	1059.00
2002	 2	 8	24	498.13	545.46	514.84
2002	 2	 9	24	796.23	675.27	753.52
2002	 2	10	24	885.08	815.38	860.47
2002	 2	11	24	511.37	397.90	471.30
2002	 2	12	24	778.37	723.09	758.85
2002	 2	13	24	547.81	466.60	519.13
2002	 2	14	24	1619.73	1372.07	1532.28
2002	 2	15	24	2708.52	2660.75	2691.65
2002	 2	16	24	2774.26	2705.83	2750.10
2002	 2	17	24	2550.05	2515.21	2537.75
2002	 2	18	24	1487.23	1318.24	1427.56
2002	 2	19	24	1137.63	972.89	1079.46
2002	 2	20	24	992.52	1070.50	1020.05
2002	 2	21	24	341.73	505.45	399.54
2002	 2	22	24	644.77	692.96	661.79
2002	 2	23	24	1342.36	1442.93	1377.88
2002	 2	24	24	1390.97	1384.42	1388.66
2002	 2	25	24	847.32	1165.36	959.62
2002	 2	26	24	1061.04	944.00	1019.71
2002	 2	27	24	2398.07	2317.52	2369.62
2002	 2	28	24	2559.58	2688.60	2605.14
2002	 3	 1	24	2501.14	2382.65	2459.30
2002	 3	 2	24	1180.33	1416.55	1263.74
2002	 3	 3	24	957.80	1101.45	1008.52
2002	 3	 4	24	1283.50	1447.52	1341.42
2002	 3	 5	24	3528.48	3513.26	3523.10
2002	 3	 6	24	3055.22	3012.71	3040.21
2002	 3	 7	24	1024.39	1115.17	1056.45
2002	 3	 8	24	3330.79	3197.91	3283.87
2002	 3	 9	24	2515.81	2440.84	2489.34
2002	 3	10	24	2762.51	2822.72	2783.77
2002	 3	11	24	4129.82	4052.66	4102.57
2002	 3	12	24	2895.08	2979.32	2924.83
2002	 3	13	24	3088.30	3072.61	3082.76
2002	 3	14	24	888.71	1012.65	932.47
2002	 3	15	24	844.13	977.66	891.28
2002	 3	16	24	1809.08	1858.32	1826.46
2002	 3	17	24	3435.21	2214.67	3004.22
2002	 3	18	24	3699.54	3112.73	3492.34
2002	 3	19	24	1640.39	1451.67	1573.75
2002	 3	20	24	793.35	639.31	738.95
2002	 3	21	24	1090.77	979.01	1051.31
2002	 3	22	24	1640.99	1870.77	1722.13
2002	 3	23	24	926.51	1320.26	1065.55
2002	 3	24	24	961.46	1394.03	1114.20
2002	 3	25	24	966.81	1264.62	1071.97
2002	 3	26	24	1282.83	1576.75	1386.62
2002	 3	27	24	2535.71	2842.22	2643.94
2002	 3	28	24	5506.88	5127.47	5372.91
2002	 3	29	24	5064.15	4993.26	5039.12
2002	 3	30	24	5304.89	5234.58	5280.06
2002	 3	31	24	3830.09	3855.74	3839.15
2002	 4	 1	24	3869.13	3653.41	3792.96
2002	 4	 2	24	4936.39	4757.98	4873.39
2002	 4	 3	24	5447.80	5352.16	5414.03
2002	 4	 4	24	5771.20	5613.34	5715.46
2002	 4	 5	24	3744.28	3827.13	3773.54
2002	 4	 6	24	2807.86	2919.61	2847.32
2002	 4	 7	24	5273.36	5212.78	5251.97
2002	 4	 8	24	5398.98	5413.88	5404.24
2002	 4	 9	24	3499.60	3070.03	3347.91
2002	 4	10	24	3348.96	3296.89	3330.57
2002	 4	11	24	1037.26	831.24	964.51
2002	 4	12	24	770.32	734.37	757.62
2002	 4	13	24	880.28	987.00	917.96
2002	 4	14	24	548.46	472.20	521.53
2002	 4	15	24	936.58	1125.72	1003.37
2002	 4	16	24	3316.78	3262.92	3297.76
2002	 4	17	24	3657.32	3424.43	3575.09
2002	 4	18	24	2752.46	2842.57	2784.28
2002	 4	19	24	4346.03	4463.65	4387.56
2002	 4	20	24	2505.47	2606.21	2541.04
2002	 4	21	24	4282.14	4773.68	4455.71
2002	 4	22	24	2338.46	2214.74	2294.77
2002	 4	23	24	3722.66	3609.71	3682.78
2002	 4	24	24	2131.71	2263.49	2178.25
2002	 4	25	24	2346.22	2108.26	2262.19
2002	 4	26	24	3521.83	3181.14	3401.53
2002	 4	27	24	3821.42	3665.48	3766.36
2002	 4	28	24	3809.49	3355.17	3649.07
2002	 4	29	24	3444.08	3317.84	3399.50
2002	 4	30	24	4850.15	4407.48	4693.83
2002	 5	 1	24	5532.25	5399.03	5485.21
2002	 5	 2	24	5366.17	5639.63	5462.73
2002	 5	 3	24	3221.53	4216.54	3572.88
2002	 5	 4	24	2599.75	3426.86	2891.81
2002	 5	 5	24	1265.15	1331.67	1288.64
2002	 5	 6	24	2671.95	2664.36	2669.27
2002	 5	 7	24	4884.33	4918.62	4896.44
2002	 5	 8	24	6276.35	6255.93	6269.14
2002	 5	 9	24	6846.85	6427.19	6698.66
2002	 5	10	24	4391.00	4383.65	4388.41
2002	 5	11	24	2626.96	2203.08	2477.28
2002	 5	12	24	2152.96	2173.90	2160.35
2002	 5	13	24	2984.12	3150.95	3043.03
2002	 5	14	24	6038.58	5798.61	5953.85
2002	 5	15	24	4858.79	5104.88	4945.69
2002	 5	16	24	7527.96	7509.70	7521.51
2002	 5	17	24	7038.18	6866.60	6977.59
2002	 5	18	24	6756.07	6397.27	6629.38
2002	 5	19	24	951.28	901.63	933.75
2002	 5	20	24	4447.17	4257.08	4380.05
2002	 5	21	24	6858.44	6581.46	6760.63
2002	 5	22	24	6859.82	6287.59	6657.76
2002	 5	23	24	5434.89	5299.94	5387.24
2002	 5	24	24	2094.79	1852.82	2009.35
2002	 5	25	24	2608.27	3023.80	2755.00
2002	 5	26	24	925.76	913.36	921.38
2002	 5	27	24	4077.96	3867.51	4003.65
2002	 5	28	24	1075.27	993.40	1046.36
2002	 5	29	24	6829.15	6578.72	6740.72
2002	 5	30	24	6866.70	6452.54	6720.46
2002	 5	31	24	4837.20	4076.36	4568.54
2002	 6	 1	24	6212.42	6476.72	6305.75
2002	 6	 2	24	7430.53	7343.34	7399.74
2002	 6	 3	24	6870.65	6734.82	6822.69
2002	 6	 4	24	7280.46	7070.37	7206.27
2002	 6	 5	24	5979.19	5769.90	5905.29
2002	 6	 6	24	729.66	656.81	703.94
2002	 6	 7	24	1139.93	1103.71	1127.14
2002	 6	 8	24	1037.37	1046.58	1040.62
2002	 6	 9	24	2561.13	2338.41	2482.49
2002	 6	10	24	3632.67	3566.70	3609.37
2002	 6	11	24	5094.21	4861.43	5012.01
2002	 6	12	24	5123.50	5045.40	5095.92
2002	 6	13	24	3862.83	3741.69	3820.06
2002	 6	14	24	3050.79	2957.21	3017.75
2002	 6	15	24	3348.00	3232.09	3307.07
2002	 6	16	24	4931.11	4843.44	4900.15
2002	 6	17	24	7419.12	7106.36	7308.68
2002	 6	18	24	8219.16	7930.60	8117.27
2002	 6	19	24	5441.49	6137.05	5687.10
2002	 6	20	24	7594.97	7330.85	7501.71
2002	 6	21	24	3951.74	3833.60	3910.02
2002	 6	22	24	6568.47	6167.88	6427.02
2002	 6	23	24	5790.09	6295.23	5968.46
2002	 6	24	24	3715.04	3700.33	3709.85
2002	 6	25	24	6795.03	6784.44	6791.29
2002	 6	26	24	6669.13	6512.04	6613.66
2002	 6	27	24	6702.84	6518.28	6637.67
2002	 6	28	24	5614.46	5500.03	5574.05
2002	 6	29	24	5399.57	5222.48	5337.04
2002	 6	30	24	5281.60	4827.41	5121.22
2002	 7	 1	24	4684.43	4417.25	4590.09
2002	 7	 2	24	1308.57	1000.35	1199.74
2002	 7	 3	24	6844.46	6367.35	6675.98
2002	 7	 4	24	3286.72	3199.61	3255.96
2002	 7	 5	24	7369.77	7291.36	7342.08
2002	 7	 6	24	6160.42	5929.75	6078.97
2002	 7	 7	24	5300.90	4868.04	5148.05
2002	 7	 8	24	7670.41	7596.82	7644.42
2002	 7	 9	24	8160.64	7951.45	8086.77
2002	 7	10	24	6737.15	6570.37	6678.26
2002	 7	11	24	4287.55	3916.93	4156.68
2002	 7	12	24	7006.00	7032.45	7015.34
2002	 7	13	24	4931.43	4619.77	4821.38
2002	 7	14	24	3718.30	3847.53	3763.93
2002	 7	15	24	1246.71	1493.18	1333.74
2002	 7	16	24	1741.09	1825.09	1770.75
2002	 7	17	24	1306.67	1244.54	1284.73
2002	 7	18	24	1810.19	1736.81	1784.28
2002	 7	19	24	4538.84	4018.30	4355.03
2002	 7	20	24	3443.50	3549.99	3481.10
2002	 7	21	24	6131.38	5924.76	6058.42
2002	 7	22	24	4009.99	3942.16	3986.04
2002	 7	23	24	3452.76	3307.15	3401.34
2002	 7	24	24	3888.83	4018.06	3934.46
2002	 7	25	24	3687.68	4192.28	3865.86
2002	 7	26	24	1924.64	1790.26	1877.19
2002	 7	27	24	2310.94	1996.99	2200.08
2002	 7	28	24	7618.47	7450.18	7559.04
2002	 7	29	24	6892.86	6503.92	6755.52
2002	 7	30	24	6815.79	6492.75	6701.72
2002	 7	31	24	4661.02	4751.33	4692.91
2002	 8	 1	24	3525.48	3837.69	3635.72
2002	 8	 2	24	3981.91	3615.62	3852.57
2002	 8	 3	24	5239.25	4937.35	5132.65
2002	 8	 4	24	3419.40	3379.68	3405.37
2002	 8	 5	24	3348.08	3345.36	3347.12
2002	 8	 6	24	3551.13	3487.17	3528.55
2002	 8	 7	24	3057.08	3113.66	3077.06
2002	 8	 8	24	3198.80	2956.21	3113.14
2002	 8	 9	24	4815.31	4866.53	4833.40
2002	 8	10	24	5649.34	4906.28	5386.96
2002	 8	11	24	2938.70	2636.35	2831.94
2002	 8	12	24	354.48	378.85	363.08
2002	 8	13	24	370.40	331.51	356.66
2002	 8	14	24	945.39	1074.81	991.09
2002	 8	15	24	3851.43	3681.07	3791.28
2002	 8	16	24	4112.19	3861.63	4023.71
2002	 8	17	24	4021.57	3725.09	3916.88
2002	 8	18	24	5404.40	5628.31	5483.46
2002	 8	19	24	5926.59	6071.23	5977.67
2002	 8	20	24	6320.45	6127.24	6252.22
2002	 8	21	24	5478.37	5133.08	5356.45
2002	 8	22	24	5635.56	5691.31	5655.24
2002	 8	23	24	5731.31	5555.91	5669.37
2002	 8	24	24	5371.89	5229.81	5321.72
2002	 8	25	24	4452.72	4491.79	4466.52
2002	 8	26	24	5226.33	4987.77	5142.09
2002	 8	27	24	5573.29	5431.83	5523.34
2002	 8	28	24	4224.39	3289.28	3894.19
2002	 8	29	24	4295.93	4547.51	4384.77
2002	 8	30	24	3173.28	3127.69	3157.18
2002	 8	31	24	2767.35	2777.41	2770.90
2002	 9	 1	24	2197.39	2126.04	2172.20
2002	 9	 2	24	5287.79	5280.01	5285.05
2002	 9	 3	24	4066.28	3684.53	3931.48
2002	 9	 4	24	5323.14	5145.75	5260.51
2002	 9	 5	24	1784.44	1692.44	1751.96
2002	 9	 6	24	3940.44	3973.55	3952.13
2002	 9	 7	24	3832.88	4776.08	4165.93
2002	 9	 8	24	5151.97	5037.08	5111.40
2002	 9	 9	24	4726.56	4477.08	4638.47
2002	 9	10	24	4333.39	4175.48	4277.63
2002	 9	11	24	2438.38	2537.79	2473.48
2002	 9	12	24	5227.28	5095.35	5180.70
2002	 9	13	24	4982.51	4892.47	4950.72
2002	 9	14	24	2751.91	2738.88	2747.31
2002	 9	15	24	1536.10	1519.18	1530.13
2002	 9	16	24	2234.36	2212.77	2226.74
2002	 9	17	24	1302.12	1156.34	1250.64
2002	 9	18	24	2030.35	2035.34	2032.11
2002	 9	19	24	2881.36	2483.22	2740.77
2002	 9	20	24	1911.53	1828.44	1882.19
2002	 9	21	24	1598.95	1625.69	1608.39
2002	 9	22	24	1944.50	1817.65	1899.71
2002	 9	23	24	828.79	947.41	870.68
2002	 9	24	24	2376.21	2408.96	2387.77
2002	 9	25	24	1275.31	1213.98	1253.65
2002	 9	26	24	595.69	647.13	613.86
2002	 9	27	24	1770.67	1954.39	1835.54
2002	 9	28	24	2540.91	2355.56	2475.46
2002	 9	29	24	1834.35	1752.94	1805.60
2002	 9	30	24	2012.58	2037.28	2021.30
2002	10	 1	24	3171.97	2922.49	3083.88
2002	10	 2	24	3270.01	3284.70	3275.20
2002	10	 3	24	2392.15	2284.84	2354.26
2002	10	 4	24	1716.97	1501.67	1640.95
2002	10	 5	24	1789.96	1726.36	1767.50
2002	10	 6	24	1053.28	998.59	1033.97
2002	10	 7	24	1196.55	1223.51	1206.07
2002	10	 8	24	1075.77	838.96	992.15
2002	10	 9	24	915.77	866.74	898.46
2002	10	10	24	766.02	786.75	773.34
2002	10	11	24	1266.83	1139.68	1221.93
2002	10	12	24	802.32	978.07	864.38
2002	10	13	24	561.45	496.06	538.36
2002	10	14	24	1320.66	927.03	1181.67
2002	10	15	24	1782.70	1666.14	1741.54
2002	10	16	24	680.80	638.34	665.81
2002	10	17	24	688.16	629.22	667.35
2002	10	18	24	960.24	878.96	931.54
2002	10	19	24	1010.78	889.31	967.89
2002	10	20	24	2382.53	1997.12	2246.44
2002	10	21	24	838.90	730.92	800.77
2002	10	22	24	701.03	593.49	663.05
2002	10	23	24	1158.88	986.36	1097.96
2002	10	24	24	1646.04	1322.89	1531.93
2002	10	25	24	1388.93	799.93	1180.95
2002	10	26	24	1449.85	1528.17	1477.50
2002	10	27	24	340.00	253.38	309.41
2002	10	28	24	1166.10	1151.58	1160.97
2002	10	29	24	1377.46	1163.00	1301.73
2002	10	30	24	262.78	286.70	271.23
2002	10	31	24	1840.84	1598.23	1755.17
2002	11	 1	24	1634.06	1568.60	1610.94
2002	11	 2	24	314.10	293.43	306.80
2002	11	 3	24	864.98	625.39	780.38
2002	11	 4	24	363.30	406.72	378.63
2002	11	 5	24	1016.38	850.25	957.72
2002	11	 6	24	1985.43	909.44	1605.49
2002	11	 7	24	1185.32	413.30	912.71
2002	11	 8	24	322.91	313.35	319.53
2002	11	 9	24	650.43	626.09	641.84
2002	11	10	24	932.81	988.51	952.48
2002	11	11	24	400.85	405.50	402.50
2002	11	12	24	1653.38	1499.49	1599.04
2002	11	13	24	1055.71	982.49	1029.86
2002	11	14	24	1103.42	744.77	976.78
2002	11	15	24	818.24	699.11	776.17
2002	11	16	24	870.65	780.29	838.74
2002	11	17	24	822.29	777.31	806.41
2002	11	18	24	858.71	803.64	839.26
2002	11	19	24	68.21	66.17	67.49
2002	11	20	24	1343.87	1130.44	1268.50
2002	11	21	24	1218.04	677.72	1027.25
2002	11	22	24	316.05	306.18	312.56
2002	11	23	24	251.16	203.00	234.16
2002	11	24	24	1388.80	1179.28	1314.82
2002	11	25	24	587.29	418.97	527.86
2002	11	26	24	568.83	568.75	568.80
2002	11	27	24	198.23	183.48	193.02
2002	11	28	24	481.36	275.17	408.55
2002	11	29	24	582.13	488.19	548.96
2002	11	30	24	223.73	192.97	212.87
2002	12	 1	24	476.37	430.15	460.05
2002	12	 2	24	461.53	238.47	382.77
2002	12	 3	24	240.73	233.86	238.30
2002	12	 4	24	391.35	354.41	378.31
2002	12	 5	24	376.53	438.07	398.27
2002	12	 6	24	117.09	137.07	124.15
2002	12	 7	24	261.39	354.03	294.10
2002	12	 8	24	1346.58	1206.51	1297.12
2002	12	 9	24	1285.93	1148.81	1237.51
2002	12	10	24	1292.19	1223.64	1267.98
2002	12	11	24	1253.17	1239.28	1248.27
2002	12	12	24	813.78	374.15	658.54
2002	12	13	24	1192.27	864.61	1076.57
2002	12	14	24	298.13	328.32	308.79
2002	12	15	24	185.12	186.72	185.68
2002	12	16	24	152.97	122.72	142.29
2002	12	17	24	155.31	172.21	161.27
2002	12	18	24	257.55	252.35	255.72
2002	12	19	24	567.66	450.69	526.36
2002	12	20	24	880.32	445.78	726.88
2002	12	21	24	170.60	200.66	181.21
2002	12	22	24	271.85	177.15	238.41
2002	12	23	24	221.86	241.37	228.75
2002	12	24	24	295.58	206.30	264.05
2002	12	25	24	669.47	305.88	541.08
2002	12	26	24	662.72	248.87	516.59
2002	12	27	24	305.85	202.55	269.38
2002	12	28	24	404.78	207.78	335.22
2002	12	29	24	525.81	490.28	513.27
2002	12	30	24	292.58	388.51	326.45
2002	12	31	24	207.56	238.18	218.37
2003	 1	 1	24	613.80	435.09	550.70
2003	 1	 2	24	388.13	315.33	362.42
2003	 1	 3	24	120.13	125.04	121.86
2003	 1	 4	24	294.85	350.91	314.65
2003	 1	 5	24	546.44	463.02	516.98
2003	 1	 6	24	305.31	325.55	312.45
2003	 1	 7	24	582.61	558.65	574.15
2003	 1	 8	24	1037.43	855.15	973.07
2003	 1	 9	24	1397.67	1036.21	1270.03
2003	 1	10	24	298.12	359.29	319.72
2003	 1	11	24	326.35	352.54	335.60
2003	 1	12	24	165.53	168.45	166.56
2003	 1	13	24	224.90	223.24	224.31
2003	 1	14	24	200.88	249.56	218.07
2003	 1	15	24	479.03	480.62	479.59
2003	 1	16	24	435.65	427.45	432.76
2003	 1	17	24	1210.54	1229.22	1217.14
2003	 1	18	24	1078.77	854.31	999.51
2003	 1	19	24	1183.32	553.06	960.77
2003	 1	20	24	1290.16	863.21	1139.40
2003	 1	21	24	999.77	447.44	804.74
2003	 1	22	24	863.21	494.29	732.94
2003	 1	23	24	456.62	446.54	453.06
2003	 1	24	24	227.99	284.68	248.01
2003	 1	25	24	805.92	292.96	624.79
2003	 1	26	24	305.80	165.70	256.33
2003	 1	27	24	348.25	341.04	345.70
2003	 1	28	24	530.40	539.21	533.51
2003	 1	29	24	340.44	391.46	358.45
2003	 1	30	24	725.31	603.63	682.34
2003	 1	31	24	512.95	515.51	513.85
2003	 2	 1	24	928.49	636.82	825.50
2003	 2	 2	24	752.67	413.96	633.06
2003	 2	 3	24	916.47	433.43	745.90
2003	 2	 4	24	1471.07	980.84	1297.97
2003	 2	 5	24	1833.59	1478.34	1708.15
2003	 2	 6	24	416.46	548.77	463.18
2003	 2	 7	24	1186.88	859.84	1071.40
2003	 2	 8	24	515.62	891.86	648.48
2003	 2	 9	24	951.03	957.58	953.34
2003	 2	10	24	1509.01	1218.01	1406.26
2003	 2	11	24	2093.86	1383.67	1843.08
2003	 2	12	24	2716.56	2163.18	2521.15
2003	 2	13	24	2623.87	2416.22	2550.54
2003	 2	14	24	2547.92	2558.29	2551.58
2003	 2	15	24	479.14	704.79	558.82
2003	 2	16	24	667.89	1054.77	804.50
2003	 2	17	24	2101.58	1308.68	1821.60
2003	 2	18	24	1318.12	1429.49	1357.45
2003	 2	19	24	1330.22	2191.03	1634.18
2003	 2	20	24	2654.43	2720.22	2677.66
2003	 2	21	24	3093.01	2894.06	3022.76
2003	 2	22	24	3004.47	2340.89	2770.15
2003	 2	23	24	3199.26	3068.42	3153.06
2003	 2	24	24	3282.91	3085.05	3213.04
2003	 2	25	24	3363.07	3138.01	3283.60
2003	 2	26	24	3352.60	3193.96	3296.58
2003	 2	27	24	3193.04	3018.92	3131.56
2003	 2	28	24	2321.78	1776.17	2129.12
2003	 3	 1	24	1655.95	1653.17	1654.97
2003	 3	 2	24	1015.17	1109.94	1048.64
2003	 3	 3	24	995.87	1126.49	1041.99
2003	 3	 4	24	1194.37	1384.60	1261.54
2003	 3	 5	24	2523.24	1892.63	2300.57
2003	 3	 6	24	3067.50	2513.54	2871.89
2003	 3	 7	24	726.14	970.33	812.36
2003	 3	 8	24	2952.16	2544.16	2808.09
2003	 3	 9	24	664.40	481.80	599.92
2003	 3	10	24	3987.67	3781.47	3914.86
2003	 3	11	24	1788.89	1625.11	1731.06
2003	 3	12	24	1303.98	1170.09	1256.70
2003	 3	13	24	2176.38	2358.19	2240.58
2003	 3	14	24	781.51	1104.13	895.43
2003	 3	15	24	2246.99	2408.97	2304.18
2003	 3	16	24	4172.07	3888.49	4071.94
2003	 3	17	24	2549.12	2341.27	2475.72
2003	 3	18	24	3587.86	3385.96	3516.57
2003	 3	19	24	4482.19	4255.62	4402.19
2003	 3	20	24	666.69	818.80	720.40
2003	 3	21	24	4419.46	4188.00	4337.73
2003	 3	22	24	4788.27	4644.36	4737.45
2003	 3	23	24	4860.30	4732.05	4815.01
2003	 3	24	24	4995.04	4843.62	4941.57
2003	 3	25	24	4013.07	3982.28	4002.20
2003	 3	26	24	4020.78	4265.31	4107.12
2003	 3	27	24	4406.54	4326.14	4378.15
2003	 3	28	24	4772.46	4669.27	4736.02
2003	 3	29	24	4867.39	4667.65	4796.86
2003	 3	30	24	2785.97	2708.91	2758.76
2003	 3	31	24	3393.55	3154.41	3309.11
2003	 4	 1	24	5117.60	4916.60	5046.62
2003	 4	 2	24	1898.07	1756.15	1847.96
2003	 4	 3	24	1893.42	1696.32	1823.82
2003	 4	 4	24	5359.72	5091.87	5265.14
2003	 4	 5	24	1788.48	1761.71	1779.03
2003	 4	 6	24	2901.57	2971.08	2926.12
2003	 4	 7	24	1834.72	2505.60	2071.61
2003	 4	 8	24	3109.98	3346.51	3193.50
2003	 4	 9	24	3972.64	3999.62	3982.17
2003	 4	10	24	4144.71	4200.28	4164.33
2003	 4	11	24	2114.67	2057.12	2094.35
2003	 4	12	24	5960.47	5705.66	5870.49
2003	 4	13	24	5636.94	5542.28	5603.51
2003	 4	14	24	6172.07	6024.65	6120.01
2003	 4	15	24	5997.40	5866.81	5951.29
2003	 4	16	24	6094.49	5921.08	6033.26
2003	 4	17	24	6252.48	6132.72	6210.19
2003	 4	18	24	1797.48	2297.23	1973.95
2003	 4	19	24	969.72	1034.28	992.52
2003	 4	20	24	6338.06	6138.33	6267.53
2003	 4	21	24	6235.84	6091.11	6184.73
2003	 4	22	24	6293.53	6348.25	6312.85
2003	 4	23	24	5789.90	5828.85	5803.65
2003	 4	24	24	5661.16	5695.73	5673.37
2003	 4	25	24	4362.75	4375.02	4367.08
2003	 4	26	24	5207.37	5227.28	5214.40
2003	 4	27	24	3509.03	3517.85	3512.15
2003	 4	28	24	3463.34	2977.16	3291.67
2003	 4	29	24	3071.65	3073.63	3072.35
2003	 4	30	24	3681.90	3685.11	3683.03
2003	 5	 1	24	5640.73	5667.81	5650.30
2003	 5	 2	24	5985.09	5694.59	5882.51
2003	 5	 3	24	3188.90	3114.55	3162.65
2003	 5	 4	24	7449.17	7508.84	7470.24
2003	 5	 5	24	7433.31	7491.76	7453.95
2003	 5	 6	24	6457.12	6493.82	6470.08
2003	 5	 7	24	6712.41	6569.10	6661.80
2003	 5	 8	24	6402.91	6435.52	6414.42
2003	 5	 9	24	2711.38	2713.36	2712.08
2003	 5	10	24	1880.69	1882.73	1881.41
2003	 5	11	24	2964.36	2970.85	2966.65
2003	 5	12	24	4619.02	4625.68	4621.37
2003	 5	13	24	2640.03	2640.25	2640.11
2003	 5	14	24	5780.62	5797.52	5786.58
2003	 5	15	24	3477.00	3480.95	3478.40
2003	 5	16	24	5402.28	5918.60	5584.60
2003	 5	17	24	6271.20	6293.13	6278.94
2003	 5	18	24	5017.10	5027.57	5020.80
2003	 5	19	24	3357.75	3359.52	3358.38
2003	 5	20	24	4025.50	4030.01	4027.10
2003	 5	21	24	5505.03	5518.57	5509.81
2003	 5	22	24	4195.14	4203.99	4198.27
2003	 5	23	24	4198.91	4204.05	4200.73
2003	 5	24	24	7813.48	7860.68	7830.15
2003	 5	25	24	5938.76	5958.81	5945.84
2003	 5	26	24	1606.69	1610.23	1607.94
2003	 5	27	24	3005.15	3384.86	3139.23
2003	 5	28	24	5749.96	5231.29	5566.81
2003	 5	29	24	7848.53	7892.11	7863.92
2003	 5	30	24	8512.57	8563.37	8530.51
2003	 5	31	24	3830.08	3833.93	3831.44
2003	 6	 1	24	6767.25	6752.23	6761.95
2003	 6	 2	24	7915.95	7799.31	7874.76
2003	 6	 3	24	7763.38	7797.89	7775.57
2003	 6	 4	24	8199.96	8245.52	8216.05
2003	 6	 5	24	4854.79	4861.54	4857.17
2003	 6	 6	24	2342.26	2341.43	2341.97
2003	 6	 7	24	7474.55	6964.87	7294.58
2003	 6	 8	24	8176.12	8219.55	8191.46
2003	 6	 9	24	7581.18	7613.57	7592.62
2003	 6	10	24	8074.65	8114.92	8088.87
2003	 6	11	24	3851.72	3855.29	3852.98
2003	 6	12	24	7336.05	7520.98	7401.35
2003	 6	13	24	4093.54	4099.76	4095.74
2003	 6	14	24	6432.62	6452.00	6439.47
2003	 6	15	24	8034.43	7673.61	7907.02
2003	 6	16	24	7140.09	7546.69	7283.66
2003	 6	17	24	7529.89	7523.62	7527.68
2003	 6	18	24	3717.51	3718.19	3717.75
2003	 6	19	24	2508.92	2509.95	2509.28
2003	 6	20	24	5615.37	5626.95	5619.46
2003	 6	21	24	6361.07	6288.54	6335.46
2003	 6	22	24	7523.37	7552.87	7533.78
2003	 6	23	24	6619.31	6637.80	6625.84
2003	 6	24	24	7692.76	7724.16	7703.85
2003	 6	25	24	6540.74	6558.88	6547.14
2003	 6	26	24	5151.62	5159.89	5154.54
2003	 6	27	24	6271.50	6290.08	6278.06
2003	 6	28	24	6154.92	6173.34	6161.42
2003	 6	29	24	5248.61	5258.10	5251.96
2003	 6	30	24	6812.77	6831.94	6819.54
2003	 7	 1	24	808.36	808.35	808.36
2003	 7	 2	24	5499.71	5014.01	5328.20
2003	 7	 3	24	3432.65	3051.44	3298.04
2003	 7	 4	24	4448.31	3712.00	4188.31
2003	 7	 5	24	1146.32	1148.04	1146.93
2003	 7	 6	24	2475.02	2475.66	2475.25
2003	 7	 7	24	3846.27	3850.28	3847.69
2003	 7	 8	24	5019.50	5026.61	5022.01
2003	 7	 9	24	3722.35	3725.84	3723.58
2003	 7	10	24	4468.44	4473.88	4470.36
2003	 7	11	24	6650.75	6198.44	6491.03
2003	 7	12	24	4774.72	4783.71	4777.89
2003	 7	13	24	4290.78	4295.91	4292.59
2003	 7	14	24	7984.94	8028.96	8000.48
2003	 7	15	24	7177.76	7209.53	7188.98
2003	 7	16	24	8108.19	8153.34	8124.13
2003	 7	17	24	3214.47	3216.75	3215.27
2003	 7	18	24	5766.73	5780.99	5771.77
2003	 7	19	24	7240.98	7550.97	7350.44
2003	 7	20	24	8102.44	8152.76	8120.21
2003	 7	21	24	6616.08	6641.89	6625.19
2003	 7	22	24	4725.63	4735.97	4729.28
2003	 7	23	24	4012.73	4017.22	4014.32
2003	 7	24	24	6690.98	6717.91	6700.49
2003	 7	25	24	4549.10	4556.09	4551.57
2003	 7	26	24	3982.32	3592.39	3844.63
2003	 7	27	24	6588.30	6616.58	6598.29
2003	 7	28	24	2751.77	2753.44	2752.36
2003	 7	29	24	4471.98	4477.50	4473.93
2003	 7	30	24	7580.21	7631.04	7598.16
2003	 7	31	24	3890.96	3895.99	3892.73
2003	 8	 1	24	5445.99	5463.60	5452.21
2003	 8	 2	24	5313.83	5330.47	5319.70
2003	 8	 3	24	5152.14	5168.23	5157.82
2003	 8	 4	24	6756.25	6294.60	6593.24
2003	 8	 5	24	6477.45	6307.26	6417.36
2003	 8	 6	24	6465.65	6500.91	6478.10
2003	 8	 7	24	7139.19	7191.72	7157.74
2003	 8	 8	24	6686.24	6728.87	6701.29
2003	 8	 9	24	6965.23	7016.13	6983.20
2003	 8	10	24	7077.15	7132.95	7096.85
2003	 8	11	24	7261.61	7321.71	7282.83
2003	 8	12	24	6690.73	6739.44	6707.93
2003	 8	13	24	5189.27	5211.45	5197.10
2003	 8	14	24	4127.81	4134.97	4130.34
2003	 8	15	24	5703.61	5735.10	5714.73
2003	 8	16	24	6526.30	6330.28	6457.08
2003	 8	17	24	6667.63	6724.98	6687.88
2003	 8	18	24	3875.85	3882.50	3878.20
2003	 8	19	24	2426.57	2428.87	2427.38
2003	 8	20	24	3632.50	3641.72	3635.76
2003	 8	21	24	4551.91	4782.70	4633.40
2003	 8	22	24	6246.00	5974.61	6150.17
2003	 8	23	24	3454.78	3458.90	3456.23
2003	 8	24	24	2821.06	2823.08	2821.77
2003	 8	25	24	4947.44	4976.99	4957.87
2003	 8	26	24	5990.04	6044.75	6009.36
2003	 8	27	24	3089.33	3085.73	3088.06
2003	 8	28	24	4144.83	4160.53	4150.38
2003	 8	29	24	4170.16	4185.51	4175.58
2003	 8	30	24	2363.63	2043.29	2250.51
2003	 8	31	24	3766.26	3776.66	3769.93
2003	 9	 1	24	3986.93	4002.03	3992.26
2003	 9	 2	24	3193.12	3199.16	3195.25
2003	 9	 3	24	4132.74	4153.82	4140.18
2003	 9	 4	24	2209.46	2210.91	2209.97
2003	 9	 5	24	4089.04	4110.47	4096.60
2003	 9	 6	24	5504.32	5568.05	5526.82
2003	 9	 7	24	4852.57	4895.15	4867.61
2003	 9	 8	24	4229.25	4255.35	4238.47
2003	 9	 9	24	2419.35	2069.14	2295.69
2003	 9	10	24	2237.67	2254.78	2243.71
2003	 9	11	24	1395.86	1606.69	1470.31
2003	 9	12	24	2482.44	2544.11	2504.22
2003	 9	13	24	1860.24	1905.99	1876.40
2003	 9	14	24	1686.78	1687.80	1687.14
2003	 9	15	24	5094.34	5166.82	5119.93
2003	 9	16	24	4001.10	4033.02	4012.37
2003	 9	17	24	4676.18	4735.08	4696.98
2003	 9	18	24	4786.12	4854.73	4810.35
2003	 9	19	24	4875.15	4948.83	4901.16
2003	 9	20	24	4714.42	4786.04	4739.71
2003	 9	21	24	4666.90	4739.47	4692.53
2003	 9	22	24	4508.85	4576.61	4532.77
2003	 9	23	24	1577.50	1577.97	1577.66
2003	 9	24	24	3117.84	3292.77	3179.61
2003	 9	25	24	4399.66	4472.68	4425.45
2003	 9	26	24	4544.59	4621.92	4571.90
2003	 9	27	24	3513.39	3548.33	3525.73
2003	 9	28	24	3062.67	3083.56	3070.05
2003	 9	29	24	2371.44	2381.11	2374.85
2003	 9	30	24	1982.44	1985.85	1983.65
2003	10	 1	24	3226.30	2613.24	3009.82
2003	10	 2	24	558.32	559.08	558.59
2003	10	 3	24	1514.19	1515.53	1514.66
2003	10	 4	24	1465.31	1466.74	1465.81
2003	10	 5	24	538.79	539.05	538.89
2003	10	 6	24	1862.59	1868.93	1864.83
2003	10	 7	24	1426.09	1427.64	1426.64
2003	10	 8	24	754.04	756.69	754.97
2003	10	 9	24	1345.06	1298.53	1328.63
2003	10	10	24	480.86	460.42	473.64
2003	10	11	24	1359.30	1129.36	1278.11
2003	10	12	24	2597.19	2626.92	2607.69
2003	10	13	24	2993.88	3045.76	3012.20
2003	10	14	24	1803.18	2282.92	1972.58
2003	10	15	24	1301.87	1237.23	1279.05
2003	10	16	24	1558.09	1628.72	1583.03
2003	10	17	24	2798.99	2555.02	2712.84
2003	10	18	24	3251.11	3355.92	3288.12
2003	10	19	24	2329.56	2359.97	2340.30
2003	10	20	24	585.76	586.28	585.94
2003	10	21	24	294.65	295.02	294.78
2003	10	22	24	258.82	259.27	258.98
2003	10	23	24	1383.80	1392.04	1386.71
2003	10	24	24	661.71	663.68	662.40
2003	10	25	24	1362.00	1407.03	1377.90
2003	10	26	24	392.08	446.65	411.35
2003	10	27	24	1231.06	1509.41	1329.35
2003	10	28	24	2880.66	2962.55	2909.58
2003	10	29	24	2152.88	2195.38	2167.89
2003	10	30	24	1422.42	1430.53	1425.28
2003	10	31	24	1888.20	1706.77	1824.14
2003	11	 1	24	634.30	619.51	629.08
2003	11	 2	24	1867.67	1900.71	1879.33
2003	11	 3	24	720.43	720.34	720.39
2003	11	 4	24	1712.15	1739.56	1721.83
2003	11	 5	24	2112.15	2179.78	2136.03
2003	11	 6	24	1897.50	1945.02	1914.28
2003	11	 7	24	215.38	215.57	215.44
2003	11	 8	24	1315.43	1330.83	1320.87
2003	11	 9	24	2023.58	2095.22	2048.88
2003	11	10	24	1635.82	1671.40	1648.39
2003	11	11	24	2057.88	2132.51	2084.23
2003	11	12	24	1875.68	1945.00	1900.16
2003	11	13	24	1752.82	1778.49	1761.88
2003	11	14	24	1734.97	1024.92	1484.24
2003	11	15	24	1488.14	1522.68	1500.34
2003	11	16	24	1659.65	1715.72	1679.45
2003	11	17	24	161.38	162.09	161.63
2003	11	18	24	256.22	257.23	256.58
2003	11	19	24	938.71	811.86	893.92
2003	11	20	24	669.14	670.50	669.62
2003	11	21	24	1356.94	1391.89	1369.28
2003	11	22	24	1177.84	1198.81	1185.25
2003	11	23	24	1153.13	1174.43	1160.65
2003	11	24	24	1160.32	1101.84	1139.67
2003	11	25	24	942.67	952.86	946.27
2003	11	26	24	1146.10	1170.01	1154.54
2003	11	27	24	606.52	608.82	607.33
2003	11	28	24	134.50	134.50	134.50
2003	11	29	24	138.20	138.20	138.20
2003	11	30	24	1389.83	1452.03	1411.79
2003	12	 1	24	1349.61	1408.04	1370.24
2003	12	 2	24	1044.89	1067.05	1052.71
2003	12	 3	24	1088.10	1115.44	1097.76
2003	12	 4	24	234.00	234.00	234.00
2003	12	 5	24	194.60	194.60	194.60
2003	12	 6	24	977.03	999.73	985.05
2003	12	 7	24	1051.27	1079.87	1061.37
2003	12	 8	24	1394.89	1462.08	1418.61
2003	12	 9	24	1237.99	1235.24	1237.02
2003	12	10	24	1250.29	1311.61	1271.94
2003	12	11	24	1218.21	1275.12	1238.31
2003	12	12	24	162.10	162.15	162.12
2003	12	13	24	237.30	237.31	237.30
2003	12	14	24	216.69	216.80	216.73
2003	12	15	24	252.60	252.66	252.62
2003	12	16	24	179.96	181.33	180.44
2003	12	17	24	215.00	216.10	215.39
2003	12	18	24	1456.89	1529.88	1482.66
2003	12	19	24	1179.47	1236.97	1199.78
2003	12	20	24	352.43	352.29	352.38
2003	12	21	24	443.49	444.49	443.85
2003	12	22	24	304.51	304.88	304.64
2003	12	23	24	1740.50	1829.14	1771.80
2003	12	24	24	1242.83	1306.02	1265.14
2003	12	25	24	362.71	362.59	362.67
2003	12	26	24	389.05	389.51	389.21
2003	12	27	24	409.80	409.98	409.87
2003	12	28	24	755.02	763.14	757.89
2003	12	29	24	463.55	464.21	463.79
2003	12	30	24	433.50	571.63	482.28
2003	12	31	24	307.20	452.51	358.51
2004	 1	 1	24	603.77	989.27	739.89
2004	 1	 2	24	597.90	609.13	601.86
2004	 1	 3	24	633.78	633.36	633.63
2004	 1	 4	24	577.82	582.55	579.49
2004	 1	 5	24	807.27	846.77	821.21
2004	 1	 6	24	1094.00	1164.33	1118.83
2004	 1	 7	24	408.61	410.19	409.17
2004	 1	 8	24	1156.94	1184.59	1166.70
2004	 1	 9	24	434.53	444.36	438.00
2004	 1	10	24	404.41	415.56	408.35
2004	 1	11	24	634.83	627.64	632.29
2004	 1	12	24	1124.96	1149.19	1133.51
2004	 1	13	24	330.48	335.09	332.10
2004	 1	14	24	968.66	1003.66	981.02
2004	 1	15	24	493.95	504.96	497.84
2004	 1	16	24	355.71	352.95	354.74
2004	 1	17	24	667.31	663.62	666.01
2004	 1	18	24	443.17	450.81	445.86
2004	 1	19	24	579.36	584.76	581.27
2004	 1	20	24	673.75	683.90	677.33
2004	 1	21	24	644.24	1048.48	786.98
2004	 1	22	24	1077.90	1424.10	1200.14
2004	 1	23	24	1464.82	1484.01	1471.60
2004	 1	24	24	1929.90	2127.55	1999.69
2004	 1	25	24	394.88	577.97	459.53
2004	 1	26	24	1345.78	959.85	1209.51
2004	 1	27	24	370.64	605.32	453.51
2004	 1	28	24	789.84	1109.96	902.87
2004	 1	29	24	590.99	710.97	633.36
2004	 1	30	24	902.29	1108.36	975.05
2004	 1	31	24	1346.28	1368.80	1354.23
2004	 2	 1	24	985.81	974.49	981.81
2004	 2	 2	24	362.68	377.65	367.97
2004	 2	 3	24	817.14	811.44	815.13
2004	 2	 4	24	845.71	816.96	835.55
2004	 2	 5	24	498.10	441.98	478.28
2004	 2	 6	24	952.73	889.00	930.22
2004	 2	 7	24	1418.43	1642.08	1497.41
2004	 2	 8	24	904.03	938.78	916.30
2004	 2	 9	24	630.85	765.50	678.40
2004	 2	10	24	490.11	665.07	551.89
2004	 2	11	24	421.71	717.37	526.11
2004	 2	12	24	1310.09	1389.29	1338.05
2004	 2	13	24	684.86	1040.03	810.28
2004	 2	14	24	577.00	859.64	676.80
2004	 2	15	24	746.89	970.19	825.74
2004	 2	16	24	1182.27	1547.77	1311.33
2004	 2	17	24	1795.92	1704.36	1763.59
2004	 2	18	24	477.01	742.00	570.58
2004	 2	19	24	455.29	739.97	555.81
2004	 2	20	24	3094.71	2944.24	3041.58
2004	 2	21	24	2829.01	2729.30	2793.80
2004	 2	22	24	781.89	772.35	778.52
2004	 2	23	24	445.77	639.16	514.06
2004	 2	24	24	2482.09	2416.30	2458.86
2004	 2	25	24	1023.01	1107.44	1052.83
2004	 2	26	24	1892.18	1676.47	1816.01
2004	 2	27	24	1938.21	2259.51	2051.66
2004	 2	28	24	2004.48	2104.02	2039.63
2004	 2	29	24	651.48	960.25	760.51
2004	 3	 1	24	1710.32	2155.24	1867.42
2004	 3	 2	24	915.74	1339.86	1065.50
2004	 3	 3	24	560.30	910.62	684.00
2004	 3	 4	24	1863.35	2347.22	2034.21
2004	 3	 5	24	3534.86	3780.33	3621.54
2004	 3	 6	24	2618.84	2659.29	2633.12
2004	 3	 7	24	2342.43	2371.17	2352.58
2004	 3	 8	24	1329.56	1729.37	1470.74
2004	 3	 9	24	1397.40	1873.89	1565.65
2004	 3	10	24	954.76	1401.23	1112.41
2004	 3	11	24	2326.65	2126.74	2256.06
2004	 3	12	24	3012.23	1867.75	2608.10
2004	 3	13	24	2871.57	2603.30	2776.84
2004	 3	14	24	2524.90	2563.24	2538.44
2004	 3	15	24	3039.15	2963.70	3012.51
2004	 3	16	24	3004.82	2904.95	2969.56
2004	 3	17	24	4336.88	4260.11	4309.77
2004	 3	18	24	3528.05	3419.22	3489.62
2004	 3	19	24	3152.68	3105.12	3135.89
2004	 3	20	24	1729.36	1556.75	1668.41
2004	 3	21	24	3688.04	4044.71	3813.99
2004	 3	22	24	3454.56	3187.65	3360.31
2004	 3	23	24	2518.03	2394.61	2474.45
2004	 3	24	24	606.96	1088.03	776.83
2004	 3	25	24	741.82	1218.06	909.99
2004	 3	26	24	1647.21	2678.68	2011.44
2004	 3	27	24	2844.37	3246.50	2986.37
2004	 3	28	24	4147.22	4267.19	4189.58
2004	 3	29	24	4929.50	5106.44	4991.98
2004	 3	30	24	5452.09	5610.82	5508.14
2004	 3	31	24	5583.21	5731.75	5635.66
2004	 4	 1	24	3174.94	3128.01	3158.37
2004	 4	 2	24	5137.69	5172.25	5149.89
2004	 4	 3	24	3937.39	3959.08	3945.05
2004	 4	 4	24	3471.79	3483.96	3476.09
2004	 4	 5	24	3132.52	3141.41	3135.66
2004	 4	 6	24	2542.39	2546.11	2543.70
2004	 4	 7	24	3691.79	3705.88	3696.76
2004	 4	 8	24	2945.61	2950.08	2947.19
2004	 4	 9	24	2324.77	2326.12	2325.25
2004	 4	10	24	3773.09	3786.32	3777.76
2004	 4	11	24	4413.08	4436.06	4421.20
2004	 4	12	24	3953.59	3968.90	3958.99
2004	 4	13	24	1360.56	1359.98	1360.35
2004	 4	14	24	6472.52	6543.25	6497.50
2004	 4	15	24	6420.15	6519.24	6455.14
2004	 4	16	24	4171.04	4086.06	4141.03
2004	 4	17	24	4326.39	5314.50	4675.31
2004	 4	18	24	4639.77	4114.28	4454.21
2004	 4	19	24	825.95	867.26	840.54
2004	 4	20	24	2900.32	2981.91	2929.13
2004	 4	21	24	5789.10	6441.41	6019.44
2004	 4	22	24	5772.93	5523.96	5685.01
2004	 4	23	24	4105.60	4497.34	4243.93
2004	 4	24	24	2152.96	4513.71	2986.57
2004	 4	25	24	4232.40	6860.70	5160.48
2004	 4	26	24	2358.30	2239.99	2316.52
2004	 4	27	24	3304.41	3906.33	3516.95
2004	 4	28	24	6085.10	6357.78	6181.39
2004	 4	29	24	6025.67	5963.93	6003.87
2004	 4	30	24	6245.46	6079.29	6186.78
2004	 5	 1	24	4844.67	4657.96	4778.74
2004	 5	 2	24	1112.84	1005.10	1074.80
2004	 5	 3	24	5679.96	5024.27	5448.43
2004	 5	 4	24	3787.57	3722.29	3764.52
2004	 5	 5	24	6201.87	6730.77	6388.63
2004	 5	 6	24	1407.09	1342.38	1384.24
2004	 5	 7	24	2353.47	1871.86	2183.41
2004	 5	 8	24	3771.86	3514.81	3681.09
2004	 5	 9	24	2529.13	2463.22	2505.86
2004	 5	10	24	2691.29	2692.63	2691.76
2004	 5	11	24	5007.67	5021.04	5012.39
2004	 5	12	24	2152.62	2151.50	2152.23
2004	 5	13	24	1287.58	1287.17	1287.43
2004	 5	14	24	5082.39	5262.57	5146.01
2004	 5	15	24	3108.32	2903.88	3036.13
2004	 5	16	24	2843.04	2933.33	2874.92
2004	 5	17	24	2305.30	2410.38	2342.41
2004	 5	18	24	4140.29	3863.65	4042.61
2004	 5	19	24	7739.84	7645.09	7706.38
2004	 5	20	24	4517.05	4775.85	4608.44
2004	 5	21	24	2673.89	3184.43	2854.16
2004	 5	22	24	4101.76	4088.56	4097.10
2004	 5	23	24	1958.79	2977.45	2318.49
2004	 5	24	24	5560.69	6435.63	5869.64
2004	 5	25	24	4446.28	5006.65	4644.16
2004	 5	26	24	2915.30	3863.16	3250.00
2004	 5	27	24	4371.20	4232.27	4322.14
2004	 5	28	24	4702.75	5221.69	4885.99
2004	 5	29	24	7511.92	7312.20	7441.40
2004	 5	30	24	8403.66	8378.10	8394.63
2004	 5	31	24	6422.97	6187.23	6339.73
2004	 6	 1	24	1907.04	1858.37	1889.85
2004	 6	 2	24	1428.71	1913.82	1600.01
2004	 6	 3	24	4752.62	4969.47	4829.20
2004	 6	 4	24	5721.75	5649.98	5696.41
2004	 6	 5	24	2824.10	3317.54	2998.34
2004	 6	 6	24	3612.99	3717.58	3649.92
2004	 6	 7	24	6201.50	4728.08	5681.22
2004	 6	 8	24	7838.66	7869.35	7849.50
2004	 6	 9	24	5983.46	6287.25	6090.73
2004	 6	10	24	6358.84	6389.81	6369.78
2004	 6	11	24	4264.72	3995.05	4169.50
2004	 6	12	24	5075.07	5691.70	5292.81
2004	 6	13	24	3423.05	3427.23	3424.53
2004	 6	14	24	5070.11	5077.16	5072.60
2004	 6	15	24	6402.75	6420.09	6408.88
2004	 6	16	24	4727.62	4732.75	4729.43
2004	 6	17	24	6251.33	6266.99	6256.86
2004	 6	18	24	3809.38	3813.86	3810.96
2004	 6	19	24	3296.43	3296.54	3296.47
2004	 6	20	24	2910.50	2911.71	2910.93
2004	 6	21	24	4773.41	4779.56	4775.58
2004	 6	22	24	4402.76	4406.09	4403.94
2004	 6	23	24	5158.00	5163.21	5159.84
2004	 6	24	24	6888.47	6910.19	6896.14
2004	 6	25	24	5097.02	5104.98	5099.83
2004	 6	26	24	6409.75	6429.00	6416.55
2004	 6	27	24	3439.63	3440.87	3440.07
2004	 6	28	24	5945.43	5960.00	5950.58
2004	 6	29	24	5108.29	5116.59	5111.22
2004	 6	30	24	5565.33	5174.73	5427.40
2004	 7	 1	24	4363.98	4242.34	4321.03
2004	 7	 2	24	5417.40	5358.00	5396.42
2004	 7	 3	24	5141.75	4772.66	5011.42
2004	 7	 4	24	5385.98	4788.67	5175.06
2004	 7	 5	24	5563.87	5179.15	5428.02
2004	 7	 6	24	4657.29	4699.52	4672.20
2004	 7	 7	24	7519.01	7292.36	7438.98
2004	 7	 8	24	6544.72	6975.54	6696.85
2004	 7	 9	24	3974.18	3726.56	3886.75
2004	 7	10	24	5061.30	4764.91	4956.64
2004	 7	11	24	5311.73	4803.60	5132.30
2004	 7	12	24	2944.22	2749.19	2875.36
2004	 7	13	24	1670.48	1528.81	1620.45
2004	 7	14	24	4644.12	4535.52	4605.77
2004	 7	15	24	3125.53	3293.95	3185.00
2004	 7	16	24	4073.01	4262.87	4140.05
2004	 7	17	24	7619.31	7779.18	7675.76
2004	 7	18	24	6423.29	6300.00	6379.75
2004	 7	19	24	5451.05	5311.64	5401.82
2004	 7	20	24	7350.51	7235.04	7309.73
2004	 7	21	24	7078.80	7087.20	7081.76
2004	 7	22	24	2383.84	2692.49	2492.83
2004	 7	23	24	7203.80	7097.43	7166.24
2004	 7	24	24	1927.36	2391.95	2091.41
2004	 7	25	24	6641.20	6774.51	6688.28
2004	 7	26	24	2614.41	2633.58	2621.18
2004	 7	27	24	2973.79	3494.79	3157.76
2004	 7	28	24	5199.23	5557.76	5325.83
2004	 7	29	24	7837.42	7759.74	7809.99
2004	 7	30	24	7425.27	7290.83	7377.80
2004	 7	31	24	5689.64	4986.81	5441.46
2004	 8	 1	24	5674.86	5856.90	5739.14
2004	 8	 2	24	5107.83	5148.84	5122.31
2004	 8	 3	24	6258.36	6745.56	6430.39
2004	 8	 4	24	5838.93	5616.82	5760.50
2004	 8	 5	24	5668.60	5710.78	5683.50
2004	 8	 6	24	7207.59	7138.19	7183.09
2004	 8	 7	24	6026.12	5642.86	5890.79
2004	 8	 8	24	6626.13	6423.38	6554.54
2004	 8	 9	24	6554.56	6475.13	6526.51
2004	 8	10	24	6909.41	6821.10	6878.23
2004	 8	11	24	5221.02	4887.12	5103.12
2004	 8	12	24	6361.06	6472.52	6400.42
2004	 8	13	24	4974.89	5329.07	5099.95
2004	 8	14	24	3037.16	2998.66	3023.56
2004	 8	15	24	6279.89	6318.74	6293.61
2004	 8	16	24	5928.07	5845.13	5898.78
2004	 8	17	24	3687.01	4343.31	3918.76
2004	 8	18	24	5213.93	5275.98	5235.84
2004	 8	19	24	2324.13	2246.92	2296.87
2004	 8	20	24	2901.61	2837.63	2879.02
2004	 8	21	24	3139.52	2899.96	3054.92
2004	 8	22	24	4123.07	4748.50	4343.91
2004	 8	23	24	4970.42	5050.74	4998.78
2004	 8	24	24	1589.26	1357.15	1507.30
2004	 8	25	24	4083.60	3567.66	3901.42
2004	 8	26	24	3179.44	3171.84	3176.76
2004	 8	27	24	4011.20	4146.62	4059.02
2004	 8	28	24	1934.13	1349.43	1727.66
2004	 8	29	24	3954.33	3934.83	3947.44
2004	 8	30	24	1729.11	1455.27	1632.42
2004	 8	31	24	3353.27	2869.91	3182.59
2004	 9	 1	24	5228.56	4981.41	5141.29
2004	 9	 2	24	5497.75	5861.51	5626.20
2004	 9	 3	24	5676.69	5840.33	5734.48
2004	 9	 4	24	5659.84	5754.28	5693.19
2004	 9	 5	24	5381.29	5466.30	5411.30
2004	 9	 6	24	5695.52	5812.99	5737.00
2004	 9	 7	24	5199.04	5367.93	5258.68
2004	 9	 8	24	5241.24	5415.41	5302.74
2004	 9	 9	24	5682.02	5785.56	5718.58
2004	 9	10	24	5588.45	5777.45	5655.19
2004	 9	11	24	3146.05	3333.52	3212.25
2004	 9	12	24	1651.18	1544.88	1613.65
2004	 9	13	24	3739.95	3777.79	3753.31
2004	 9	14	24	3741.19	3708.12	3729.52
2004	 9	15	24	3773.95	3865.45	3806.26
2004	 9	16	24	2760.99	2988.59	2841.36
2004	 9	17	24	5051.12	5147.77	5085.25
2004	 9	18	24	4883.97	4986.08	4920.03
2004	 9	19	24	3745.07	3683.38	3723.29
2004	 9	20	24	2701.52	2507.81	2633.12
2004	 9	21	24	2177.28	2523.46	2299.52
2004	 9	22	24	1432.50	1689.72	1523.33
2004	 9	23	24	981.75	1188.65	1054.81
2004	 9	24	24	1301.37	1530.92	1382.43
2004	 9	25	24	1683.65	1821.30	1732.25
2004	 9	26	24	1126.20	1246.16	1168.56
2004	 9	27	24	1480.04	1286.31	1411.64
2004	 9	28	24	1359.18	1466.82	1397.19
2004	 9	29	24	1834.20	1837.03	1835.20
2004	 9	30	24	2252.28	2457.32	2324.69
2004	10	 1	24	2543.23	2288.42	2453.26
2004	10	 2	24	1548.43	1364.48	1483.47
2004	10	 3	24	3172.68	3099.75	3146.93
2004	10	 4	24	3680.27	3833.67	3734.44
2004	10	 5	24	3762.97	3908.59	3814.39
2004	10	 6	24	1976.55	2037.85	1998.20
2004	10	 7	24	3313.00	3268.31	3297.22
2004	10	 8	24	813.35	745.87	789.52
2004	10	 9	24	2273.02	2371.53	2307.81
2004	10	10	24	2391.40	2979.78	2599.16
2004	10	11	24	2944.88	3172.22	3025.16
2004	10	12	24	3714.27	4008.04	3818.00
2004	10	13	24	1457.39	1203.99	1367.91
2004	10	14	24	1753.90	704.44	1383.33
2004	10	15	24	774.46	620.75	720.18
2004	10	16	24	854.04	816.67	840.84
2004	10	17	24	1051.87	998.91	1033.17
2004	10	18	24	1005.56	881.73	961.84
2004	10	19	24	2755.03	2829.22	2781.22
2004	10	20	24	2250.15	2244.03	2247.99
2004	10	21	24	2417.90	2434.18	2423.65
2004	10	22	24	2828.27	2982.01	2882.56
2004	10	23	24	2436.08	2588.81	2490.01
2004	10	24	24	2639.73	2797.51	2695.44
2004	10	25	24	1593.03	1632.85	1607.09
2004	10	26	24	192.47	205.21	196.97
2004	10	27	24	569.12	662.86	602.22
2004	10	28	24	878.42	819.71	857.69
2004	10	29	24	1410.67	967.82	1254.29
2004	10	30	24	945.90	935.32	942.16
2004	10	31	24	638.83	682.90	654.39
2004	11	 1	24	628.66	938.28	737.99
2004	11	 2	24	266.82	261.84	265.06
2004	11	 3	24	882.17	805.60	855.13
2004	11	 4	24	574.60	517.07	554.28
2004	11	 5	24	587.53	578.02	584.17
2004	11	 6	24	274.17	243.68	263.41
2004	11	 7	24	464.33	700.19	547.62
2004	11	 8	24	429.73	764.74	548.03
2004	11	 9	24	248.04	426.81	311.17
2004	11	10	24	772.34	667.10	735.18
2004	11	11	24	920.69	886.37	908.57
2004	11	12	24	951.36	983.82	962.82
2004	11	13	24	851.25	883.96	862.80
2004	11	14	24	1229.60	1263.00	1241.39
2004	11	15	24	1111.97	1138.99	1121.51
2004	11	16	24	382.14	405.66	390.44
2004	11	17	24	205.79	185.96	198.79
2004	11	18	24	273.88	266.88	271.40
2004	11	19	24	677.03	701.33	685.61
2004	11	20	24	742.49	724.43	736.11
2004	11	21	24	852.47	875.55	860.62
2004	11	22	24	375.78	363.90	371.59
2004	11	23	24	584.21	588.91	585.87
2004	11	24	24	1985.53	2168.70	2050.21
2004	11	25	24	1626.27	1726.55	1661.68
2004	11	26	24	1406.72	1505.80	1441.70
2004	11	27	24	339.55	359.74	346.68
2004	11	28	24	288.08	289.44	288.56
2004	11	29	24	570.39	607.55	583.51
2004	11	30	24	524.94	446.84	497.36
2004	12	 1	24	415.46	300.37	374.82
2004	12	 2	24	249.32	392.20	299.77
2004	12	 3	24	330.49	465.30	378.09
2004	12	 4	24	1024.89	1178.38	1079.09
2004	12	 5	24	1360.68	1085.14	1263.38
2004	12	 6	24	242.38	231.79	238.64
2004	12	 7	24	557.98	567.14	561.21
2004	12	 8	24	849.47	1058.30	923.21
2004	12	 9	24	1186.48	1094.35	1153.94
2004	12	10	24	1303.98	1471.23	1363.03
2004	12	11	24	1273.47	1430.57	1328.94
2004	12	12	24	403.95	553.11	456.62
2004	12	13	24	1247.68	601.33	1019.45
2004	12	14	24	1023.06	616.15	879.38
2004	12	15	24	1211.24	1291.90	1239.72
2004	12	16	24	1085.01	841.24	998.93
2004	12	17	24	786.29	563.06	707.47
2004	12	18	24	234.03	340.38	271.58
2004	12	19	24	341.49	533.09	409.15
2004	12	20	24	1238.79	1305.76	1262.43
2004	12	21	24	1642.73	1617.60	1633.86
2004	12	22	24	809.73	648.91	752.94
2004	12	23	24	219.51	313.54	252.72
2004	12	24	24	502.30	576.42	528.47
2004	12	25	24	605.50	681.04	632.18
2004	12	26	24	114.24	251.29	162.64
2004	12	27	24	172.50	401.76	253.45
2004	12	28	24	222.06	376.49	276.59
2004	12	29	24	170.27	360.97	237.61
2004	12	30	24	554.57	1009.01	715.04
2004	12	31	24	344.58	416.90	370.12
2005	 1	 1	24	247.29	307.77	268.64
2005	 1	 2	24	318.98	318.10	318.67
2005	 1	 3	24	168.99	256.61	199.93
2005	 1	 4	24	153.71	189.05	166.19
2005	 1	 5	24	211.23	269.27	231.72
2005	 1	 6	24	662.16	797.23	709.86
2005	 1	 7	24	523.58	524.42	523.88
2005	 1	 8	24	1348.40	1512.17	1406.23
2005	 1	 9	24	1222.08	1368.47	1273.78
2005	 1	10	24	894.43	1074.19	957.91
2005	 1	11	24	660.14	581.88	632.51
2005	 1	12	24	433.02	438.94	435.11
2005	 1	13	24	754.30	974.39	832.01
2005	 1	14	24	455.99	616.94	512.82
2005	 1	15	24	574.63	753.66	637.85
2005	 1	16	24	1800.59	1932.65	1847.22
2005	 1	17	24	1371.32	1561.33	1438.41
2005	 1	18	24	576.94	509.55	553.14
2005	 1	19	24	581.63	708.12	626.30
2005	 1	20	24	213.07	349.67	261.30
2005	 1	21	24	357.67	545.33	423.94
2005	 1	22	24	714.42	1027.35	824.92
2005	 1	23	24	668.30	1206.30	858.28
2005	 1	24	24	316.61	562.67	403.50
2005	 1	25	24	437.46	790.11	561.99
2005	 1	26	24	295.43	533.86	379.63
2005	 1	27	24	660.86	1370.06	911.28
2005	 1	28	24	578.70	1125.53	771.79
2005	 1	29	24	659.51	1323.62	894.01
2005	 1	30	24	557.97	1066.65	737.59
2005	 1	31	24	288.89	604.93	400.49
2005	 2	 1	24	583.86	1078.47	758.51
2005	 2	 2	24	682.98	925.55	768.63
2005	 2	 3	24	628.52	922.26	732.24
2005	 2	 4	24	1279.32	1396.27	1320.62
2005	 2	 5	24	2609.03	2352.72	2518.52
2005	 2	 6	24	2550.20	2093.16	2388.81
2005	 2	 7	24	2594.92	2858.88	2688.13
2005	 2	 8	24	2538.22	2797.72	2629.85
2005	 2	 9	24	2330.96	2404.85	2357.05
2005	 2	10	24	1277.00	1415.35	1325.85
2005	 2	11	24	567.67	790.45	646.34
2005	 2	12	24	660.82	687.96	670.40
2005	 2	13	24	1346.20	1406.78	1367.59
2005	 2	14	24	728.97	938.12	802.82
2005	 2	15	24	624.11	1059.30	777.78
2005	 2	16	24	387.91	664.97	485.74
2005	 2	17	24	434.47	867.04	587.21
2005	 2	18	24	1983.37	2393.61	2128.23
2005	 2	19	24	1000.49	1403.88	1142.93
2005	 2	20	24	1624.08	1832.24	1697.58
2005	 2	21	24	1068.66	1261.84	1136.87
2005	 2	22	24	489.24	817.42	605.12
2005	 2	23	24	1543.45	1892.62	1666.75
2005	 2	24	24	1528.15	2156.29	1749.95
2005	 2	25	24	981.15	1495.55	1162.79
2005	 2	26	24	995.25	1563.48	1195.90
2005	 2	27	24	1806.37	2418.33	2022.46
2005	 2	28	24	2101.07	3152.61	2472.38
2005	 3	 1	24	2713.45	3050.04	2832.31
2005	 3	 2	24	3642.83	3729.45	3673.42
2005	 3	 3	24	3615.02	3870.08	3705.08
2005	 3	 4	24	3366.39	3382.79	3372.18
2005	 3	 5	24	2814.08	2743.78	2789.26
2005	 3	 6	24	681.04	835.51	735.58
2005	 3	 7	24	2386.46	2634.03	2473.88
2005	 3	 8	24	838.43	1301.71	1002.02
2005	 3	 9	24	1312.08	1726.61	1458.45
2005	 3	10	24	4378.26	4535.68	4433.85
2005	 3	11	24	1354.11	1501.13	1406.02
2005	 3	12	24	1753.40	2047.61	1857.29
2005	 3	13	24	1409.81	2095.60	1651.97
2005	 3	14	24	2144.15	2221.83	2171.58
2005	 3	15	24	3726.00	3770.47	3741.71
2005	 3	16	24	3880.70	4427.06	4073.63
2005	 3	17	24	2882.79	3015.85	2929.77
2005	 3	18	24	1798.21	2087.42	1900.34
2005	 3	19	24	2931.63	3456.99	3117.14
2005	 3	20	24	5102.71	5331.50	5183.50
2005	 3	21	24	4899.58	5069.03	4959.42
2005	 3	22	24	5040.76	5181.17	5090.34
2005	 3	23	24	1454.41	1636.51	1518.71
2005	 3	24	24	5030.38	5203.60	5091.55
2005	 3	25	24	3918.01	3916.89	3917.61
2005	 3	26	24	1323.30	1697.92	1455.58
2005	 3	27	24	3686.61	3054.53	3463.41
2005	 3	28	24	2004.34	2169.48	2062.65
2005	 3	29	24	3670.77	4100.70	3822.58
2005	 3	30	24	4521.21	4414.38	4483.49
2005	 3	31	24	5587.87	5732.22	5638.84
2005	 4	 1	24	5824.75	5964.58	5874.13
2005	 4	 2	24	5941.63	6062.57	5984.33
2005	 4	 3	24	5412.46	5490.69	5440.09
2005	 4	 4	24	5688.39	5775.18	5719.04
2005	 4	 5	24	3204.20	3083.77	3161.68
2005	 4	 6	24	5437.23	5311.73	5392.91
2005	 4	 7	24	2443.31	2408.69	2431.09
2005	 4	 8	24	1984.46	1658.47	1869.35
2005	 4	 9	24	1029.11	1186.57	1084.71
2005	 4	10	24	2939.55	3314.37	3071.90
2005	 4	11	24	4362.45	4820.54	4524.21
2005	 4	12	24	4838.97	5138.06	4944.58
2005	 4	13	24	2915.96	3726.64	3202.22
2005	 4	14	24	3108.85	3013.87	3075.31
2005	 4	15	24	5106.34	5902.82	5387.59
2005	 4	16	24	4499.07	4505.86	4501.47
2005	 4	17	24	2502.83	2363.61	2453.67
2005	 4	18	24	4037.78	4048.34	4041.51
2005	 4	19	24	3540.89	3191.36	3417.47
2005	 4	20	24	4017.76	4388.89	4148.81
2005	 4	21	24	6897.76	7018.67	6940.45
2005	 4	22	24	6009.88	6606.33	6220.49
2005	 4	23	24	4565.61	4620.12	4584.86
2005	 4	24	24	2209.12	2264.06	2228.52
2005	 4	25	24	1411.78	1467.58	1431.49
2005	 4	26	24	3090.06	2906.85	3025.37
2005	 4	27	24	2856.44	2687.79	2796.89
2005	 4	28	24	5835.91	5666.41	5776.06
2005	 4	29	24	4800.79	4995.74	4869.63
2005	 4	30	24	3781.66	3883.21	3817.52
2005	 5	 1	24	5941.92	5974.92	5953.57
2005	 5	 2	24	6846.10	6854.42	6849.03
2005	 5	 3	24	2384.53	2311.46	2358.73
2005	 5	 4	24	4190.00	4133.68	4170.12
2005	 5	 5	24	2373.93	2653.12	2472.51
2005	 5	 6	24	2153.79	2167.21	2158.53
2005	 5	 7	24	4046.84	3549.69	3871.29
2005	 5	 8	24	3954.21	4366.41	4099.76
2005	 5	 9	24	4862.63	4816.74	4846.43
2005	 5	10	24	4961.37	4553.34	4817.29
2005	 5	11	24	3546.07	3635.06	3577.49
2005	 5	12	24	3656.05	3501.08	3601.33
2005	 5	13	24	7029.93	6942.94	6999.21
2005	 5	14	24	2427.08	2421.99	2425.28
2005	 5	15	24	3019.06	2940.60	2991.35
2005	 5	16	24	6566.80	6590.67	6575.23
2005	 5	17	24	1240.71	1568.38	1356.42
2005	 5	18	24	1131.32	1445.57	1242.29
2005	 5	19	24	5728.29	5248.44	5558.85
2005	 5	20	24	7673.50	7700.24	7682.94
2005	 5	21	24	5865.13	6183.05	5977.39
2005	 5	22	24	3804.74	3916.80	3844.31
2005	 5	23	24	1256.53	1226.23	1245.83
2005	 5	24	24	5338.17	5209.82	5292.84
2005	 5	25	24	6740.32	7109.45	6870.67
2005	 5	26	24	7600.60	7531.82	7576.32
2005	 5	27	24	7746.00	7681.89	7723.37
2005	 5	28	24	8234.79	8175.48	8213.85
2005	 5	29	24	7244.74	6322.55	6919.10
2005	 5	30	24	5734.76	5624.28	5695.75
2005	 5	31	24	4744.41	4749.19	4746.10
2005	 6	 1	24	6957.60	6903.60	6938.53
2005	 6	 2	24	5559.69	5588.21	5569.76
2005	 6	 3	24	7685.90	7981.26	7790.19
2005	 6	 4	24	3755.45	3438.07	3643.38
2005	 6	 5	24	4915.49	4966.88	4933.64
2005	 6	 6	24	1951.86	2029.31	1979.21
2005	 6	 7	24	3782.63	4264.54	3952.80
2005	 6	 8	24	4544.17	4949.07	4687.15
2005	 6	 9	24	6317.77	6909.52	6526.72
2005	 6	10	24	4683.64	4729.98	4700.00
2005	 6	11	24	3733.78	3629.49	3696.95
2005	 6	12	24	4202.68	4073.25	4156.98
2005	 6	13	24	6315.76	6881.69	6515.60
2005	 6	14	24	5159.66	5210.30	5177.54
2005	 6	15	24	3236.10	2935.81	3130.06
2005	 6	16	24	7114.03	7236.44	7157.25
2005	 6	17	24	4772.91	4759.23	4768.08
2005	 6	18	24	8448.26	8457.46	8451.51
2005	 6	19	24	7529.72	7937.81	7673.82
2005	 6	20	24	8567.32	8567.51	8567.38
2005	 6	21	24	8037.05	7921.97	7996.42
2005	 6	22	24	5088.42	5454.91	5217.83
2005	 6	23	24	8458.47	8396.26	8436.50
2005	 6	24	24	8265.44	8210.39	8246.00
2005	 6	25	24	5471.53	4994.99	5303.26
2005	 6	26	24	4293.07	4727.98	4446.64
2005	 6	27	24	7490.13	7625.37	7537.89
2005	 6	28	24	8507.35	8459.12	8490.32
2005	 6	29	24	5191.38	5204.14	5195.89
2005	 6	30	24	2004.33	1843.95	1947.70
2005	 7	 1	24	2215.81	2146.26	2191.25
2005	 7	 2	24	2710.47	2525.86	2645.29
2005	 7	 3	24	5842.51	4906.50	5511.99
2005	 7	 4	24	8054.08	7780.74	7957.56
2005	 7	 5	24	900.04	972.07	925.47
2005	 7	 6	24	4870.78	4987.89	4912.13
2005	 7	 7	24	3764.16	3490.95	3667.69
2005	 7	 8	24	1129.02	1069.99	1108.17
2005	 7	 9	24	1917.22	2393.93	2085.55
2005	 7	10	24	6241.08	6592.08	6365.02
2005	 7	11	24	6609.90	6501.71	6571.70
2005	 7	12	24	6677.61	6991.74	6788.53
2005	 7	13	24	6826.60	6738.32	6795.43
2005	 7	14	24	6648.89	6541.28	6610.89
2005	 7	15	24	6373.02	7161.92	6651.58
2005	 7	16	24	5602.48	5524.04	5574.79
2005	 7	17	24	6735.99	6912.44	6798.29
2005	 7	18	24	7295.20	7719.16	7444.91
2005	 7	19	24	2798.39	2856.23	2818.82
2005	 7	20	24	5941.18	5727.73	5865.81
2005	 7	21	24	2644.81	2397.23	2557.39
2005	 7	22	24	1688.39	1963.45	1785.52
2005	 7	23	24	2574.69	2705.54	2620.89
2005	 7	24	24	6092.44	5662.25	5940.54
2005	 7	25	24	3716.20	3036.10	3476.05
2005	 7	26	24	4837.05	4602.56	4754.25
2005	 7	27	24	5427.03	5731.16	5534.42
2005	 7	28	24	6680.15	6225.72	6519.69
2005	 7	29	24	6886.32	6879.97	6884.08
2005	 7	30	24	5853.09	5657.75	5784.11
2005	 7	31	24	5334.86	5178.65	5279.70
2005	 8	 1	24	7121.44	7169.94	7138.56
2005	 8	 2	24	5225.73	4836.57	5088.32
2005	 8	 3	24	814.80	988.35	876.08
2005	 8	 4	24	4147.04	4499.25	4271.41
2005	 8	 5	24	5449.19	4865.37	5243.04
2005	 8	 6	24	4511.02	4425.75	4480.91
2005	 8	 7	24	4369.04	4275.52	4336.02
2005	 8	 8	24	4504.92	4779.67	4601.94
2005	 8	 9	24	3539.62	3367.00	3478.67
2005	 8	10	24	4742.02	4643.29	4707.16
2005	 8	11	24	2579.32	2548.94	2568.59
2005	 8	12	24	3628.93	3216.48	3483.29
2005	 8	13	24	1357.33	1439.30	1386.28
2005	 8	14	24	3065.06	3193.72	3110.49
2005	 8	15	24	990.80	1032.44	1005.51
2005	 8	16	24	5458.89	5598.25	5508.10
2005	 8	17	24	4814.65	5472.06	5046.79
2005	 8	18	24	6300.76	5722.80	6096.68
2005	 8	19	24	5781.59	5573.99	5708.28
2005	 8	20	24	2889.79	3117.26	2970.11
2005	 8	21	24	5466.06	6223.68	5733.59
2005	 8	22	24	3578.82	3578.92	3578.86
2005	 8	23	24	856.08	1015.61	912.41
2005	 8	24	24	1974.74	2330.08	2100.21
2005	 8	25	24	2160.06	1545.27	1942.97
2005	 8	26	24	5409.28	5401.39	5406.50
2005	 8	27	24	4431.44	4404.55	4421.94
2005	 8	28	24	5682.54	5820.79	5731.35
2005	 8	29	24	6052.39	6081.51	6062.68
2005	 8	30	24	5919.42	5984.87	5942.53
2005	 8	31	24	5863.03	5910.84	5879.91
2005	 9	 1	24	5763.71	5864.96	5799.47
2005	 9	 2	24	3775.34	4174.19	3916.18
2005	 9	 3	24	748.94	906.91	804.72
2005	 9	 4	24	5138.18	5149.23	5142.08
2005	 9	 5	24	5691.99	5742.51	5709.83
2005	 9	 6	24	5775.38	5835.41	5796.57
2005	 9	 7	24	5755.19	5783.84	5765.31
2005	 9	 8	24	5416.90	5489.40	5442.50
2005	 9	 9	24	4494.46	2978.28	3959.08
2005	 9	10	24	3200.58	3625.68	3350.69
2005	 9	11	24	2334.91	1869.47	2170.56
2005	 9	12	24	980.41	1170.37	1047.49
2005	 9	13	24	2787.58	3060.09	2883.81
2005	 9	14	24	4490.72	4471.92	4484.08
2005	 9	15	24	2618.52	2395.99	2539.94
2005	 9	16	24	1289.58	1328.62	1303.37
2005	 9	17	24	1341.39	1680.72	1461.21
2005	 9	18	24	4828.59	4972.43	4879.38
2005	 9	19	24	5098.49	5195.75	5132.84
2005	 9	20	24	5077.07	5192.59	5117.86
2005	 9	21	24	4715.53	4778.22	4737.67
2005	 9	22	24	4669.69	4751.63	4698.63
2005	 9	23	24	4654.57	4714.62	4675.77
2005	 9	24	24	3697.81	4358.62	3931.15
2005	 9	25	24	4408.18	4446.58	4421.74
2005	 9	26	24	2516.16	2556.91	2530.55
2005	 9	27	24	2866.85	2491.65	2734.36
2005	 9	28	24	1285.50	1340.43	1304.89
2005	 9	29	24	1892.91	1676.47	1816.48
2005	 9	30	24	2207.35	2575.40	2337.31
2005	10	 1	24	1978.90	1931.56	1962.19
2005	10	 2	24	722.22	917.65	791.22
2005	10	 3	24	586.05	705.65	628.28
2005	10	 4	24	2169.33	2482.10	2279.77
2005	10	 5	24	3490.00	3442.73	3473.31
2005	10	 6	24	3695.04	3768.45	3720.96
2005	10	 7	24	3552.75	3609.46	3572.77
2005	10	 8	24	3364.26	3428.00	3386.77
2005	10	 9	24	3555.80	3664.97	3594.35
2005	10	10	24	3627.67	3614.37	3622.97
2005	10	11	24	3475.44	3524.32	3492.70
2005	10	12	24	3310.12	3246.72	3287.73
2005	10	13	24	3302.00	3391.65	3333.66
2005	10	14	24	3226.26	3325.17	3261.18
2005	10	15	24	3181.89	3279.08	3216.21
2005	10	16	24	2554.12	2897.19	2675.26
2005	10	17	24	1158.70	1204.53	1174.88
2005	10	18	24	1347.12	1503.75	1402.43
2005	10	19	24	3147.25	3302.92	3202.22
2005	10	20	24	2298.52	2218.33	2270.20
2005	10	21	24	1279.14	1080.95	1209.16
2005	10	22	24	2230.29	2230.91	2230.51
2005	10	23	24	1015.26	994.07	1007.78
2005	10	24	24	1213.04	1291.19	1240.63
2005	10	25	24	1342.63	1327.15	1337.16
2005	10	26	24	2007.92	2085.55	2035.33
2005	10	27	24	1770.40	1877.70	1808.29
2005	10	28	24	2622.45	2653.35	2633.36
2005	10	29	24	2628.02	2794.10	2686.67
2005	10	30	24	2479.46	2684.82	2551.98
2005	10	31	24	1906.02	790.82	1512.23
2005	11	 1	24	1590.10	1004.58	1383.34
2005	11	 2	24	1796.57	1762.71	1784.61
2005	11	 3	24	1321.51	1018.07	1214.36
2005	11	 4	24	1541.63	1037.33	1363.56
2005	11	 5	24	498.25	716.57	575.34
2005	11	 6	24	1616.48	1601.65	1611.24
2005	11	 7	24	1799.05	1267.95	1611.51
2005	11	 8	24	1754.80	1079.44	1516.32
2005	11	 9	24	1615.34	729.70	1302.61
2005	11	10	24	835.39	839.50	836.84
2005	11	11	24	1069.98	1075.56	1071.95
2005	11	12	24	1675.80	1313.47	1547.85
2005	11	13	24	1645.01	1340.48	1537.48
2005	11	14	24	1368.77	582.51	1091.13
2005	11	15	24	1462.17	581.90	1151.34
2005	11	16	24	332.74	391.79	353.59
2005	11	17	24	351.55	496.49	402.73
2005	11	18	24	609.21	811.45	680.62
2005	11	19	24	533.73	910.38	666.73
2005	11	20	24	405.57	701.79	510.17
2005	11	21	24	350.25	606.71	440.81
2005	11	22	24	214.03	342.45	259.37
2005	11	23	24	340.83	597.25	431.37
2005	11	24	24	734.95	697.70	721.80
2005	11	25	24	794.14	725.03	769.74
2005	11	26	24	1947.49	1503.34	1790.66
2005	11	27	24	788.89	824.63	801.51
2005	11	28	24	746.27	566.82	682.91
2005	11	29	24	1083.89	860.07	1004.86
2005	11	30	24	656.19	683.68	665.90
2005	12	 1	24	1414.82	1517.78	1451.17
2005	12	 2	24	1121.54	543.49	917.42
2005	12	 3	24	416.63	420.72	418.08
2005	12	 4	24	458.17	435.60	450.20
2005	12	 5	24	602.28	572.69	591.83
2005	12	 6	24	877.80	1008.77	924.05
2005	12	 7	24	305.93	467.04	362.82
2005	12	 8	24	542.51	771.19	623.26
2005	12	 9	24	320.35	563.64	406.26
2005	12	10	24	1188.16	1493.03	1295.81
2005	12	11	24	468.68	601.44	515.56
2005	12	12	24	670.54	1315.21	898.18
2005	12	13	24	362.80	491.53	408.26
2005	12	14	24	220.34	359.99	269.65
2005	12	15	24	160.99	290.33	206.66
2005	12	16	24	132.35	221.34	163.77
2005	12	17	24	182.37	254.60	207.88
2005	12	18	24	280.68	469.76	347.45
2005	12	19	24	545.21	593.89	562.40
2005	12	20	24	173.19	280.47	211.08
2005	12	21	24	529.44	615.83	559.94
2005	12	22	24	344.32	551.37	417.43
2005	12	23	24	309.56	501.60	377.37
2005	12	24	24	253.08	431.23	315.99
2005	12	25	24	704.77	892.55	771.08
2005	12	26	24	1001.86	837.42	943.79
2005	12	27	24	361.09	452.60	393.40
2005	12	28	24	172.22	339.25	231.20
2005	12	29	24	402.98	552.58	455.81
2005	12	30	24	1621.75	1701.98	1650.08
2005	12	31	24	649.97	801.81	703.58
2006	 1	 1	24	625.04	586.71	611.50
2006	 1	 2	24	253.17	424.56	313.69
2006	 1	 3	24	180.02	334.84	234.69
2006	 1	 4	24	236.89	413.90	299.39
2006	 1	 5	24	233.40	382.85	286.17
2006	 1	 6	24	590.57	726.20	638.46
2006	 1	 7	24	473.23	374.13	438.23
2006	 1	 8	24	502.62	473.58	492.36
2006	 1	 9	24	1990.44	1776.58	1914.92
2006	 1	10	24	1662.95	1756.87	1696.11
2006	 1	11	24	1532.08	1733.93	1603.36
2006	 1	12	24	394.64	637.03	480.23
2006	 1	13	24	894.71	621.35	798.18
2006	 1	14	24	1573.90	1760.30	1639.72
2006	 1	15	24	1254.45	745.77	1074.83
2006	 1	16	24	1388.85	786.97	1176.32
2006	 1	17	24	1130.96	555.17	927.64
2006	 1	18	24	173.26	251.69	200.96
2006	 1	19	24	478.45	782.63	585.86
2006	 1	20	24	421.88	603.21	485.91
2006	 1	21	24	374.43	579.23	446.75
2006	 1	22	24	1388.01	1789.56	1529.80
2006	 1	23	24	1630.91	1774.57	1681.64
2006	 1	24	24	2164.93	2203.10	2178.41
2006	 1	25	24	1080.65	1112.09	1091.75
2006	 1	26	24	834.52	980.98	886.24
2006	 1	27	24	2041.04	2283.42	2126.63
2006	 1	28	24	2078.28	2341.10	2171.09
2006	 1	29	24	2060.73	2318.71	2151.82
2006	 1	30	24	1959.52	2166.07	2032.46
2006	 1	31	24	1863.76	1946.36	1892.92
2006	 2	 1	24	2063.96	2287.33	2142.83
2006	 2	 2	24	2334.67	2614.21	2433.38
2006	 2	 3	24	729.57	1309.70	934.42
2006	 2	 4	24	433.39	682.10	521.21
2006	 2	 5	24	1348.89	1577.32	1429.55
2006	 2	 6	24	2725.09	2701.69	2716.83
2006	 2	 7	24	507.61	941.38	660.78
2006	 2	 8	24	596.69	670.54	622.77
2006	 2	 9	24	1133.32	1416.83	1233.43
2006	 2	10	24	657.69	1008.71	781.64
2006	 2	11	24	994.83	1471.70	1163.22
2006	 2	12	24	1740.61	2072.67	1857.86
2006	 2	13	24	2255.97	2741.48	2427.41
2006	 2	14	24	2948.40	3648.18	3195.50
2006	 2	15	24	1124.56	1022.53	1088.53
2006	 2	16	24	1382.62	1391.07	1385.61
2006	 2	17	24	1741.18	1705.61	1728.62
2006	 2	18	24	1594.20	1226.51	1464.36
2006	 2	19	24	2168.19	2441.43	2264.68
2006	 2	20	24	818.18	890.02	843.55
2006	 2	21	24	890.92	1415.29	1076.08
2006	 2	22	24	534.06	955.84	682.99
2006	 2	23	24	1195.24	1825.84	1417.91
2006	 2	24	24	2833.45	3477.58	3060.90
2006	 2	25	24	1323.46	2522.82	1746.96
2006	 2	26	24	967.56	1627.63	1200.64
2006	 2	27	24	2165.51	3533.77	2648.65
2006	 2	28	24	2256.74	2192.39	2234.02
2006	 3	 1	24	1680.84	1976.59	1785.27
2006	 3	 2	24	3981.29	3993.47	3985.59
2006	 3	 3	24	2596.88	2438.72	2541.03
2006	 3	 4	24	2227.47	2425.84	2297.52
2006	 3	 5	24	3165.33	3259.18	3198.47
2006	 3	 6	24	2103.49	2113.25	2106.94
2006	 3	 7	24	2095.33	2967.24	2403.21
2006	 3	 8	24	3206.21	2609.59	2995.54
2006	 3	 9	24	1321.41	1690.12	1451.61
2006	 3	10	24	2680.73	2857.80	2743.26
2006	 3	11	24	1196.14	1940.52	1458.99
2006	 3	12	24	1080.58	1541.70	1243.41
2006	 3	13	24	2257.43	3078.85	2547.48
2006	 3	14	24	2056.49	2657.98	2268.88
2006	 3	15	24	1464.59	2823.10	1944.29
2006	 3	16	24	1332.82	2084.98	1598.42
2006	 3	17	24	666.92	1373.69	916.49
2006	 3	18	24	1432.94	2872.12	1941.13
2006	 3	19	24	4396.85	4550.78	4451.20
2006	 3	20	24	3998.89	4356.95	4125.33
2006	 3	21	24	3834.08	4248.56	3980.44
2006	 3	22	24	4473.96	4685.46	4548.65
2006	 3	23	24	5009.70	5201.04	5077.26
2006	 3	24	24	4748.59	4780.48	4759.85
2006	 3	25	24	1587.89	1602.18	1592.94
2006	 3	26	24	959.27	1224.83	1053.04
2006	 3	27	24	4205.41	4179.57	4196.29
2006	 3	28	24	2350.95	2390.23	2364.82
2006	 3	29	24	3049.48	3219.20	3109.41
2006	 3	30	24	2360.70	2145.76	2284.80
2006	 3	31	24	2973.42	3189.83	3049.84
2006	 4	 1	24	3770.23	3666.81	3733.71
2006	 4	 2	24	4672.60	4614.02	4651.91
2006	 4	 3	24	2901.72	3153.46	2990.61
2006	 4	 4	24	3139.79	3507.92	3269.78
2006	 4	 5	24	2510.70	3003.77	2684.81
2006	 4	 6	24	4361.79	4602.27	4446.71
2006	 4	 7	24	4173.71	3987.96	4108.12
2006	 4	 8	24	5876.36	6007.51	5922.67
2006	 4	 9	24	2664.86	2780.50	2705.69
2006	 4	10	24	1261.77	1463.72	1333.08
2006	 4	11	24	2400.94	3596.65	2823.16
2006	 4	12	24	2000.07	2079.00	2027.94
2006	 4	13	24	2435.87	2392.68	2420.62
2006	 4	14	24	3287.86	3986.65	3534.61
2006	 4	15	24	5803.72	5805.16	5804.23
2006	 4	16	24	1867.33	1961.75	1900.67
2006	 4	17	24	2909.84	2464.71	2752.66
2006	 4	18	24	4509.15	4324.21	4443.85
2006	 4	19	24	3093.85	3033.68	3072.60
2006	 4	20	24	6034.56	5892.07	5984.24
2006	 4	21	24	5428.49	5464.53	5441.22
2006	 4	22	24	3431.41	3724.79	3535.01
2006	 4	23	24	4471.15	4638.86	4530.37
2006	 4	24	24	4061.74	3550.62	3881.26
2006	 4	25	24	5468.28	5469.07	5468.56
2006	 4	26	24	4766.85	4526.36	4681.93
2006	 4	27	24	2809.97	2974.89	2868.21
2006	 4	28	24	1553.60	1687.30	1600.81
2006	 4	29	24	860.45	964.67	897.25
