YY	MM	DD	HH	"1"	"2"	tot_average
Sättigungsüberschuss in mm je Zone  soil_model
--	--	--	--	0.6468891	0.3531109	1.0000
2000	 8	 1	24	0.00000	0.00000	0.00000
2000	 8	 2	24	0.00000	0.00000	0.00000
2000	 8	 3	24	0.00000	0.00000	0.00000
2000	 8	 4	24	0.00000	0.00000	0.00000
2000	 8	 5	24	0.00000	0.00000	0.00000
2000	 8	 6	24	0.00000	0.00000	0.00000
2000	 8	 7	24	0.00000	0.00000	0.00000
2000	 8	 8	24	0.00000	0.00000	0.00000
2000	 8	 9	24	0.00000	0.00000	0.00000
2000	 8	10	24	0.00000	0.00000	0.00000
2000	 8	11	24	0.00000	0.00000	0.00000
2000	 8	12	24	0.00000	0.00000	0.00000
2000	 8	13	24	0.00000	0.00000	0.00000
2000	 8	14	24	0.00000	0.00000	0.00000
2000	 8	15	24	0.00000	0.00000	0.00000
2000	 8	16	24	0.00000	0.00000	0.00000
2000	 8	17	24	0.00000	0.00000	0.00000
2000	 8	18	24	0.00000	0.00000	0.00000
2000	 8	19	24	0.00000	0.00000	0.00000
2000	 8	20	24	0.00000	0.00000	0.00000
2000	 8	21	24	0.00000	0.00000	0.00000
2000	 8	22	24	0.00000	0.00000	0.00000
2000	 8	23	24	0.00000	0.00000	0.00000
2000	 8	24	24	0.00000	0.00000	0.00000
2000	 8	25	24	0.00000	0.00000	0.00000
2000	 8	26	24	0.00000	0.00000	0.00000
2000	 8	27	24	0.00000	0.00000	0.00000
2000	 8	28	24	0.00000	0.00000	0.00000
2000	 8	29	24	0.00000	0.00000	0.00000
2000	 8	30	24	0.00000	0.00000	0.00000
2000	 8	31	24	0.00000	0.00000	0.00000
2000	 9	 1	24	0.00000	0.00000	0.00000
2000	 9	 2	24	0.00000	0.00000	0.00000
2000	 9	 3	24	0.00000	0.00000	0.00000
2000	 9	 4	24	0.00000	0.00000	0.00000
2000	 9	 5	24	0.00000	0.00000	0.00000
2000	 9	 6	24	0.00000	0.00000	0.00000
2000	 9	 7	24	0.00000	0.00000	0.00000
2000	 9	 8	24	0.00000	0.00000	0.00000
2000	 9	 9	24	0.00000	0.00000	0.00000
2000	 9	10	24	0.00000	0.00000	0.00000
2000	 9	11	24	0.00000	0.00000	0.00000
2000	 9	12	24	0.00000	0.00000	0.00000
2000	 9	13	24	0.00000	0.00000	0.00000
2000	 9	14	24	0.00000	0.00000	0.00000
2000	 9	15	24	0.00000	0.00000	0.00000
2000	 9	16	24	0.00000	0.00000	0.00000
2000	 9	17	24	0.00000	0.00000	0.00000
2000	 9	18	24	0.00000	0.00000	0.00000
2000	 9	19	24	0.00000	0.00000	0.00000
2000	 9	20	24	0.00000	0.00000	0.00000
2000	 9	21	24	0.00000	0.00000	0.00000
2000	 9	22	24	0.00000	0.00000	0.00000
2000	 9	23	24	0.00000	0.00000	0.00000
2000	 9	24	24	0.00000	0.00000	0.00000
2000	 9	25	24	0.00000	0.00000	0.00000
2000	 9	26	24	0.00000	0.00000	0.00000
2000	 9	27	24	0.00000	0.00000	0.00000
2000	 9	28	24	0.00000	0.00000	0.00000
2000	 9	29	24	0.00000	0.00000	0.00000
2000	 9	30	24	0.00000	0.00000	0.00000
2000	10	 1	24	0.00000	0.00000	0.00000
2000	10	 2	24	0.00000	0.00000	0.00000
2000	10	 3	24	0.00000	0.00000	0.00000
2000	10	 4	24	0.00000	0.00000	0.00000
2000	10	 5	24	0.00000	0.00000	0.00000
2000	10	 6	24	0.00000	0.00000	0.00000
2000	10	 7	24	0.00000	0.00000	0.00000
2000	10	 8	24	0.00000	0.00000	0.00000
2000	10	 9	24	0.00000	0.00000	0.00000
2000	10	10	24	0.00000	0.00000	0.00000
2000	10	11	24	0.00000	0.00000	0.00000
2000	10	12	24	0.00000	0.00000	0.00000
2000	10	13	24	0.00000	0.00000	0.00000
2000	10	14	24	0.00000	0.00000	0.00000
2000	10	15	24	0.00000	0.00000	0.00000
2000	10	16	24	0.00000	0.00000	0.00000
2000	10	17	24	0.00000	0.00000	0.00000
2000	10	18	24	0.00000	0.00000	0.00000
2000	10	19	24	0.00000	0.00000	0.00000
2000	10	20	24	0.00000	0.00000	0.00000
2000	10	21	24	0.00000	0.00000	0.00000
2000	10	22	24	0.00000	0.00000	0.00000
2000	10	23	24	0.00000	0.00000	0.00000
2000	10	24	24	0.00000	0.00000	0.00000
2000	10	25	24	0.00000	0.00000	0.00000
2000	10	26	24	0.00000	0.00000	0.00000
2000	10	27	24	0.00000	0.00000	0.00000
2000	10	28	24	0.00000	0.00000	0.00000
2000	10	29	24	0.00000	0.00000	0.00000
2000	10	30	24	0.00000	0.00000	0.00000
2000	10	31	24	0.00000	0.00000	0.00000
2000	11	 1	24	0.00000	0.00000	0.00000
2000	11	 2	24	0.00000	0.00000	0.00000
2000	11	 3	24	0.00000	0.00000	0.00000
2000	11	 4	24	0.00000	0.00000	0.00000
2000	11	 5	24	0.00000	0.00000	0.00000
2000	11	 6	24	0.00000	0.00000	0.00000
2000	11	 7	24	0.00000	0.00000	0.00000
2000	11	 8	24	0.00000	0.00000	0.00000
2000	11	 9	24	0.00000	0.00000	0.00000
2000	11	10	24	0.00000	0.00000	0.00000
2000	11	11	24	0.00000	0.00000	0.00000
2000	11	12	24	0.00000	0.00000	0.00000
2000	11	13	24	0.00000	0.00000	0.00000
2000	11	14	24	0.00000	0.00000	0.00000
2000	11	15	24	0.00000	0.00000	0.00000
2000	11	16	24	0.00000	0.00000	0.00000
2000	11	17	24	0.00000	0.00000	0.00000
2000	11	18	24	0.00000	0.00000	0.00000
2000	11	19	24	0.00000	0.00000	0.00000
2000	11	20	24	0.00000	0.00000	0.00000
2000	11	21	24	0.00000	0.00000	0.00000
2000	11	22	24	0.00000	0.00000	0.00000
2000	11	23	24	0.00000	0.00000	0.00000
2000	11	24	24	0.00000	0.00000	0.00000
2000	11	25	24	0.00000	0.00000	0.00000
2000	11	26	24	0.00000	0.00000	0.00000
2000	11	27	24	0.00000	0.00000	0.00000
2000	11	28	24	0.00000	0.00000	0.00000
2000	11	29	24	0.00000	0.00000	0.00000
2000	11	30	24	0.00000	0.00000	0.00000
2000	12	 1	24	0.00000	0.00000	0.00000
2000	12	 2	24	0.00000	0.00000	0.00000
2000	12	 3	24	0.00000	0.00000	0.00000
2000	12	 4	24	0.00000	0.00000	0.00000
2000	12	 5	24	0.00000	0.00000	0.00000
2000	12	 6	24	0.00000	0.00000	0.00000
2000	12	 7	24	0.00000	0.00000	0.00000
2000	12	 8	24	0.00000	0.00000	0.00000
2000	12	 9	24	0.00000	0.00000	0.00000
2000	12	10	24	0.00000	0.00000	0.00000
2000	12	11	24	0.00000	0.00000	0.00000
2000	12	12	24	0.00000	0.00000	0.00000
2000	12	13	24	0.00000	0.00000	0.00000
2000	12	14	24	0.00000	0.00000	0.00000
2000	12	15	24	0.00000	0.00000	0.00000
2000	12	16	24	0.00000	0.00000	0.00000
2000	12	17	24	0.00000	0.00000	0.00000
2000	12	18	24	0.00000	0.00000	0.00000
2000	12	19	24	0.00000	0.00000	0.00000
2000	12	20	24	0.00000	0.00000	0.00000
2000	12	21	24	0.00000	0.00000	0.00000
2000	12	22	24	0.00000	0.00000	0.00000
2000	12	23	24	0.00000	0.00000	0.00000
2000	12	24	24	0.00000	0.00000	0.00000
2000	12	25	24	0.00000	0.00000	0.00000
2000	12	26	24	0.00000	0.00000	0.00000
2000	12	27	24	0.00000	0.00000	0.00000
2000	12	28	24	0.00000	0.00000	0.00000
2000	12	29	24	0.00000	0.00000	0.00000
2000	12	30	24	0.00000	0.00000	0.00000
2000	12	31	24	0.00000	0.00000	0.00000
2001	 1	 1	24	0.00000	0.00000	0.00000
2001	 1	 2	24	0.00000	0.00000	0.00000
2001	 1	 3	24	0.00000	0.00000	0.00000
2001	 1	 4	24	0.00000	0.00000	0.00000
2001	 1	 5	24	0.00000	0.00000	0.00000
2001	 1	 6	24	0.00000	0.00000	0.00000
2001	 1	 7	24	0.00000	0.00000	0.00000
2001	 1	 8	24	0.00000	0.00000	0.00000
2001	 1	 9	24	0.00000	0.00000	0.00000
2001	 1	10	24	0.00000	0.00000	0.00000
2001	 1	11	24	0.00000	0.00000	0.00000
2001	 1	12	24	0.00000	0.00000	0.00000
2001	 1	13	24	0.00000	0.00000	0.00000
2001	 1	14	24	0.00000	0.00000	0.00000
2001	 1	15	24	0.00000	0.00000	0.00000
2001	 1	16	24	0.00000	0.00000	0.00000
2001	 1	17	24	0.00000	0.00000	0.00000
2001	 1	18	24	0.00000	0.00000	0.00000
2001	 1	19	24	0.00000	0.00000	0.00000
2001	 1	20	24	0.00000	0.00000	0.00000
2001	 1	21	24	0.00000	0.00000	0.00000
2001	 1	22	24	0.00000	0.00000	0.00000
2001	 1	23	24	0.00000	0.00000	0.00000
2001	 1	24	24	0.00000	0.00000	0.00000
2001	 1	25	24	0.00000	0.00000	0.00000
2001	 1	26	24	0.00000	0.00000	0.00000
2001	 1	27	24	0.00000	0.00000	0.00000
2001	 1	28	24	0.00000	0.00000	0.00000
2001	 1	29	24	0.00000	0.00000	0.00000
2001	 1	30	24	0.00000	0.00000	0.00000
2001	 1	31	24	0.00000	0.00000	0.00000
2001	 2	 1	24	0.00000	0.00000	0.00000
2001	 2	 2	24	0.00000	0.00000	0.00000
2001	 2	 3	24	0.00000	0.00000	0.00000
2001	 2	 4	24	0.00000	0.00000	0.00000
2001	 2	 5	24	0.00000	0.00000	0.00000
2001	 2	 6	24	0.00031	0.00000	0.00020
2001	 2	 7	24	0.00342	0.00116	0.00262
2001	 2	 8	24	0.00035	0.00175	0.00085
2001	 2	 9	24	0.00252	0.00196	0.00232
2001	 2	10	24	0.00408	0.00036	0.00277
2001	 2	11	24	0.01692	0.04813	0.02794
2001	 2	12	24	0.02262	0.28136	0.11399
2001	 2	13	24	0.00381	0.08624	0.03292
2001	 2	14	24	0.00038	0.07182	0.02561
2001	 2	15	24	0.00000	0.01560	0.00551
2001	 2	16	24	0.00000	0.00501	0.00177
2001	 2	17	24	0.00000	0.00000	0.00000
2001	 2	18	24	0.00000	0.00000	0.00000
2001	 2	19	24	0.00000	0.00000	0.00000
2001	 2	20	24	0.00000	0.00000	0.00000
2001	 2	21	24	0.00000	0.00063	0.00022
2001	 2	22	24	0.00000	0.00000	0.00000
2001	 2	23	24	0.00000	0.00000	0.00000
2001	 2	24	24	0.00000	0.00000	0.00000
2001	 2	25	24	0.00000	0.00000	0.00000
2001	 2	26	24	0.00000	0.00000	0.00000
2001	 2	27	24	0.00002	0.00000	0.00001
2001	 2	28	24	0.00005	0.00000	0.00004
2001	 3	 1	24	0.00010	0.00000	0.00007
2001	 3	 2	24	0.00015	0.00000	0.00010
2001	 3	 3	24	0.00178	0.00000	0.00115
2001	 3	 4	24	0.00530	0.00000	0.00343
2001	 3	 5	24	0.00205	0.00000	0.00133
2001	 3	 6	24	0.00734	0.00000	0.00475
2001	 3	 7	24	0.01560	0.00000	0.01009
2001	 3	 8	24	0.07870	0.00000	0.05091
2001	 3	 9	24	0.14002	0.00008	0.09060
2001	 3	10	24	0.36772	0.00263	0.23880
2001	 3	11	24	0.74336	0.01258	0.48531
2001	 3	12	24	5.51090	5.04412	5.34608
2001	 3	13	24	0.88362	2.52840	1.46441
2001	 3	14	24	0.02586	0.07734	0.04404
2001	 3	15	24	0.01745	0.05802	0.03177
2001	 3	16	24	0.02556	0.12587	0.06098
2001	 3	17	24	0.09374	0.26791	0.15525
2001	 3	18	24	0.13375	0.63961	0.31237
2001	 3	19	24	0.00705	0.10900	0.04305
2001	 3	20	24	0.00000	0.00010	0.00004
2001	 3	21	24	0.00000	0.00000	0.00000
2001	 3	22	24	0.00164	0.00000	0.00106
2001	 3	23	24	0.00481	0.00000	0.00311
2001	 3	24	24	0.44402	0.00828	0.29015
2001	 3	25	24	0.17365	2.14435	0.86953
2001	 3	26	24	0.00000	0.00000	0.00000
2001	 3	27	24	0.00000	0.00000	0.00000
2001	 3	28	24	0.00000	0.00000	0.00000
2001	 3	29	24	0.00000	0.00000	0.00000
2001	 3	30	24	0.00000	0.00000	0.00000
2001	 3	31	24	0.00000	0.00000	0.00000
2001	 4	 1	24	0.00000	0.00000	0.00000
2001	 4	 2	24	0.00000	0.00000	0.00000
2001	 4	 3	24	0.00000	0.00000	0.00000
2001	 4	 4	24	0.00000	0.00000	0.00000
2001	 4	 5	24	0.00000	0.00000	0.00000
2001	 4	 6	24	0.00000	0.00000	0.00000
2001	 4	 7	24	0.00000	0.00000	0.00000
2001	 4	 8	24	0.00000	0.00000	0.00000
2001	 4	 9	24	0.00000	0.00000	0.00000
2001	 4	10	24	0.00000	0.00000	0.00000
2001	 4	11	24	0.00000	0.00000	0.00000
2001	 4	12	24	0.00000	0.00000	0.00000
2001	 4	13	24	0.00000	0.00000	0.00000
2001	 4	14	24	0.00000	0.00000	0.00000
2001	 4	15	24	0.00000	0.00000	0.00000
2001	 4	16	24	0.00000	0.00000	0.00000
2001	 4	17	24	0.00000	0.00000	0.00000
2001	 4	18	24	0.00000	0.00000	0.00000
2001	 4	19	24	0.00000	0.00000	0.00000
2001	 4	20	24	0.00000	0.00000	0.00000
2001	 4	21	24	0.00000	0.00000	0.00000
2001	 4	22	24	0.00000	0.00000	0.00000
2001	 4	23	24	0.00000	0.00000	0.00000
2001	 4	24	24	0.00000	0.00000	0.00000
2001	 4	25	24	0.00000	0.00000	0.00000
2001	 4	26	24	0.00000	0.00000	0.00000
2001	 4	27	24	0.00000	0.00000	0.00000
2001	 4	28	24	0.00000	0.00000	0.00000
2001	 4	29	24	0.00000	0.00000	0.00000
2001	 4	30	24	0.00000	0.00000	0.00000
2001	 5	 1	24	0.00000	0.00000	0.00000
2001	 5	 2	24	0.00000	0.00000	0.00000
2001	 5	 3	24	0.00000	0.00000	0.00000
2001	 5	 4	24	0.00000	0.00000	0.00000
2001	 5	 5	24	0.00000	0.00000	0.00000
2001	 5	 6	24	0.00000	0.00000	0.00000
2001	 5	 7	24	0.00000	0.00000	0.00000
2001	 5	 8	24	0.00000	0.00000	0.00000
2001	 5	 9	24	0.00000	0.00000	0.00000
2001	 5	10	24	0.00000	0.00000	0.00000
2001	 5	11	24	0.00000	0.00000	0.00000
2001	 5	12	24	0.00000	0.00000	0.00000
2001	 5	13	24	0.00000	0.00000	0.00000
2001	 5	14	24	0.00000	0.00000	0.00000
2001	 5	15	24	0.00000	0.00000	0.00000
2001	 5	16	24	0.00000	0.00000	0.00000
2001	 5	17	24	0.00000	0.00000	0.00000
2001	 5	18	24	0.00000	0.00000	0.00000
2001	 5	19	24	0.00000	0.00000	0.00000
2001	 5	20	24	0.00000	0.00000	0.00000
2001	 5	21	24	0.00000	0.00000	0.00000
2001	 5	22	24	0.00000	0.00000	0.00000
2001	 5	23	24	0.00000	0.00000	0.00000
2001	 5	24	24	0.00000	0.00000	0.00000
2001	 5	25	24	0.00000	0.00000	0.00000
2001	 5	26	24	0.00000	0.00000	0.00000
2001	 5	27	24	0.00000	0.00000	0.00000
2001	 5	28	24	0.00000	0.00000	0.00000
2001	 5	29	24	0.00000	0.00000	0.00000
2001	 5	30	24	0.00000	0.00000	0.00000
2001	 5	31	24	0.00000	0.00000	0.00000
2001	 6	 1	24	0.00000	0.00000	0.00000
2001	 6	 2	24	0.00000	0.00000	0.00000
2001	 6	 3	24	0.00000	0.00000	0.00000
2001	 6	 4	24	0.00000	0.00000	0.00000
2001	 6	 5	24	0.00000	0.00000	0.00000
2001	 6	 6	24	0.00000	0.00000	0.00000
2001	 6	 7	24	0.00000	0.00000	0.00000
2001	 6	 8	24	0.00000	0.00000	0.00000
2001	 6	 9	24	0.00000	0.00000	0.00000
2001	 6	10	24	0.00000	0.00000	0.00000
2001	 6	11	24	0.00000	0.00000	0.00000
2001	 6	12	24	0.00000	0.00000	0.00000
2001	 6	13	24	0.00000	0.00000	0.00000
2001	 6	14	24	0.00000	0.00000	0.00000
2001	 6	15	24	0.00000	0.00000	0.00000
2001	 6	16	24	0.00000	0.00000	0.00000
2001	 6	17	24	0.00000	0.00000	0.00000
2001	 6	18	24	0.00000	0.00000	0.00000
2001	 6	19	24	0.00000	0.00000	0.00000
2001	 6	20	24	0.00000	0.00000	0.00000
2001	 6	21	24	0.00000	0.00000	0.00000
2001	 6	22	24	0.00000	0.00000	0.00000
2001	 6	23	24	0.00000	0.00000	0.00000
2001	 6	24	24	0.00000	0.00000	0.00000
2001	 6	25	24	0.00000	0.00000	0.00000
2001	 6	26	24	0.00000	0.00000	0.00000
2001	 6	27	24	0.00000	0.00000	0.00000
2001	 6	28	24	0.00000	0.00000	0.00000
2001	 6	29	24	0.00000	0.00000	0.00000
2001	 6	30	24	0.00000	0.00000	0.00000
2001	 7	 1	24	0.00000	0.00000	0.00000
2001	 7	 2	24	0.00000	0.00000	0.00000
2001	 7	 3	24	0.00000	0.00000	0.00000
2001	 7	 4	24	0.00000	0.00000	0.00000
2001	 7	 5	24	0.00000	0.00000	0.00000
2001	 7	 6	24	0.00000	0.00000	0.00000
2001	 7	 7	24	0.00000	0.00000	0.00000
2001	 7	 8	24	0.00000	0.00000	0.00000
2001	 7	 9	24	0.00000	0.00000	0.00000
2001	 7	10	24	0.00000	0.00000	0.00000
2001	 7	11	24	0.00000	0.00000	0.00000
2001	 7	12	24	0.00000	0.00000	0.00000
2001	 7	13	24	0.00000	0.00000	0.00000
2001	 7	14	24	0.00000	0.00000	0.00000
2001	 7	15	24	0.00000	0.00000	0.00000
2001	 7	16	24	0.00000	0.00000	0.00000
2001	 7	17	24	0.00000	0.00000	0.00000
2001	 7	18	24	0.00000	0.00000	0.00000
2001	 7	19	24	0.00000	0.00000	0.00000
2001	 7	20	24	0.00000	0.00000	0.00000
2001	 7	21	24	0.00000	0.00000	0.00000
2001	 7	22	24	0.00000	0.00000	0.00000
2001	 7	23	24	0.00000	0.00000	0.00000
2001	 7	24	24	0.00000	0.00000	0.00000
2001	 7	25	24	0.00000	0.00000	0.00000
2001	 7	26	24	0.00000	0.00000	0.00000
2001	 7	27	24	0.00000	0.00000	0.00000
2001	 7	28	24	0.00000	0.00000	0.00000
2001	 7	29	24	0.00000	0.00000	0.00000
2001	 7	30	24	0.00000	0.00000	0.00000
2001	 7	31	24	0.00000	0.00000	0.00000
2001	 8	 1	24	0.00000	0.00000	0.00000
2001	 8	 2	24	0.00000	0.00000	0.00000
2001	 8	 3	24	0.00000	0.00000	0.00000
2001	 8	 4	24	0.00000	0.00000	0.00000
2001	 8	 5	24	0.00000	0.00000	0.00000
2001	 8	 6	24	0.00000	0.00000	0.00000
2001	 8	 7	24	0.00000	0.00000	0.00000
2001	 8	 8	24	0.00000	0.00000	0.00000
2001	 8	 9	24	0.00000	0.00000	0.00000
2001	 8	10	24	0.00000	0.00000	0.00000
2001	 8	11	24	0.00000	0.00000	0.00000
2001	 8	12	24	0.00000	0.00000	0.00000
2001	 8	13	24	0.00000	0.00000	0.00000
2001	 8	14	24	0.00000	0.00000	0.00000
2001	 8	15	24	0.00000	0.00000	0.00000
2001	 8	16	24	0.00000	0.00000	0.00000
2001	 8	17	24	0.00000	0.00000	0.00000
2001	 8	18	24	0.00000	0.00000	0.00000
2001	 8	19	24	0.00000	0.00000	0.00000
2001	 8	20	24	0.00000	0.00000	0.00000
2001	 8	21	24	0.00000	0.00000	0.00000
2001	 8	22	24	0.00000	0.00000	0.00000
2001	 8	23	24	0.00000	0.00000	0.00000
2001	 8	24	24	0.00000	0.00000	0.00000
2001	 8	25	24	0.00000	0.00000	0.00000
2001	 8	26	24	0.00000	0.00000	0.00000
2001	 8	27	24	0.00000	0.00000	0.00000
2001	 8	28	24	0.00000	0.00000	0.00000
2001	 8	29	24	0.00000	0.00000	0.00000
2001	 8	30	24	0.00000	0.00000	0.00000
2001	 8	31	24	0.00000	0.00000	0.00000
2001	 9	 1	24	0.00000	0.00000	0.00000
2001	 9	 2	24	0.00000	0.00000	0.00000
2001	 9	 3	24	0.00000	0.00000	0.00000
2001	 9	 4	24	0.00000	0.00000	0.00000
2001	 9	 5	24	0.00000	0.00000	0.00000
2001	 9	 6	24	0.00000	0.00000	0.00000
2001	 9	 7	24	0.00000	0.00000	0.00000
2001	 9	 8	24	0.00000	0.00000	0.00000
2001	 9	 9	24	0.00000	0.00000	0.00000
2001	 9	10	24	0.00000	0.00348	0.00123
2001	 9	11	24	0.00000	0.00000	0.00000
2001	 9	12	24	0.00000	0.00000	0.00000
2001	 9	13	24	0.00000	0.00000	0.00000
2001	 9	14	24	0.00000	0.00000	0.00000
2001	 9	15	24	0.00000	0.00000	0.00000
2001	 9	16	24	0.00000	0.00000	0.00000
2001	 9	17	24	0.00000	0.00000	0.00000
2001	 9	18	24	0.00000	0.00000	0.00000
2001	 9	19	24	0.00000	0.00000	0.00000
2001	 9	20	24	0.00000	0.00000	0.00000
2001	 9	21	24	0.00000	0.00000	0.00000
2001	 9	22	24	0.00000	0.00000	0.00000
2001	 9	23	24	0.00000	0.00000	0.00000
2001	 9	24	24	0.00000	0.00000	0.00000
2001	 9	25	24	0.00000	0.00000	0.00000
2001	 9	26	24	0.00000	0.00000	0.00000
2001	 9	27	24	0.00000	0.00000	0.00000
2001	 9	28	24	0.00000	0.00000	0.00000
2001	 9	29	24	0.00000	0.00000	0.00000
2001	 9	30	24	0.00000	0.00000	0.00000
2001	10	 1	24	0.00000	0.00000	0.00000
2001	10	 2	24	0.00000	0.00000	0.00000
2001	10	 3	24	0.00000	0.00000	0.00000
2001	10	 4	24	0.00000	0.00000	0.00000
2001	10	 5	24	0.00000	0.00000	0.00000
2001	10	 6	24	0.00000	0.00000	0.00000
2001	10	 7	24	0.00000	0.00000	0.00000
2001	10	 8	24	0.00000	0.00000	0.00000
2001	10	 9	24	0.00000	0.00000	0.00000
2001	10	10	24	0.00000	0.00000	0.00000
2001	10	11	24	0.00000	0.00000	0.00000
2001	10	12	24	0.00000	0.00000	0.00000
2001	10	13	24	0.00000	0.00000	0.00000
2001	10	14	24	0.00000	0.00000	0.00000
2001	10	15	24	0.00000	0.00000	0.00000
2001	10	16	24	0.00000	0.00000	0.00000
2001	10	17	24	0.00000	0.00000	0.00000
2001	10	18	24	0.00000	0.00000	0.00000
2001	10	19	24	0.00000	0.00000	0.00000
2001	10	20	24	0.00000	0.00000	0.00000
2001	10	21	24	0.00000	0.00000	0.00000
2001	10	22	24	0.00000	0.00000	0.00000
2001	10	23	24	0.00000	0.00000	0.00000
2001	10	24	24	0.00000	0.00000	0.00000
2001	10	25	24	0.00000	0.00000	0.00000
2001	10	26	24	0.00000	0.00000	0.00000
2001	10	27	24	0.00000	0.00000	0.00000
2001	10	28	24	0.00000	0.00000	0.00000
2001	10	29	24	0.00000	0.00000	0.00000
2001	10	30	24	0.00000	0.00000	0.00000
2001	10	31	24	0.00000	0.00000	0.00000
2001	11	 1	24	0.00000	0.00000	0.00000
2001	11	 2	24	0.00000	0.00000	0.00000
2001	11	 3	24	0.00000	0.00000	0.00000
2001	11	 4	24	0.00000	0.00000	0.00000
2001	11	 5	24	0.00000	0.00000	0.00000
2001	11	 6	24	0.00000	0.00000	0.00000
2001	11	 7	24	0.00000	0.00000	0.00000
2001	11	 8	24	0.00011	0.00000	0.00007
2001	11	 9	24	0.00000	0.00000	0.00000
2001	11	10	24	0.00000	0.00000	0.00000
2001	11	11	24	0.00000	0.00000	0.00000
2001	11	12	24	0.00000	0.00000	0.00000
2001	11	13	24	0.00000	0.00000	0.00000
2001	11	14	24	0.00000	0.00000	0.00000
2001	11	15	24	0.00000	0.00000	0.00000
2001	11	16	24	0.00000	0.00000	0.00000
2001	11	17	24	0.00000	0.00000	0.00000
2001	11	18	24	0.00000	0.00000	0.00000
2001	11	19	24	0.00000	0.00000	0.00000
2001	11	20	24	0.00000	0.00000	0.00000
2001	11	21	24	0.00000	0.00000	0.00000
2001	11	22	24	0.00000	0.00000	0.00000
2001	11	23	24	0.00000	0.00000	0.00000
2001	11	24	24	0.00000	0.00000	0.00000
2001	11	25	24	0.00000	0.00000	0.00000
2001	11	26	24	0.00001	0.00000	0.00000
2001	11	27	24	0.00003	0.00000	0.00002
2001	11	28	24	0.00004	0.00000	0.00003
2001	11	29	24	0.00009	0.00000	0.00006
2001	11	30	24	0.00002	0.00000	0.00001
2001	12	 1	24	0.00000	0.00000	0.00000
2001	12	 2	24	0.00000	0.00000	0.00000
2001	12	 3	24	0.00000	0.00000	0.00000
2001	12	 4	24	0.00000	0.00000	0.00000
2001	12	 5	24	0.00005	0.00000	0.00003
2001	12	 6	24	1.02093	0.22950	0.74147
2001	12	 7	24	0.00046	0.00360	0.00157
2001	12	 8	24	0.00000	0.00000	0.00000
2001	12	 9	24	0.00001	0.00000	0.00001
2001	12	10	24	0.00023	0.00058	0.00035
2001	12	11	24	0.00037	0.00047	0.00041
2001	12	12	24	0.00816	0.00000	0.00528
2001	12	13	24	0.00000	0.00000	0.00000
2001	12	14	24	0.00000	0.00000	0.00000
2001	12	15	24	0.00000	0.00000	0.00000
2001	12	16	24	0.00000	0.00000	0.00000
2001	12	17	24	0.00000	0.00000	0.00000
2001	12	18	24	0.00000	0.00000	0.00000
2001	12	19	24	0.00000	0.00000	0.00000
2001	12	20	24	0.00000	0.00000	0.00000
2001	12	21	24	0.00000	0.00000	0.00000
2001	12	22	24	0.00000	0.00000	0.00000
2001	12	23	24	0.00000	0.00000	0.00000
2001	12	24	24	0.00000	0.00000	0.00000
2001	12	25	24	0.00000	0.00000	0.00000
2001	12	26	24	0.00000	0.00000	0.00000
2001	12	27	24	0.00000	0.00000	0.00000
2001	12	28	24	0.00265	0.00000	0.00171
2001	12	29	24	0.00395	0.00000	0.00256
2001	12	30	24	0.00215	0.00000	0.00139
2001	12	31	24	0.00000	0.00000	0.00000
2002	 1	 1	24	0.00000	0.00000	0.00000
2002	 1	 2	24	0.00000	0.00000	0.00000
2002	 1	 3	24	0.00000	0.00000	0.00000
2002	 1	 4	24	0.00002	0.00000	0.00002
2002	 1	 5	24	0.00085	0.00000	0.00055
2002	 1	 6	24	0.00212	0.00000	0.00137
2002	 1	 7	24	0.00150	0.00000	0.00097
2002	 1	 8	24	0.00111	0.00000	0.00072
2002	 1	 9	24	0.00510	0.00000	0.00330
2002	 1	10	24	0.00612	0.00000	0.00396
2002	 1	11	24	0.00809	0.00000	0.00523
2002	 1	12	24	0.01529	0.00000	0.00989
2002	 1	13	24	0.00875	0.00000	0.00566
2002	 1	14	24	0.01636	0.00000	0.01058
2002	 1	15	24	0.00256	0.00000	0.00166
2002	 1	16	24	0.00557	0.00000	0.00360
2002	 1	17	24	0.00860	0.00000	0.00556
2002	 1	18	24	0.01139	0.00000	0.00737
2002	 1	19	24	0.05735	0.00000	0.03710
2002	 1	20	24	0.15043	0.00000	0.09731
2002	 1	21	24	0.14878	0.00000	0.09624
2002	 1	22	24	0.12501	0.00002	0.08087
2002	 1	23	24	0.11997	0.00123	0.07804
2002	 1	24	24	0.50246	0.00234	0.32586
2002	 1	25	24	0.09843	0.00083	0.06396
2002	 1	26	24	0.98871	0.05199	0.65794
2002	 1	27	24	6.23286	0.84490	4.33031
2002	 1	28	24	5.83840	3.27736	4.93407
2002	 1	29	24	3.34539	3.06697	3.24708
2002	 1	30	24	2.32318	2.97046	2.55174
2002	 1	31	24	1.36910	3.06942	1.96950
2002	 2	 1	24	0.28720	1.43431	0.69225
2002	 2	 2	24	1.13814	2.96771	1.78418
2002	 2	 3	24	0.25545	1.35110	0.64234
2002	 2	 4	24	0.10364	0.56287	0.26580
2002	 2	 5	24	0.38437	1.26304	0.69464
2002	 2	 6	24	0.08226	0.70239	0.30123
2002	 2	 7	24	0.01172	0.10680	0.04529
2002	 2	 8	24	0.01106	0.11776	0.04874
2002	 2	 9	24	0.25903	0.59224	0.37669
2002	 2	10	24	0.00308	0.43578	0.15587
2002	 2	11	24	0.02984	0.17372	0.08064
2002	 2	12	24	0.53854	5.17790	2.17675
2002	 2	13	24	0.00000	0.15487	0.05469
2002	 2	14	24	0.00000	0.00000	0.00000
2002	 2	15	24	0.00000	0.00000	0.00000
2002	 2	16	24	0.00000	0.00000	0.00000
2002	 2	17	24	0.00000	0.00000	0.00000
2002	 2	18	24	0.00000	0.00000	0.00000
2002	 2	19	24	0.00000	0.00000	0.00000
2002	 2	20	24	0.00000	0.00000	0.00000
2002	 2	21	24	0.00000	0.00000	0.00000
2002	 2	22	24	0.00000	0.00000	0.00000
2002	 2	23	24	0.00012	0.00000	0.00008
2002	 2	24	24	0.00043	0.00000	0.00028
2002	 2	25	24	0.00195	0.00000	0.00126
2002	 2	26	24	0.03428	0.00000	0.02217
2002	 2	27	24	0.92151	0.00019	0.59618
2002	 2	28	24	0.19347	0.00073	0.12541
2002	 3	 1	24	0.00617	0.00109	0.00438
2002	 3	 2	24	0.00123	0.00001	0.00080
2002	 3	 3	24	0.00146	0.00000	0.00095
2002	 3	 4	24	0.00276	0.00029	0.00189
2002	 3	 5	24	0.00260	0.00073	0.00194
2002	 3	 6	24	0.00282	0.00760	0.00451
2002	 3	 7	24	0.00000	0.00477	0.00168
2002	 3	 8	24	0.00000	0.00016	0.00006
2002	 3	 9	24	0.00000	0.00000	0.00000
2002	 3	10	24	0.00000	0.00000	0.00000
2002	 3	11	24	0.00000	0.00000	0.00000
2002	 3	12	24	0.00000	0.00000	0.00000
2002	 3	13	24	0.00000	0.00000	0.00000
2002	 3	14	24	0.00000	0.00000	0.00000
2002	 3	15	24	0.00000	0.00000	0.00000
2002	 3	16	24	0.00000	0.00000	0.00000
2002	 3	17	24	0.00000	0.00000	0.00000
2002	 3	18	24	0.00000	0.00000	0.00000
2002	 3	19	24	0.00000	0.00000	0.00000
2002	 3	20	24	0.00000	0.00000	0.00000
2002	 3	21	24	0.00000	0.00000	0.00000
2002	 3	22	24	0.00000	0.00000	0.00000
2002	 3	23	24	0.00000	0.00000	0.00000
2002	 3	24	24	0.00000	0.00000	0.00000
2002	 3	25	24	0.00000	0.00000	0.00000
2002	 3	26	24	0.00000	0.00000	0.00000
2002	 3	27	24	0.00000	0.00000	0.00000
2002	 3	28	24	0.00000	0.00000	0.00000
2002	 3	29	24	0.00000	0.00000	0.00000
2002	 3	30	24	0.00000	0.00000	0.00000
2002	 3	31	24	0.00000	0.00000	0.00000
2002	 4	 1	24	0.00000	0.00000	0.00000
2002	 4	 2	24	0.00000	0.00000	0.00000
2002	 4	 3	24	0.00000	0.00000	0.00000
2002	 4	 4	24	0.00000	0.00000	0.00000
2002	 4	 5	24	0.00000	0.00000	0.00000
2002	 4	 6	24	0.00000	0.00000	0.00000
2002	 4	 7	24	0.00000	0.00000	0.00000
2002	 4	 8	24	0.00000	0.00000	0.00000
2002	 4	 9	24	0.00000	0.00000	0.00000
2002	 4	10	24	0.00000	0.00000	0.00000
2002	 4	11	24	0.00000	0.00000	0.00000
2002	 4	12	24	0.00000	0.00000	0.00000
2002	 4	13	24	0.00000	0.00000	0.00000
2002	 4	14	24	0.00000	0.00000	0.00000
2002	 4	15	24	0.00000	0.00000	0.00000
2002	 4	16	24	0.00000	0.00000	0.00000
2002	 4	17	24	0.00000	0.00000	0.00000
2002	 4	18	24	0.00000	0.00000	0.00000
2002	 4	19	24	0.00000	0.00000	0.00000
2002	 4	20	24	0.00000	0.00000	0.00000
2002	 4	21	24	0.00000	0.00000	0.00000
2002	 4	22	24	0.00000	0.00000	0.00000
2002	 4	23	24	0.00000	0.00000	0.00000
2002	 4	24	24	0.00000	0.00000	0.00000
2002	 4	25	24	0.00000	0.00000	0.00000
2002	 4	26	24	0.00000	0.00000	0.00000
2002	 4	27	24	0.00000	0.00000	0.00000
2002	 4	28	24	0.00000	0.00000	0.00000
2002	 4	29	24	0.00000	0.00000	0.00000
2002	 4	30	24	0.00000	0.00000	0.00000
2002	 5	 1	24	0.00000	0.00000	0.00000
2002	 5	 2	24	0.00000	0.00000	0.00000
2002	 5	 3	24	0.00000	0.00000	0.00000
2002	 5	 4	24	0.00000	0.00000	0.00000
2002	 5	 5	24	0.00000	0.00000	0.00000
2002	 5	 6	24	0.00000	0.00000	0.00000
2002	 5	 7	24	0.00000	0.00000	0.00000
2002	 5	 8	24	0.00000	0.00000	0.00000
2002	 5	 9	24	0.00000	0.00000	0.00000
2002	 5	10	24	0.00000	0.00000	0.00000
2002	 5	11	24	0.00000	0.00000	0.00000
2002	 5	12	24	0.00000	0.00000	0.00000
2002	 5	13	24	0.00000	0.00000	0.00000
2002	 5	14	24	0.00000	0.00000	0.00000
2002	 5	15	24	0.00000	0.00000	0.00000
2002	 5	16	24	0.00000	0.00000	0.00000
2002	 5	17	24	0.00000	0.00000	0.00000
2002	 5	18	24	0.00000	0.00000	0.00000
2002	 5	19	24	0.00000	0.00000	0.00000
2002	 5	20	24	0.00000	0.00000	0.00000
2002	 5	21	24	0.00000	0.00000	0.00000
2002	 5	22	24	0.00000	0.00000	0.00000
2002	 5	23	24	0.00000	0.00000	0.00000
2002	 5	24	24	0.00000	0.00000	0.00000
2002	 5	25	24	0.00000	0.00000	0.00000
2002	 5	26	24	0.00000	0.00000	0.00000
2002	 5	27	24	0.00000	0.00000	0.00000
2002	 5	28	24	0.00000	0.00000	0.00000
2002	 5	29	24	0.00000	0.00000	0.00000
2002	 5	30	24	0.00000	0.00000	0.00000
2002	 5	31	24	0.00000	0.00000	0.00000
2002	 6	 1	24	0.00000	0.00000	0.00000
2002	 6	 2	24	0.00000	0.00000	0.00000
2002	 6	 3	24	0.00000	0.00000	0.00000
2002	 6	 4	24	0.00000	0.00000	0.00000
2002	 6	 5	24	0.00000	0.00000	0.00000
2002	 6	 6	24	0.00000	0.00000	0.00000
2002	 6	 7	24	0.00000	0.00000	0.00000
2002	 6	 8	24	0.00000	0.00000	0.00000
2002	 6	 9	24	0.00000	0.00000	0.00000
2002	 6	10	24	0.00000	0.00000	0.00000
2002	 6	11	24	0.00000	0.00000	0.00000
2002	 6	12	24	0.00000	0.00000	0.00000
2002	 6	13	24	0.00000	0.00000	0.00000
2002	 6	14	24	0.00000	0.00000	0.00000
2002	 6	15	24	0.00000	0.00000	0.00000
2002	 6	16	24	0.00000	0.00000	0.00000
2002	 6	17	24	0.00000	0.00000	0.00000
2002	 6	18	24	0.00000	0.00000	0.00000
2002	 6	19	24	0.00000	0.00000	0.00000
2002	 6	20	24	0.00000	0.00000	0.00000
2002	 6	21	24	0.00000	0.00000	0.00000
2002	 6	22	24	0.00000	0.00000	0.00000
2002	 6	23	24	0.00000	0.00000	0.00000
2002	 6	24	24	0.00000	0.00000	0.00000
2002	 6	25	24	0.00000	0.00000	0.00000
2002	 6	26	24	0.00000	0.00000	0.00000
2002	 6	27	24	0.00000	0.00000	0.00000
2002	 6	28	24	0.00000	0.00000	0.00000
2002	 6	29	24	0.00000	0.00000	0.00000
2002	 6	30	24	0.00000	0.00000	0.00000
2002	 7	 1	24	0.00000	0.00000	0.00000
2002	 7	 2	24	0.00000	0.00000	0.00000
2002	 7	 3	24	0.00000	0.00000	0.00000
2002	 7	 4	24	0.00000	0.00000	0.00000
2002	 7	 5	24	0.00000	0.00000	0.00000
2002	 7	 6	24	0.00000	0.00000	0.00000
2002	 7	 7	24	0.00000	0.00000	0.00000
2002	 7	 8	24	0.00000	0.00000	0.00000
2002	 7	 9	24	0.00000	0.00000	0.00000
2002	 7	10	24	0.00000	0.00000	0.00000
2002	 7	11	24	0.00000	0.00000	0.00000
2002	 7	12	24	0.00000	0.00000	0.00000
2002	 7	13	24	0.00000	0.00000	0.00000
2002	 7	14	24	0.00000	0.00000	0.00000
2002	 7	15	24	0.00000	0.00000	0.00000
2002	 7	16	24	0.00000	0.00000	0.00000
2002	 7	17	24	0.00000	0.00000	0.00000
2002	 7	18	24	0.00000	0.00000	0.00000
2002	 7	19	24	0.00000	0.00000	0.00000
2002	 7	20	24	0.00000	0.00000	0.00000
2002	 7	21	24	0.00000	0.00000	0.00000
2002	 7	22	24	0.00000	0.00000	0.00000
2002	 7	23	24	0.00000	0.00000	0.00000
2002	 7	24	24	0.00000	0.00000	0.00000
2002	 7	25	24	0.00000	0.00000	0.00000
2002	 7	26	24	0.00000	0.00000	0.00000
2002	 7	27	24	0.00000	0.00000	0.00000
2002	 7	28	24	0.00000	0.00000	0.00000
2002	 7	29	24	0.00000	0.00000	0.00000
2002	 7	30	24	0.00000	0.00000	0.00000
2002	 7	31	24	0.00000	0.00000	0.00000
2002	 8	 1	24	0.00000	0.00000	0.00000
2002	 8	 2	24	0.00000	0.00000	0.00000
2002	 8	 3	24	0.00000	0.00000	0.00000
2002	 8	 4	24	0.00000	0.00000	0.00000
2002	 8	 5	24	0.00000	0.00000	0.00000
2002	 8	 6	24	0.00000	0.00000	0.00000
2002	 8	 7	24	0.00000	0.00000	0.00000
2002	 8	 8	24	0.00000	0.00000	0.00000
2002	 8	 9	24	0.00000	0.00000	0.00000
2002	 8	10	24	0.00000	0.00000	0.00000
2002	 8	11	24	0.00458	2.59341	0.91872
2002	 8	12	24	75.42848	81.41505	77.54240
2002	 8	13	24	0.02728	4.55145	1.62481
2002	 8	14	24	0.00000	0.00000	0.00000
2002	 8	15	24	0.00000	0.00000	0.00000
2002	 8	16	24	0.00000	0.00000	0.00000
2002	 8	17	24	0.00000	0.00000	0.00000
2002	 8	18	24	0.00000	0.00000	0.00000
2002	 8	19	24	0.00000	0.00000	0.00000
2002	 8	20	24	0.00000	0.00000	0.00000
2002	 8	21	24	0.00000	0.00000	0.00000
2002	 8	22	24	0.00000	0.00000	0.00000
2002	 8	23	24	0.00000	0.00000	0.00000
2002	 8	24	24	0.00000	0.00000	0.00000
2002	 8	25	24	0.00000	0.00000	0.00000
2002	 8	26	24	0.00000	0.00000	0.00000
2002	 8	27	24	0.00000	0.00000	0.00000
2002	 8	28	24	0.00000	0.00000	0.00000
2002	 8	29	24	0.00000	0.00000	0.00000
2002	 8	30	24	0.00000	0.00000	0.00000
2002	 8	31	24	0.00000	0.00000	0.00000
2002	 9	 1	24	0.00000	0.00000	0.00000
2002	 9	 2	24	0.00000	0.00000	0.00000
2002	 9	 3	24	0.00000	0.00000	0.00000
2002	 9	 4	24	0.00000	0.00000	0.00000
2002	 9	 5	24	0.00000	0.00000	0.00000
2002	 9	 6	24	0.00000	0.00000	0.00000
2002	 9	 7	24	0.00000	0.00000	0.00000
2002	 9	 8	24	0.00000	0.00000	0.00000
2002	 9	 9	24	0.00000	0.00000	0.00000
2002	 9	10	24	0.00000	0.00000	0.00000
2002	 9	11	24	0.00000	0.00000	0.00000
2002	 9	12	24	0.00000	0.00000	0.00000
2002	 9	13	24	0.00000	0.00000	0.00000
2002	 9	14	24	0.00000	0.00000	0.00000
2002	 9	15	24	0.00000	0.00000	0.00000
2002	 9	16	24	0.00000	0.00000	0.00000
2002	 9	17	24	0.00000	0.00000	0.00000
2002	 9	18	24	0.00000	0.00000	0.00000
2002	 9	19	24	0.00000	0.00000	0.00000
2002	 9	20	24	0.00000	0.00000	0.00000
2002	 9	21	24	0.00000	0.00000	0.00000
2002	 9	22	24	0.00000	0.00000	0.00000
2002	 9	23	24	0.00000	0.00000	0.00000
2002	 9	24	24	0.00000	0.00000	0.00000
2002	 9	25	24	0.00000	0.00000	0.00000
2002	 9	26	24	0.00000	0.00000	0.00000
2002	 9	27	24	0.00000	0.00000	0.00000
2002	 9	28	24	0.00000	0.00000	0.00000
2002	 9	29	24	0.00000	0.00000	0.00000
2002	 9	30	24	0.00000	0.00000	0.00000
2002	10	 1	24	0.00000	0.00000	0.00000
2002	10	 2	24	0.00000	0.00000	0.00000
2002	10	 3	24	0.00000	0.00000	0.00000
2002	10	 4	24	0.00000	0.00000	0.00000
2002	10	 5	24	0.00000	0.00000	0.00000
2002	10	 6	24	0.00000	0.00000	0.00000
2002	10	 7	24	0.00000	0.00000	0.00000
2002	10	 8	24	0.00000	0.00000	0.00000
2002	10	 9	24	0.00000	0.00000	0.00000
2002	10	10	24	0.00000	0.00000	0.00000
2002	10	11	24	0.00000	0.00000	0.00000
2002	10	12	24	0.00000	0.00000	0.00000
2002	10	13	24	0.00000	0.00000	0.00000
2002	10	14	24	0.00000	0.00000	0.00000
2002	10	15	24	0.00000	0.00000	0.00000
2002	10	16	24	0.00000	0.00000	0.00000
2002	10	17	24	0.00000	0.00000	0.00000
2002	10	18	24	0.00000	0.00000	0.00000
2002	10	19	24	0.00000	0.00000	0.00000
2002	10	20	24	0.00000	0.00000	0.00000
2002	10	21	24	0.00000	0.00000	0.00000
2002	10	22	24	0.00000	0.00000	0.00000
2002	10	23	24	0.00000	0.00000	0.00000
2002	10	24	24	0.00000	0.00000	0.00000
2002	10	25	24	0.00000	0.00000	0.00000
2002	10	26	24	0.00000	0.00000	0.00000
2002	10	27	24	0.00000	0.00000	0.00000
2002	10	28	24	0.00000	0.00000	0.00000
2002	10	29	24	0.00000	0.00000	0.00000
2002	10	30	24	0.00000	0.00000	0.00000
2002	10	31	24	0.00000	0.00000	0.00000
2002	11	 1	24	0.00000	0.00000	0.00000
2002	11	 2	24	0.00000	0.00000	0.00000
2002	11	 3	24	0.00000	0.00000	0.00000
2002	11	 4	24	0.00000	0.00000	0.00000
2002	11	 5	24	0.00000	0.00000	0.00000
2002	11	 6	24	0.00000	0.00000	0.00000
2002	11	 7	24	0.00000	0.00000	0.00000
2002	11	 8	24	0.00001	0.00000	0.00001
2002	11	 9	24	0.00028	0.00000	0.00018
2002	11	10	24	0.00008	0.00000	0.00005
2002	11	11	24	0.00047	0.00000	0.00031
2002	11	12	24	0.00078	0.00119	0.00092
2002	11	13	24	0.00062	0.00167	0.00099
2002	11	14	24	0.00094	0.00154	0.00115
2002	11	15	24	0.01131	0.09983	0.04257
2002	11	16	24	0.00637	0.63452	0.22818
2002	11	17	24	0.00104	0.75224	0.26629
2002	11	18	24	0.00000	0.76498	0.27012
2002	11	19	24	0.05248	3.74597	1.35669
2002	11	20	24	0.00000	0.00089	0.00031
2002	11	21	24	0.00000	0.00000	0.00000
2002	11	22	24	0.00000	0.00000	0.00000
2002	11	23	24	0.00000	0.00000	0.00000
2002	11	24	24	0.00000	0.00000	0.00000
2002	11	25	24	0.00000	0.00000	0.00000
2002	11	26	24	0.00000	0.00000	0.00000
2002	11	27	24	0.00000	0.00000	0.00000
2002	11	28	24	0.00000	0.00000	0.00000
2002	11	29	24	0.00000	0.00000	0.00000
2002	11	30	24	0.00000	0.00000	0.00000
2002	12	 1	24	0.00000	0.00000	0.00000
2002	12	 2	24	0.00000	0.00000	0.00000
2002	12	 3	24	0.00000	0.00000	0.00000
2002	12	 4	24	0.00000	0.00000	0.00000
2002	12	 5	24	0.00000	0.00000	0.00000
2002	12	 6	24	0.00000	0.00000	0.00000
2002	12	 7	24	0.00000	0.00000	0.00000
2002	12	 8	24	0.00000	0.00000	0.00000
2002	12	 9	24	0.00000	0.00000	0.00000
2002	12	10	24	0.00000	0.00000	0.00000
2002	12	11	24	0.00000	0.00000	0.00000
2002	12	12	24	0.00000	0.00000	0.00000
2002	12	13	24	0.00000	0.00000	0.00000
2002	12	14	24	0.00000	0.00000	0.00000
2002	12	15	24	0.00000	0.00000	0.00000
2002	12	16	24	0.00000	0.00000	0.00000
2002	12	17	24	0.00000	0.00000	0.00000
2002	12	18	24	0.00000	0.00000	0.00000
2002	12	19	24	0.00000	0.00000	0.00000
2002	12	20	24	0.00000	0.00000	0.00000
2002	12	21	24	0.00000	0.00000	0.00000
2002	12	22	24	0.00000	0.00000	0.00000
2002	12	23	24	0.00000	0.00000	0.00000
2002	12	24	24	0.00000	0.00000	0.00000
2002	12	25	24	0.00000	0.00000	0.00000
2002	12	26	24	0.00000	0.00000	0.00000
2002	12	27	24	0.00000	0.00000	0.00000
2002	12	28	24	0.00000	0.00000	0.00000
2002	12	29	24	0.00183	0.00000	0.00119
2002	12	30	24	5.04046	0.00225	3.26141
2002	12	31	24	0.00000	0.00000	0.00000
2003	 1	 1	24	0.00905	0.00000	0.00585
2003	 1	 2	24	4.59774	0.04565	2.99034
2003	 1	 3	24	4.10977	1.26135	3.10396
2003	 1	 4	24	0.00000	0.00000	0.00000
2003	 1	 5	24	0.00000	0.00000	0.00000
2003	 1	 6	24	0.00000	0.00000	0.00000
2003	 1	 7	24	0.00000	0.00000	0.00000
2003	 1	 8	24	0.00000	0.00000	0.00000
2003	 1	 9	24	0.00000	0.00000	0.00000
2003	 1	10	24	0.00000	0.00000	0.00000
2003	 1	11	24	0.00000	0.00000	0.00000
2003	 1	12	24	0.00000	0.00000	0.00000
2003	 1	13	24	0.00000	0.00000	0.00000
2003	 1	14	24	0.00000	0.00000	0.00000
2003	 1	15	24	0.00000	0.00000	0.00000
2003	 1	16	24	0.00000	0.00000	0.00000
2003	 1	17	24	0.00014	0.00000	0.00009
2003	 1	18	24	0.00019	0.00000	0.00012
2003	 1	19	24	0.00018	0.00000	0.00011
2003	 1	20	24	0.00025	0.00000	0.00016
2003	 1	21	24	0.00011	0.00000	0.00007
2003	 1	22	24	0.00015	0.00000	0.00010
2003	 1	23	24	0.00269	0.00000	0.00174
2003	 1	24	24	0.00484	0.00000	0.00313
2003	 1	25	24	0.00323	0.00000	0.00209
2003	 1	26	24	0.00387	0.00000	0.00250
2003	 1	27	24	0.03175	0.00000	0.02054
2003	 1	28	24	0.03485	0.00104	0.02291
2003	 1	29	24	0.00419	0.00000	0.00271
2003	 1	30	24	0.00036	0.00000	0.00023
2003	 1	31	24	0.00000	0.00000	0.00000
2003	 2	 1	24	0.00000	0.00000	0.00000
2003	 2	 2	24	0.00000	0.00000	0.00000
2003	 2	 3	24	0.00000	0.00000	0.00000
2003	 2	 4	24	0.00000	0.00000	0.00000
2003	 2	 5	24	0.00000	0.00000	0.00000
2003	 2	 6	24	0.00000	0.00000	0.00000
2003	 2	 7	24	0.00000	0.00000	0.00000
2003	 2	 8	24	0.00000	0.00000	0.00000
2003	 2	 9	24	0.00000	0.00000	0.00000
2003	 2	10	24	0.00000	0.00000	0.00000
2003	 2	11	24	0.00000	0.00000	0.00000
2003	 2	12	24	0.00000	0.00000	0.00000
2003	 2	13	24	0.00000	0.00000	0.00000
2003	 2	14	24	0.00000	0.00000	0.00000
2003	 2	15	24	0.00000	0.00000	0.00000
2003	 2	16	24	0.00000	0.00000	0.00000
2003	 2	17	24	0.00000	0.00000	0.00000
2003	 2	18	24	0.00000	0.00000	0.00000
2003	 2	19	24	0.00000	0.00000	0.00000
2003	 2	20	24	0.00000	0.00000	0.00000
2003	 2	21	24	0.00000	0.00000	0.00000
2003	 2	22	24	0.00000	0.00000	0.00000
2003	 2	23	24	0.00000	0.00000	0.00000
2003	 2	24	24	0.00000	0.00000	0.00000
2003	 2	25	24	0.00000	0.00000	0.00000
2003	 2	26	24	0.00000	0.00000	0.00000
2003	 2	27	24	0.00011	0.00062	0.00029
2003	 2	28	24	0.00025	0.00223	0.00095
2003	 3	 1	24	0.00204	0.00226	0.00212
2003	 3	 2	24	0.00701	0.03066	0.01536
2003	 3	 3	24	0.00524	0.08016	0.03170
2003	 3	 4	24	0.00180	0.03349	0.01299
2003	 3	 5	24	0.00202	0.04744	0.01806
2003	 3	 6	24	0.00149	0.02117	0.00844
2003	 3	 7	24	0.00114	0.01829	0.00719
2003	 3	 8	24	0.00345	0.08486	0.03220
2003	 3	 9	24	0.00246	0.12802	0.04680
2003	 3	10	24	0.00000	0.15624	0.05517
2003	 3	11	24	0.00000	1.10135	0.38890
2003	 3	12	24	0.00000	2.64889	0.93535
2003	 3	13	24	0.00000	0.00306	0.00108
2003	 3	14	24	0.00000	0.00000	0.00000
2003	 3	15	24	0.00000	0.00290	0.00102
2003	 3	16	24	0.00000	0.00538	0.00190
2003	 3	17	24	0.00000	0.00098	0.00035
2003	 3	18	24	0.00000	0.00000	0.00000
2003	 3	19	24	0.00000	0.00000	0.00000
2003	 3	20	24	0.00000	0.00000	0.00000
2003	 3	21	24	0.00000	0.00000	0.00000
2003	 3	22	24	0.00000	0.00000	0.00000
2003	 3	23	24	0.00000	0.00000	0.00000
2003	 3	24	24	0.00000	0.00000	0.00000
2003	 3	25	24	0.00000	0.00000	0.00000
2003	 3	26	24	0.00000	0.00000	0.00000
2003	 3	27	24	0.00000	0.00000	0.00000
2003	 3	28	24	0.00000	0.00000	0.00000
2003	 3	29	24	0.00000	0.00000	0.00000
2003	 3	30	24	0.00000	0.00000	0.00000
2003	 3	31	24	0.00000	0.00000	0.00000
2003	 4	 1	24	0.00000	0.00000	0.00000
2003	 4	 2	24	0.00000	0.00000	0.00000
2003	 4	 3	24	0.00000	0.00000	0.00000
2003	 4	 4	24	0.00000	0.00000	0.00000
2003	 4	 5	24	0.00000	0.00000	0.00000
2003	 4	 6	24	0.00000	0.00000	0.00000
2003	 4	 7	24	0.00000	0.00000	0.00000
2003	 4	 8	24	0.00000	0.00000	0.00000
2003	 4	 9	24	0.00000	0.00000	0.00000
2003	 4	10	24	0.00000	0.00000	0.00000
2003	 4	11	24	0.00000	0.00000	0.00000
2003	 4	12	24	0.00000	0.00000	0.00000
2003	 4	13	24	0.00000	0.00000	0.00000
2003	 4	14	24	0.00000	0.00000	0.00000
2003	 4	15	24	0.00000	0.00000	0.00000
2003	 4	16	24	0.00000	0.00000	0.00000
2003	 4	17	24	0.00000	0.00000	0.00000
2003	 4	18	24	0.00000	0.00000	0.00000
2003	 4	19	24	0.00000	0.00000	0.00000
2003	 4	20	24	0.00000	0.00000	0.00000
2003	 4	21	24	0.00000	0.00000	0.00000
2003	 4	22	24	0.00000	0.00000	0.00000
2003	 4	23	24	0.00000	0.00000	0.00000
2003	 4	24	24	0.00000	0.00000	0.00000
2003	 4	25	24	0.00000	0.00000	0.00000
2003	 4	26	24	0.00000	0.00000	0.00000
2003	 4	27	24	0.00000	0.00000	0.00000
2003	 4	28	24	0.00000	0.00000	0.00000
2003	 4	29	24	0.00000	0.00000	0.00000
2003	 4	30	24	0.00000	0.00000	0.00000
2003	 5	 1	24	0.00000	0.00000	0.00000
2003	 5	 2	24	0.00000	0.00000	0.00000
2003	 5	 3	24	0.00000	0.00000	0.00000
2003	 5	 4	24	0.00000	0.00000	0.00000
2003	 5	 5	24	0.00000	0.00000	0.00000
2003	 5	 6	24	0.00000	0.00000	0.00000
2003	 5	 7	24	0.00000	0.00000	0.00000
2003	 5	 8	24	0.00000	0.00000	0.00000
2003	 5	 9	24	0.00000	0.00000	0.00000
2003	 5	10	24	0.00000	0.00000	0.00000
2003	 5	11	24	0.00000	0.00000	0.00000
2003	 5	12	24	0.00000	0.00000	0.00000
2003	 5	13	24	0.00000	0.00000	0.00000
2003	 5	14	24	0.00000	0.00000	0.00000
2003	 5	15	24	0.00000	0.00000	0.00000
2003	 5	16	24	0.00000	0.00000	0.00000
2003	 5	17	24	0.00000	0.00000	0.00000
2003	 5	18	24	0.00000	0.00000	0.00000
2003	 5	19	24	0.00000	0.00000	0.00000
2003	 5	20	24	0.00000	0.00000	0.00000
2003	 5	21	24	0.00000	0.00000	0.00000
2003	 5	22	24	0.00000	0.00000	0.00000
2003	 5	23	24	0.00000	0.00000	0.00000
2003	 5	24	24	0.00000	0.00000	0.00000
2003	 5	25	24	0.00000	0.00000	0.00000
2003	 5	26	24	0.00000	0.00000	0.00000
2003	 5	27	24	0.00000	0.00000	0.00000
2003	 5	28	24	0.00000	0.00000	0.00000
2003	 5	29	24	0.00000	0.00000	0.00000
2003	 5	30	24	0.00000	0.00000	0.00000
2003	 5	31	24	0.00000	0.00000	0.00000
2003	 6	 1	24	0.00000	0.00000	0.00000
2003	 6	 2	24	0.00000	0.00000	0.00000
2003	 6	 3	24	0.00000	0.00000	0.00000
2003	 6	 4	24	0.00000	0.00000	0.00000
2003	 6	 5	24	0.00000	0.00000	0.00000
2003	 6	 6	24	0.00000	0.00000	0.00000
2003	 6	 7	24	0.00000	0.00000	0.00000
2003	 6	 8	24	0.00000	0.00000	0.00000
2003	 6	 9	24	0.00000	0.00000	0.00000
2003	 6	10	24	0.00000	0.00000	0.00000
2003	 6	11	24	0.00000	0.00000	0.00000
2003	 6	12	24	0.00000	0.00000	0.00000
2003	 6	13	24	0.00000	0.00000	0.00000
2003	 6	14	24	0.00000	0.00000	0.00000
2003	 6	15	24	0.00000	0.00000	0.00000
2003	 6	16	24	0.00000	0.00000	0.00000
2003	 6	17	24	0.00000	0.00000	0.00000
2003	 6	18	24	0.00000	0.00000	0.00000
2003	 6	19	24	0.00000	0.00000	0.00000
2003	 6	20	24	0.00000	0.00000	0.00000
2003	 6	21	24	0.00000	0.00000	0.00000
2003	 6	22	24	0.00000	0.00000	0.00000
2003	 6	23	24	0.00000	0.00000	0.00000
2003	 6	24	24	0.00000	0.00000	0.00000
2003	 6	25	24	0.00000	0.00000	0.00000
2003	 6	26	24	0.00000	0.00000	0.00000
2003	 6	27	24	0.00000	0.00000	0.00000
2003	 6	28	24	0.00000	0.00000	0.00000
2003	 6	29	24	0.00000	0.00000	0.00000
2003	 6	30	24	0.00000	0.00000	0.00000
2003	 7	 1	24	0.00000	0.00000	0.00000
2003	 7	 2	24	0.00000	0.00000	0.00000
2003	 7	 3	24	0.00000	0.00000	0.00000
2003	 7	 4	24	0.00000	0.00000	0.00000
2003	 7	 5	24	0.00000	0.00000	0.00000
2003	 7	 6	24	0.00000	0.00000	0.00000
2003	 7	 7	24	0.00000	0.00000	0.00000
2003	 7	 8	24	0.00000	0.00000	0.00000
2003	 7	 9	24	0.00000	0.00000	0.00000
2003	 7	10	24	0.00000	0.00000	0.00000
2003	 7	11	24	0.00000	0.00000	0.00000
2003	 7	12	24	0.00000	0.00000	0.00000
2003	 7	13	24	0.00000	0.00000	0.00000
2003	 7	14	24	0.00000	0.00000	0.00000
2003	 7	15	24	0.00000	0.00000	0.00000
2003	 7	16	24	0.00000	0.00000	0.00000
2003	 7	17	24	0.00000	0.00000	0.00000
2003	 7	18	24	0.00000	0.00000	0.00000
2003	 7	19	24	0.00000	0.00000	0.00000
2003	 7	20	24	0.00000	0.00000	0.00000
2003	 7	21	24	0.00000	0.00000	0.00000
2003	 7	22	24	0.00000	0.00000	0.00000
2003	 7	23	24	0.00000	0.00000	0.00000
2003	 7	24	24	0.00000	0.00000	0.00000
2003	 7	25	24	0.00000	0.00000	0.00000
2003	 7	26	24	0.00000	0.00000	0.00000
2003	 7	27	24	0.00000	0.00000	0.00000
2003	 7	28	24	0.00000	0.00000	0.00000
2003	 7	29	24	0.00000	0.00000	0.00000
2003	 7	30	24	0.00000	0.00000	0.00000
2003	 7	31	24	0.00000	0.00000	0.00000
2003	 8	 1	24	0.00000	0.00000	0.00000
2003	 8	 2	24	0.00000	0.00000	0.00000
2003	 8	 3	24	0.00000	0.00000	0.00000
2003	 8	 4	24	0.00000	0.00000	0.00000
2003	 8	 5	24	0.00000	0.00000	0.00000
2003	 8	 6	24	0.00000	0.00000	0.00000
2003	 8	 7	24	0.00000	0.00000	0.00000
2003	 8	 8	24	0.00000	0.00000	0.00000
2003	 8	 9	24	0.00000	0.00000	0.00000
2003	 8	10	24	0.00000	0.00000	0.00000
2003	 8	11	24	0.00000	0.00000	0.00000
2003	 8	12	24	0.00000	0.00000	0.00000
2003	 8	13	24	0.00000	0.00000	0.00000
2003	 8	14	24	0.00000	0.00000	0.00000
2003	 8	15	24	0.00000	0.00000	0.00000
2003	 8	16	24	0.00000	0.00000	0.00000
2003	 8	17	24	0.00000	0.00000	0.00000
2003	 8	18	24	0.00000	0.00000	0.00000
2003	 8	19	24	0.00000	0.00000	0.00000
2003	 8	20	24	0.00000	0.00000	0.00000
2003	 8	21	24	0.00000	0.00000	0.00000
2003	 8	22	24	0.00000	0.00000	0.00000
2003	 8	23	24	0.00000	0.00000	0.00000
2003	 8	24	24	0.00000	0.00000	0.00000
2003	 8	25	24	0.00000	0.00000	0.00000
2003	 8	26	24	0.00000	0.00000	0.00000
2003	 8	27	24	0.00000	0.00000	0.00000
2003	 8	28	24	0.00000	0.00000	0.00000
2003	 8	29	24	0.00000	0.00000	0.00000
2003	 8	30	24	0.00000	0.00000	0.00000
2003	 8	31	24	0.00000	0.00000	0.00000
2003	 9	 1	24	0.00000	0.00000	0.00000
2003	 9	 2	24	0.00000	0.00000	0.00000
2003	 9	 3	24	0.00000	0.00000	0.00000
2003	 9	 4	24	0.00000	0.00000	0.00000
2003	 9	 5	24	0.00000	0.00000	0.00000
2003	 9	 6	24	0.00000	0.00000	0.00000
2003	 9	 7	24	0.00000	0.00000	0.00000
2003	 9	 8	24	0.00000	0.00000	0.00000
2003	 9	 9	24	0.00000	0.00000	0.00000
2003	 9	10	24	0.00000	0.00000	0.00000
2003	 9	11	24	0.00000	0.00000	0.00000
2003	 9	12	24	0.00000	0.00000	0.00000
2003	 9	13	24	0.00000	0.00000	0.00000
2003	 9	14	24	0.00000	0.00000	0.00000
2003	 9	15	24	0.00000	0.00000	0.00000
2003	 9	16	24	0.00000	0.00000	0.00000
2003	 9	17	24	0.00000	0.00000	0.00000
2003	 9	18	24	0.00000	0.00000	0.00000
2003	 9	19	24	0.00000	0.00000	0.00000
2003	 9	20	24	0.00000	0.00000	0.00000
2003	 9	21	24	0.00000	0.00000	0.00000
2003	 9	22	24	0.00000	0.00000	0.00000
2003	 9	23	24	0.00000	0.00000	0.00000
2003	 9	24	24	0.00000	0.00000	0.00000
2003	 9	25	24	0.00000	0.00000	0.00000
2003	 9	26	24	0.00000	0.00000	0.00000
2003	 9	27	24	0.00000	0.00000	0.00000
2003	 9	28	24	0.00000	0.00000	0.00000
2003	 9	29	24	0.00000	0.00000	0.00000
2003	 9	30	24	0.00000	0.00000	0.00000
2003	10	 1	24	0.00000	0.00000	0.00000
2003	10	 2	24	0.00000	0.00000	0.00000
2003	10	 3	24	0.00000	0.00000	0.00000
2003	10	 4	24	0.00000	0.00000	0.00000
2003	10	 5	24	0.00000	0.00000	0.00000
2003	10	 6	24	0.00000	0.00000	0.00000
2003	10	 7	24	0.00000	0.00000	0.00000
2003	10	 8	24	0.00000	0.00000	0.00000
2003	10	 9	24	0.00000	0.00000	0.00000
2003	10	10	24	0.00000	0.00000	0.00000
2003	10	11	24	0.00000	0.00000	0.00000
2003	10	12	24	0.00000	0.00000	0.00000
2003	10	13	24	0.00000	0.00000	0.00000
2003	10	14	24	0.00000	0.00000	0.00000
2003	10	15	24	0.00000	0.00000	0.00000
2003	10	16	24	0.00000	0.00000	0.00000
2003	10	17	24	0.00000	0.00000	0.00000
2003	10	18	24	0.00000	0.00000	0.00000
2003	10	19	24	0.00000	0.00000	0.00000
2003	10	20	24	0.00000	0.00000	0.00000
2003	10	21	24	0.00000	0.00000	0.00000
2003	10	22	24	0.00000	0.00000	0.00000
2003	10	23	24	0.00000	0.00000	0.00000
2003	10	24	24	0.00000	0.00000	0.00000
2003	10	25	24	0.00000	0.00000	0.00000
2003	10	26	24	0.00000	0.00000	0.00000
2003	10	27	24	0.00000	0.00000	0.00000
2003	10	28	24	0.00000	0.00000	0.00000
2003	10	29	24	0.00000	0.00000	0.00000
2003	10	30	24	0.00000	0.00000	0.00000
2003	10	31	24	0.00000	0.00000	0.00000
2003	11	 1	24	0.00000	0.00000	0.00000
2003	11	 2	24	0.00000	0.00000	0.00000
2003	11	 3	24	0.00000	0.00000	0.00000
2003	11	 4	24	0.00000	0.00000	0.00000
2003	11	 5	24	0.00000	0.00000	0.00000
2003	11	 6	24	0.00000	0.00000	0.00000
2003	11	 7	24	0.00000	0.00000	0.00000
2003	11	 8	24	0.00000	0.00000	0.00000
2003	11	 9	24	0.00000	0.00000	0.00000
2003	11	10	24	0.00000	0.00000	0.00000
2003	11	11	24	0.00000	0.00000	0.00000
2003	11	12	24	0.00000	0.00000	0.00000
2003	11	13	24	0.00000	0.00000	0.00000
2003	11	14	24	0.00000	0.00000	0.00000
2003	11	15	24	0.00000	0.00000	0.00000
2003	11	16	24	0.00000	0.00000	0.00000
2003	11	17	24	0.00000	0.00000	0.00000
2003	11	18	24	0.00000	0.00000	0.00000
2003	11	19	24	0.00000	0.00000	0.00000
2003	11	20	24	0.00000	0.00000	0.00000
2003	11	21	24	0.00000	0.00000	0.00000
2003	11	22	24	0.00000	0.00000	0.00000
2003	11	23	24	0.00000	0.00000	0.00000
2003	11	24	24	0.00000	0.00000	0.00000
2003	11	25	24	0.00000	0.00000	0.00000
2003	11	26	24	0.00000	0.00000	0.00000
2003	11	27	24	0.00000	0.00000	0.00000
2003	11	28	24	0.00000	0.00000	0.00000
2003	11	29	24	0.00000	0.00000	0.00000
2003	11	30	24	0.00000	0.00000	0.00000
2003	12	 1	24	0.00000	0.00000	0.00000
2003	12	 2	24	0.00000	0.00000	0.00000
2003	12	 3	24	0.00000	0.00000	0.00000
2003	12	 4	24	0.00000	0.00000	0.00000
2003	12	 5	24	0.00000	0.00000	0.00000
2003	12	 6	24	0.00000	0.00000	0.00000
2003	12	 7	24	0.00000	0.00000	0.00000
2003	12	 8	24	0.00000	0.00000	0.00000
2003	12	 9	24	0.00000	0.00000	0.00000
2003	12	10	24	0.00000	0.00000	0.00000
2003	12	11	24	0.00000	0.00000	0.00000
2003	12	12	24	0.00000	0.00000	0.00000
2003	12	13	24	0.00000	0.00000	0.00000
2003	12	14	24	0.00000	0.11883	0.04196
2003	12	15	24	0.00000	0.00000	0.00000
2003	12	16	24	0.00000	0.00000	0.00000
2003	12	17	24	0.00000	0.00000	0.00000
2003	12	18	24	0.00000	0.00000	0.00000
2003	12	19	24	0.00000	0.00000	0.00000
2003	12	20	24	0.00000	0.00000	0.00000
2003	12	21	24	0.00000	0.00000	0.00000
2003	12	22	24	0.00000	0.00000	0.00000
2003	12	23	24	0.00000	0.00000	0.00000
2003	12	24	24	0.00000	0.00000	0.00000
2003	12	25	24	0.00000	0.00000	0.00000
2003	12	26	24	0.00000	0.00000	0.00000
2003	12	27	24	0.00000	0.00000	0.00000
2003	12	28	24	0.00000	0.00000	0.00000
2003	12	29	24	0.00000	0.00000	0.00000
2003	12	30	24	0.00000	0.00000	0.00000
2003	12	31	24	0.00000	0.00000	0.00000
2004	 1	 1	24	0.00000	0.00000	0.00000
2004	 1	 2	24	0.00000	0.00000	0.00000
2004	 1	 3	24	0.00000	0.00000	0.00000
2004	 1	 4	24	0.00000	0.00000	0.00000
2004	 1	 5	24	0.00000	0.00000	0.00000
2004	 1	 6	24	0.00000	0.00000	0.00000
2004	 1	 7	24	0.00000	0.00000	0.00000
2004	 1	 8	24	0.00000	0.00000	0.00000
2004	 1	 9	24	0.00006	0.00000	0.00004
2004	 1	10	24	0.00244	0.00000	0.00158
2004	 1	11	24	0.02693	0.00000	0.01742
2004	 1	12	24	0.08004	0.00000	0.05178
2004	 1	13	24	0.43360	0.00139	0.28098
2004	 1	14	24	0.24940	0.00101	0.16169
2004	 1	15	24	0.10515	0.00058	0.06823
2004	 1	16	24	0.06714	0.00018	0.04349
2004	 1	17	24	0.02923	0.00049	0.01908
2004	 1	18	24	0.01170	0.00000	0.00757
2004	 1	19	24	0.06671	0.00000	0.04315
2004	 1	20	24	0.02991	0.00000	0.01935
2004	 1	21	24	0.00000	0.00000	0.00000
2004	 1	22	24	0.00004	0.00000	0.00002
2004	 1	23	24	0.00069	0.00000	0.00044
2004	 1	24	24	0.00416	0.00000	0.00269
2004	 1	25	24	0.00319	0.00000	0.00206
2004	 1	26	24	0.00983	0.00000	0.00636
2004	 1	27	24	0.00000	0.00000	0.00000
2004	 1	28	24	0.00065	0.00000	0.00042
2004	 1	29	24	0.00767	0.00000	0.00496
2004	 1	30	24	0.01114	0.00000	0.00721
2004	 1	31	24	0.02314	0.00000	0.01497
2004	 2	 1	24	0.05729	0.00000	0.03706
2004	 2	 2	24	4.15762	0.02559	2.69855
2004	 2	 3	24	2.04320	1.01691	1.68081
2004	 2	 4	24	1.67162	1.53794	1.62441
2004	 2	 5	24	0.70029	1.89365	1.12168
2004	 2	 6	24	0.38379	1.89809	0.91851
2004	 2	 7	24	0.15982	1.31127	0.56641
2004	 2	 8	24	0.07540	0.15151	0.10227
2004	 2	 9	24	0.00127	0.00000	0.00082
2004	 2	10	24	0.01010	0.00000	0.00654
2004	 2	11	24	0.00420	0.00000	0.00272
2004	 2	12	24	0.00099	0.00000	0.00064
2004	 2	13	24	0.01784	0.00000	0.01154
2004	 2	14	24	0.01732	0.00000	0.01120
2004	 2	15	24	0.00646	0.00000	0.00418
2004	 2	16	24	0.00346	0.00000	0.00224
2004	 2	17	24	0.00458	0.00000	0.00296
2004	 2	18	24	0.00178	0.00000	0.00115
2004	 2	19	24	0.00002	0.00000	0.00002
2004	 2	20	24	0.00117	0.00000	0.00075
2004	 2	21	24	0.00138	0.00000	0.00089
2004	 2	22	24	0.00044	0.00000	0.00029
2004	 2	23	24	0.00000	0.00000	0.00000
2004	 2	24	24	0.00011	0.00000	0.00007
2004	 2	25	24	0.00007	0.00000	0.00005
2004	 2	26	24	0.00022	0.00000	0.00014
2004	 2	27	24	0.00013	0.00000	0.00009
2004	 2	28	24	0.00018	0.00000	0.00012
2004	 2	29	24	0.00000	0.00000	0.00000
2004	 3	 1	24	0.00000	0.00000	0.00000
2004	 3	 2	24	0.00043	0.00000	0.00028
2004	 3	 3	24	0.00043	0.00000	0.00028
2004	 3	 4	24	0.00012	0.00000	0.00008
2004	 3	 5	24	0.00084	0.00000	0.00054
2004	 3	 6	24	0.00057	0.00000	0.00037
2004	 3	 7	24	0.00081	0.00000	0.00052
2004	 3	 8	24	0.00031	0.00000	0.00020
2004	 3	 9	24	0.00119	0.00000	0.00077
2004	 3	10	24	0.00112	0.00000	0.00073
2004	 3	11	24	0.00269	0.00000	0.00174
2004	 3	12	24	0.00339	0.00000	0.00220
2004	 3	13	24	0.00363	0.00000	0.00235
2004	 3	14	24	0.00441	0.00000	0.00285
2004	 3	15	24	0.00435	0.00061	0.00303
2004	 3	16	24	0.00447	0.00324	0.00403
2004	 3	17	24	0.18885	0.24243	0.20777
2004	 3	18	24	0.63843	2.53341	1.30757
2004	 3	19	24	0.46276	6.01947	2.42489
2004	 3	20	24	0.17480	6.49037	2.40490
2004	 3	21	24	0.00604	3.37427	1.19540
2004	 3	22	24	0.00000	0.46624	0.16463
2004	 3	23	24	0.00000	0.10219	0.03608
2004	 3	24	24	0.00000	0.22549	0.07962
2004	 3	25	24	0.00000	0.00000	0.00000
2004	 3	26	24	0.00000	0.00000	0.00000
2004	 3	27	24	0.00000	0.00004	0.00001
2004	 3	28	24	0.00000	0.00015	0.00005
2004	 3	29	24	0.00000	0.00000	0.00000
2004	 3	30	24	0.00000	0.00000	0.00000
2004	 3	31	24	0.00000	0.00007	0.00002
2004	 4	 1	24	0.00000	0.00008	0.00003
2004	 4	 2	24	0.00000	0.00000	0.00000
2004	 4	 3	24	0.00000	0.00000	0.00000
2004	 4	 4	24	0.00000	0.00000	0.00000
2004	 4	 5	24	0.00000	0.00000	0.00000
2004	 4	 6	24	0.00000	0.00000	0.00000
2004	 4	 7	24	0.00000	0.00000	0.00000
2004	 4	 8	24	0.00000	0.00000	0.00000
2004	 4	 9	24	0.00000	0.00000	0.00000
2004	 4	10	24	0.00000	0.00000	0.00000
2004	 4	11	24	0.00000	0.00000	0.00000
2004	 4	12	24	0.00000	0.00000	0.00000
2004	 4	13	24	0.00000	0.00000	0.00000
2004	 4	14	24	0.00000	0.00000	0.00000
2004	 4	15	24	0.00000	0.00000	0.00000
2004	 4	16	24	0.00000	0.00000	0.00000
2004	 4	17	24	0.00000	0.00000	0.00000
2004	 4	18	24	0.00000	0.00000	0.00000
2004	 4	19	24	0.00000	0.00000	0.00000
2004	 4	20	24	0.00000	0.00000	0.00000
2004	 4	21	24	0.00000	0.00000	0.00000
2004	 4	22	24	0.00000	0.00000	0.00000
2004	 4	23	24	0.00000	0.00000	0.00000
2004	 4	24	24	0.00000	0.00000	0.00000
2004	 4	25	24	0.00000	0.00000	0.00000
2004	 4	26	24	0.00000	0.00000	0.00000
2004	 4	27	24	0.00000	0.00000	0.00000
2004	 4	28	24	0.00000	0.00000	0.00000
2004	 4	29	24	0.00000	0.00000	0.00000
2004	 4	30	24	0.00000	0.00000	0.00000
2004	 5	 1	24	0.00000	0.00000	0.00000
2004	 5	 2	24	0.00000	0.00000	0.00000
2004	 5	 3	24	0.00000	0.00000	0.00000
2004	 5	 4	24	0.00000	0.00000	0.00000
2004	 5	 5	24	0.00000	0.00000	0.00000
2004	 5	 6	24	0.00000	0.00000	0.00000
2004	 5	 7	24	0.00000	0.00000	0.00000
2004	 5	 8	24	0.00000	0.00000	0.00000
2004	 5	 9	24	0.00000	0.00000	0.00000
2004	 5	10	24	0.00462	0.00000	0.00299
2004	 5	11	24	0.00000	0.00000	0.00000
2004	 5	12	24	0.00000	0.00000	0.00000
2004	 5	13	24	0.00000	0.00000	0.00000
2004	 5	14	24	0.00000	0.00000	0.00000
2004	 5	15	24	0.00000	0.00000	0.00000
2004	 5	16	24	0.00000	0.00000	0.00000
2004	 5	17	24	0.00000	0.00000	0.00000
2004	 5	18	24	0.00000	0.00000	0.00000
2004	 5	19	24	0.00000	0.00000	0.00000
2004	 5	20	24	0.00000	0.00000	0.00000
2004	 5	21	24	0.00000	0.00000	0.00000
2004	 5	22	24	0.00000	0.00000	0.00000
2004	 5	23	24	0.00000	0.00000	0.00000
2004	 5	24	24	0.00000	0.00000	0.00000
2004	 5	25	24	0.00000	0.00000	0.00000
2004	 5	26	24	0.00000	0.00000	0.00000
2004	 5	27	24	0.00000	0.00000	0.00000
2004	 5	28	24	0.00000	0.00000	0.00000
2004	 5	29	24	0.00000	0.00000	0.00000
2004	 5	30	24	0.00000	0.00000	0.00000
2004	 5	31	24	0.00000	0.00000	0.00000
2004	 6	 1	24	0.00000	0.00000	0.00000
2004	 6	 2	24	0.00000	0.00000	0.00000
2004	 6	 3	24	0.00000	0.00000	0.00000
2004	 6	 4	24	0.00000	0.00000	0.00000
2004	 6	 5	24	0.00000	0.00000	0.00000
2004	 6	 6	24	0.00000	0.00000	0.00000
2004	 6	 7	24	0.00000	0.00000	0.00000
2004	 6	 8	24	0.00000	0.00000	0.00000
2004	 6	 9	24	0.00000	0.00000	0.00000
2004	 6	10	24	0.00000	0.00000	0.00000
2004	 6	11	24	0.00000	0.00000	0.00000
2004	 6	12	24	0.00000	0.00000	0.00000
2004	 6	13	24	0.00000	0.00000	0.00000
2004	 6	14	24	0.00000	0.00000	0.00000
2004	 6	15	24	0.00000	0.00000	0.00000
2004	 6	16	24	0.00000	0.00000	0.00000
2004	 6	17	24	0.00000	0.00000	0.00000
2004	 6	18	24	0.00000	0.00000	0.00000
2004	 6	19	24	0.00000	0.00000	0.00000
2004	 6	20	24	0.00000	0.00000	0.00000
2004	 6	21	24	0.00000	0.00000	0.00000
2004	 6	22	24	0.00000	0.00000	0.00000
2004	 6	23	24	0.00000	0.00000	0.00000
2004	 6	24	24	0.00000	0.00000	0.00000
2004	 6	25	24	0.00000	0.00000	0.00000
2004	 6	26	24	0.00000	0.00000	0.00000
2004	 6	27	24	0.00000	0.00000	0.00000
2004	 6	28	24	0.00000	0.00000	0.00000
2004	 6	29	24	0.00000	0.00000	0.00000
2004	 6	30	24	0.00000	0.00000	0.00000
2004	 7	 1	24	0.00000	0.00000	0.00000
2004	 7	 2	24	0.00000	0.00000	0.00000
2004	 7	 3	24	0.00000	0.00000	0.00000
2004	 7	 4	24	0.00000	0.00000	0.00000
2004	 7	 5	24	0.00000	0.00000	0.00000
2004	 7	 6	24	0.00000	0.00000	0.00000
2004	 7	 7	24	0.00000	0.00000	0.00000
2004	 7	 8	24	0.00000	0.01704	0.00602
2004	 7	 9	24	0.00000	0.00000	0.00000
2004	 7	10	24	0.00000	0.00000	0.00000
2004	 7	11	24	0.00000	0.00000	0.00000
2004	 7	12	24	0.00000	0.00000	0.00000
2004	 7	13	24	0.00000	0.00000	0.00000
2004	 7	14	24	0.00000	0.00000	0.00000
2004	 7	15	24	0.00000	0.00000	0.00000
2004	 7	16	24	0.00000	0.00000	0.00000
2004	 7	17	24	0.00000	0.00000	0.00000
2004	 7	18	24	0.00000	0.00000	0.00000
2004	 7	19	24	0.00000	0.00000	0.00000
2004	 7	20	24	0.00000	0.00000	0.00000
2004	 7	21	24	0.00000	0.00000	0.00000
2004	 7	22	24	0.00000	0.00000	0.00000
2004	 7	23	24	0.00000	0.00000	0.00000
2004	 7	24	24	0.00000	0.00000	0.00000
2004	 7	25	24	0.00000	0.00000	0.00000
2004	 7	26	24	0.00000	0.00000	0.00000
2004	 7	27	24	0.00000	0.00000	0.00000
2004	 7	28	24	0.00000	0.00000	0.00000
2004	 7	29	24	0.00000	0.00000	0.00000
2004	 7	30	24	0.00000	0.00000	0.00000
2004	 7	31	24	0.00000	0.00000	0.00000
2004	 8	 1	24	0.00000	0.00000	0.00000
2004	 8	 2	24	0.00000	0.00000	0.00000
2004	 8	 3	24	0.00000	0.00000	0.00000
2004	 8	 4	24	0.00000	0.00000	0.00000
2004	 8	 5	24	0.00000	0.00000	0.00000
2004	 8	 6	24	0.00000	0.00000	0.00000
2004	 8	 7	24	0.00000	0.00000	0.00000
2004	 8	 8	24	0.00000	0.00000	0.00000
2004	 8	 9	24	0.00000	0.00000	0.00000
2004	 8	10	24	0.00000	0.00000	0.00000
2004	 8	11	24	0.00000	0.00000	0.00000
2004	 8	12	24	0.00000	0.00000	0.00000
2004	 8	13	24	0.00000	0.00000	0.00000
2004	 8	14	24	0.00000	0.00000	0.00000
2004	 8	15	24	0.00000	0.00000	0.00000
2004	 8	16	24	0.00000	0.00000	0.00000
2004	 8	17	24	0.00000	0.00000	0.00000
2004	 8	18	24	0.00000	0.00000	0.00000
2004	 8	19	24	0.00000	0.00000	0.00000
2004	 8	20	24	0.00000	0.00000	0.00000
2004	 8	21	24	0.00000	0.00000	0.00000
2004	 8	22	24	0.00000	0.00000	0.00000
2004	 8	23	24	0.00000	0.00000	0.00000
2004	 8	24	24	0.00000	0.00000	0.00000
2004	 8	25	24	0.00000	0.00000	0.00000
2004	 8	26	24	0.00000	0.00000	0.00000
2004	 8	27	24	0.00000	0.00000	0.00000
2004	 8	28	24	0.00000	0.00000	0.00000
2004	 8	29	24	0.00000	0.00000	0.00000
2004	 8	30	24	0.00000	0.00000	0.00000
2004	 8	31	24	0.00000	0.00000	0.00000
2004	 9	 1	24	0.00000	0.00000	0.00000
2004	 9	 2	24	0.00000	0.00000	0.00000
2004	 9	 3	24	0.00000	0.00000	0.00000
2004	 9	 4	24	0.00000	0.00000	0.00000
2004	 9	 5	24	0.00000	0.00000	0.00000
2004	 9	 6	24	0.00000	0.00000	0.00000
2004	 9	 7	24	0.00000	0.00000	0.00000
2004	 9	 8	24	0.00000	0.00000	0.00000
2004	 9	 9	24	0.00000	0.00000	0.00000
2004	 9	10	24	0.00000	0.00000	0.00000
2004	 9	11	24	0.00000	0.00000	0.00000
2004	 9	12	24	0.00000	0.00000	0.00000
2004	 9	13	24	0.00000	0.00000	0.00000
2004	 9	14	24	0.00000	0.00000	0.00000
2004	 9	15	24	0.00000	0.00000	0.00000
2004	 9	16	24	0.00000	0.00000	0.00000
2004	 9	17	24	0.00000	0.00000	0.00000
2004	 9	18	24	0.00000	0.00000	0.00000
2004	 9	19	24	0.00000	0.00000	0.00000
2004	 9	20	24	0.00000	0.00000	0.00000
2004	 9	21	24	0.00000	0.00000	0.00000
2004	 9	22	24	0.00000	0.00000	0.00000
2004	 9	23	24	0.00000	0.00000	0.00000
2004	 9	24	24	0.00000	0.00000	0.00000
2004	 9	25	24	0.00000	0.00000	0.00000
2004	 9	26	24	0.00000	0.00000	0.00000
2004	 9	27	24	0.00000	0.00000	0.00000
2004	 9	28	24	0.00000	0.00000	0.00000
2004	 9	29	24	0.00000	0.00000	0.00000
2004	 9	30	24	0.00000	0.00000	0.00000
2004	10	 1	24	0.00000	0.00000	0.00000
2004	10	 2	24	0.00000	0.00000	0.00000
2004	10	 3	24	0.00000	0.00000	0.00000
2004	10	 4	24	0.00000	0.00000	0.00000
2004	10	 5	24	0.00000	0.00000	0.00000
2004	10	 6	24	0.00000	0.00000	0.00000
2004	10	 7	24	0.00000	0.00000	0.00000
2004	10	 8	24	0.00000	0.00000	0.00000
2004	10	 9	24	0.00000	0.00000	0.00000
2004	10	10	24	0.00000	0.00000	0.00000
2004	10	11	24	0.00000	0.00000	0.00000
2004	10	12	24	0.00000	0.00000	0.00000
2004	10	13	24	0.00000	0.00000	0.00000
2004	10	14	24	0.00000	0.00000	0.00000
2004	10	15	24	0.00000	0.00000	0.00000
2004	10	16	24	0.00000	0.00000	0.00000
2004	10	17	24	0.00000	0.00000	0.00000
2004	10	18	24	0.00000	0.00000	0.00000
2004	10	19	24	0.00000	0.00000	0.00000
2004	10	20	24	0.00000	0.00000	0.00000
2004	10	21	24	0.00000	0.00000	0.00000
2004	10	22	24	0.00000	0.00000	0.00000
2004	10	23	24	0.00000	0.00000	0.00000
2004	10	24	24	0.00000	0.00000	0.00000
2004	10	25	24	0.00000	0.00000	0.00000
2004	10	26	24	0.00000	0.00000	0.00000
2004	10	27	24	0.00000	0.00000	0.00000
2004	10	28	24	0.00000	0.00000	0.00000
2004	10	29	24	0.00000	0.00000	0.00000
2004	10	30	24	0.00000	0.00000	0.00000
2004	10	31	24	0.00000	0.00000	0.00000
2004	11	 1	24	0.00000	0.00000	0.00000
2004	11	 2	24	0.00000	0.00000	0.00000
2004	11	 3	24	0.00000	0.00000	0.00000
2004	11	 4	24	0.00000	0.00000	0.00000
2004	11	 5	24	0.00000	0.00000	0.00000
2004	11	 6	24	0.00000	0.00000	0.00000
2004	11	 7	24	0.00000	0.00000	0.00000
2004	11	 8	24	0.00000	0.00000	0.00000
2004	11	 9	24	0.00000	0.00000	0.00000
2004	11	10	24	0.00000	0.00000	0.00000
2004	11	11	24	0.00000	0.00000	0.00000
2004	11	12	24	0.00000	0.00000	0.00000
2004	11	13	24	0.00001	0.00019	0.00007
2004	11	14	24	0.00004	0.00037	0.00016
2004	11	15	24	0.00004	0.00033	0.00014
2004	11	16	24	0.00000	0.00018	0.00006
2004	11	17	24	0.00000	0.01124	0.00397
2004	11	18	24	0.20466	5.10753	1.93592
2004	11	19	24	0.00003	0.00246	0.00089
2004	11	20	24	0.00202	0.00000	0.00131
2004	11	21	24	0.00192	0.00002	0.00125
2004	11	22	24	0.26279	0.01449	0.17511
2004	11	23	24	0.35894	0.33374	0.35004
2004	11	24	24	0.00007	0.00458	0.00166
2004	11	25	24	0.00008	0.00516	0.00187
2004	11	26	24	0.00012	0.00788	0.00286
2004	11	27	24	0.00113	0.02227	0.00860
2004	11	28	24	0.00320	0.04741	0.01881
2004	11	29	24	0.00338	0.07609	0.02905
2004	11	30	24	0.00150	0.05359	0.01990
2004	12	 1	24	0.00175	0.12509	0.04530
2004	12	 2	24	0.00026	0.04214	0.01505
2004	12	 3	24	0.00006	0.02392	0.00848
2004	12	 4	24	0.00000	0.04291	0.01515
2004	12	 5	24	0.00000	0.03739	0.01320
2004	12	 6	24	0.00000	0.03319	0.01172
2004	12	 7	24	0.00000	0.01839	0.00650
2004	12	 8	24	0.00000	0.02848	0.01006
2004	12	 9	24	0.00000	0.01786	0.00631
2004	12	10	24	0.00000	0.01727	0.00610
2004	12	11	24	0.00000	0.00000	0.00000
2004	12	12	24	0.00000	0.00000	0.00000
2004	12	13	24	0.00000	0.00000	0.00000
2004	12	14	24	0.00000	0.00000	0.00000
2004	12	15	24	0.00000	0.00000	0.00000
2004	12	16	24	0.00000	0.00000	0.00000
2004	12	17	24	0.00000	0.00000	0.00000
2004	12	18	24	0.00000	0.00000	0.00000
2004	12	19	24	0.00000	0.00000	0.00000
2004	12	20	24	0.00000	0.00000	0.00000
2004	12	21	24	0.00000	0.00000	0.00000
2004	12	22	24	0.00000	0.00000	0.00000
2004	12	23	24	0.00000	0.00000	0.00000
2004	12	24	24	0.00000	0.00000	0.00000
2004	12	25	24	0.00000	0.00010	0.00004
2004	12	26	24	0.00011	0.00108	0.00045
2004	12	27	24	0.00001	0.00007	0.00003
2004	12	28	24	0.00000	0.00002	0.00001
2004	12	29	24	0.00002	0.00017	0.00007
2004	12	30	24	0.00007	0.00056	0.00024
2004	12	31	24	0.00018	0.00167	0.00071
2005	 1	 1	24	0.00041	0.00231	0.00108
2005	 1	 2	24	0.00250	0.02576	0.01072
2005	 1	 3	24	0.00338	0.02973	0.01268
2005	 1	 4	24	0.00597	0.05514	0.02333
2005	 1	 5	24	0.00849	0.08236	0.03457
2005	 1	 6	24	0.00515	0.05062	0.02121
2005	 1	 7	24	0.00408	0.11008	0.04151
2005	 1	 8	24	0.00000	0.17579	0.06207
2005	 1	 9	24	0.00000	0.07001	0.02472
2005	 1	10	24	0.00000	0.06053	0.02137
2005	 1	11	24	0.00000	0.01768	0.00624
2005	 1	12	24	0.00000	0.01056	0.00373
2005	 1	13	24	0.00000	0.00297	0.00105
2005	 1	14	24	0.00000	0.00071	0.00025
2005	 1	15	24	0.00000	0.00056	0.00020
2005	 1	16	24	0.00000	0.00167	0.00059
2005	 1	17	24	0.00000	0.00058	0.00020
2005	 1	18	24	0.00000	0.00000	0.00000
2005	 1	19	24	0.00000	0.00000	0.00000
2005	 1	20	24	0.15624	0.00206	0.10180
2005	 1	21	24	0.19981	0.00094	0.12959
2005	 1	22	24	0.00923	0.00075	0.00623
2005	 1	23	24	0.00642	0.00028	0.00425
2005	 1	24	24	0.00000	0.00000	0.00000
2005	 1	25	24	0.00000	0.00000	0.00000
2005	 1	26	24	0.00000	0.00000	0.00000
2005	 1	27	24	0.00000	0.00000	0.00000
2005	 1	28	24	0.00000	0.00000	0.00000
2005	 1	29	24	0.00000	0.00000	0.00000
2005	 1	30	24	0.00000	0.00000	0.00000
2005	 1	31	24	0.00002	0.00000	0.00001
2005	 2	 1	24	0.00004	0.00000	0.00003
2005	 2	 2	24	0.00038	0.00000	0.00025
2005	 2	 3	24	0.00068	0.00000	0.00044
2005	 2	 4	24	0.00088	0.00000	0.00057
2005	 2	 5	24	0.00201	0.00000	0.00130
2005	 2	 6	24	0.00209	0.00000	0.00135
2005	 2	 7	24	0.00207	0.00000	0.00134
2005	 2	 8	24	0.00191	0.00000	0.00124
2005	 2	 9	24	0.00675	0.00000	0.00437
2005	 2	10	24	0.07980	0.00000	0.05162
2005	 2	11	24	0.12400	0.00000	0.08021
2005	 2	12	24	0.84077	0.00287	0.54490
2005	 2	13	24	0.16689	0.00140	0.10845
2005	 2	14	24	0.00426	0.00000	0.00275
2005	 2	15	24	0.00331	0.00000	0.00214
2005	 2	16	24	0.00320	0.00000	0.00207
2005	 2	17	24	0.00000	0.00000	0.00000
2005	 2	18	24	0.00000	0.00000	0.00000
2005	 2	19	24	0.00000	0.00000	0.00000
2005	 2	20	24	0.00000	0.00000	0.00000
2005	 2	21	24	0.00000	0.00000	0.00000
2005	 2	22	24	0.00000	0.00000	0.00000
2005	 2	23	24	0.00000	0.00000	0.00000
2005	 2	24	24	0.00000	0.00000	0.00000
2005	 2	25	24	0.00000	0.00000	0.00000
2005	 2	26	24	0.00000	0.00000	0.00000
2005	 2	27	24	0.00000	0.00000	0.00000
2005	 2	28	24	0.00000	0.00000	0.00000
2005	 3	 1	24	0.00000	0.00000	0.00000
2005	 3	 2	24	0.00000	0.00000	0.00000
2005	 3	 3	24	0.00000	0.00000	0.00000
2005	 3	 4	24	0.00000	0.00000	0.00000
2005	 3	 5	24	0.00000	0.00000	0.00000
2005	 3	 6	24	0.00000	0.00000	0.00000
2005	 3	 7	24	0.00000	0.00000	0.00000
2005	 3	 8	24	0.00000	0.00000	0.00000
2005	 3	 9	24	0.00000	0.00000	0.00000
2005	 3	10	24	0.00001	0.00000	0.00001
2005	 3	11	24	0.00086	0.00000	0.00056
2005	 3	12	24	0.00175	0.00000	0.00113
2005	 3	13	24	0.00113	0.00000	0.00073
2005	 3	14	24	0.00271	0.00000	0.00175
2005	 3	15	24	0.01084	0.00000	0.00701
2005	 3	16	24	0.07586	0.00026	0.04916
2005	 3	17	24	1.74424	0.02222	1.13617
2005	 3	18	24	7.28725	6.22585	6.91246
2005	 3	19	24	0.05644	0.44049	0.19205
2005	 3	20	24	0.05376	0.07634	0.06173
2005	 3	21	24	0.05899	0.11233	0.07783
2005	 3	22	24	0.06277	0.13475	0.08819
2005	 3	23	24	0.07052	0.45142	0.20502
2005	 3	24	24	0.50755	3.12392	1.43142
2005	 3	25	24	1.76727	5.16563	2.96727
2005	 3	26	24	0.66756	3.63737	1.71623
2005	 3	27	24	0.50689	2.43093	1.18629
2005	 3	28	24	0.31099	1.63173	0.77736
2005	 3	29	24	0.32821	1.33196	0.68264
2005	 3	30	24	0.11119	0.42646	0.22252
2005	 3	31	24	0.00837	0.16548	0.06385
2005	 4	 1	24	0.00938	0.18190	0.07030
2005	 4	 2	24	0.04869	0.23079	0.11299
2005	 4	 3	24	0.03149	0.93178	0.34939
2005	 4	 4	24	0.00000	1.79209	0.63280
2005	 4	 5	24	0.00000	0.80898	0.28566
2005	 4	 6	24	0.00000	0.26703	0.09429
2005	 4	 7	24	0.00000	0.03698	0.01306
2005	 4	 8	24	0.00000	0.01011	0.00357
2005	 4	 9	24	0.00000	0.00728	0.00257
2005	 4	10	24	0.00000	0.00221	0.00078
2005	 4	11	24	0.00000	0.00087	0.00031
2005	 4	12	24	0.00000	0.00000	0.00000
2005	 4	13	24	0.00000	0.00000	0.00000
2005	 4	14	24	0.00000	0.00000	0.00000
2005	 4	15	24	0.00000	0.00000	0.00000
2005	 4	16	24	0.00000	0.00000	0.00000
2005	 4	17	24	0.00000	0.00000	0.00000
2005	 4	18	24	0.00000	0.00000	0.00000
2005	 4	19	24	0.00000	0.00000	0.00000
2005	 4	20	24	0.00000	0.00000	0.00000
2005	 4	21	24	0.00000	0.00000	0.00000
2005	 4	22	24	0.00000	0.00000	0.00000
2005	 4	23	24	0.00000	0.00000	0.00000
2005	 4	24	24	0.00000	0.00000	0.00000
2005	 4	25	24	0.00000	0.00000	0.00000
2005	 4	26	24	0.00000	0.00000	0.00000
2005	 4	27	24	0.00000	0.00000	0.00000
2005	 4	28	24	0.00000	0.00000	0.00000
2005	 4	29	24	0.00000	0.00000	0.00000
2005	 4	30	24	0.00000	0.00000	0.00000
2005	 5	 1	24	0.00000	0.00000	0.00000
2005	 5	 2	24	0.00000	0.00000	0.00000
2005	 5	 3	24	0.00000	0.00000	0.00000
2005	 5	 4	24	0.00000	0.00000	0.00000
2005	 5	 5	24	0.00000	0.00000	0.00000
2005	 5	 6	24	0.00000	0.00000	0.00000
2005	 5	 7	24	0.00000	0.00000	0.00000
2005	 5	 8	24	0.00000	0.00000	0.00000
2005	 5	 9	24	0.00000	0.00000	0.00000
2005	 5	10	24	0.00000	0.00000	0.00000
2005	 5	11	24	0.00000	0.00000	0.00000
2005	 5	12	24	0.00000	0.00000	0.00000
2005	 5	13	24	0.00000	0.00000	0.00000
2005	 5	14	24	0.00000	0.00000	0.00000
2005	 5	15	24	0.00000	0.00000	0.00000
2005	 5	16	24	0.00000	0.00000	0.00000
2005	 5	17	24	0.00000	0.00000	0.00000
2005	 5	18	24	0.00000	0.00000	0.00000
2005	 5	19	24	0.00000	0.00000	0.00000
2005	 5	20	24	0.00000	0.00000	0.00000
2005	 5	21	24	0.00000	0.00000	0.00000
2005	 5	22	24	0.00000	0.00000	0.00000
2005	 5	23	24	0.00000	0.00000	0.00000
2005	 5	24	24	0.00000	0.00000	0.00000
2005	 5	25	24	0.00000	0.00000	0.00000
2005	 5	26	24	0.00000	0.00000	0.00000
2005	 5	27	24	0.00000	0.00000	0.00000
2005	 5	28	24	0.00000	0.00000	0.00000
2005	 5	29	24	0.00000	0.00000	0.00000
2005	 5	30	24	0.00000	0.00000	0.00000
2005	 5	31	24	0.00000	0.00000	0.00000
2005	 6	 1	24	0.00000	0.00000	0.00000
2005	 6	 2	24	0.00000	0.00000	0.00000
2005	 6	 3	24	0.00000	0.00000	0.00000
2005	 6	 4	24	0.00000	0.00000	0.00000
2005	 6	 5	24	0.00000	0.00000	0.00000
2005	 6	 6	24	0.00000	0.00000	0.00000
2005	 6	 7	24	0.00000	0.00000	0.00000
2005	 6	 8	24	0.00000	0.00000	0.00000
2005	 6	 9	24	0.00000	0.00000	0.00000
2005	 6	10	24	0.00000	0.00000	0.00000
2005	 6	11	24	0.00000	0.00000	0.00000
2005	 6	12	24	0.00000	0.00000	0.00000
2005	 6	13	24	0.00000	0.00000	0.00000
2005	 6	14	24	0.00000	0.00000	0.00000
2005	 6	15	24	0.00000	0.00000	0.00000
2005	 6	16	24	0.00000	0.00000	0.00000
2005	 6	17	24	0.00000	0.00000	0.00000
2005	 6	18	24	0.00000	0.00000	0.00000
2005	 6	19	24	0.00000	0.00000	0.00000
2005	 6	20	24	0.00000	0.00000	0.00000
2005	 6	21	24	0.00000	0.00000	0.00000
2005	 6	22	24	0.00000	0.00000	0.00000
2005	 6	23	24	0.00000	0.00000	0.00000
2005	 6	24	24	0.00000	0.00000	0.00000
2005	 6	25	24	0.00000	0.00000	0.00000
2005	 6	26	24	0.00000	0.00000	0.00000
2005	 6	27	24	0.00000	0.00000	0.00000
2005	 6	28	24	0.00000	0.00000	0.00000
2005	 6	29	24	0.00000	0.00000	0.00000
2005	 6	30	24	0.00000	0.00000	0.00000
2005	 7	 1	24	0.00000	0.00000	0.00000
2005	 7	 2	24	0.00000	0.00000	0.00000
2005	 7	 3	24	0.00000	0.00000	0.00000
2005	 7	 4	24	0.00000	0.00000	0.00000
2005	 7	 5	24	0.00000	0.00000	0.00000
2005	 7	 6	24	0.00000	0.00000	0.00000
2005	 7	 7	24	0.00000	0.00000	0.00000
2005	 7	 8	24	0.00000	0.00000	0.00000
2005	 7	 9	24	0.00000	0.00000	0.00000
2005	 7	10	24	0.00000	0.00000	0.00000
2005	 7	11	24	0.00000	0.00000	0.00000
2005	 7	12	24	0.00000	0.00000	0.00000
2005	 7	13	24	0.00000	0.00000	0.00000
2005	 7	14	24	0.00000	0.00000	0.00000
2005	 7	15	24	0.00000	0.00000	0.00000
2005	 7	16	24	0.00000	0.00000	0.00000
2005	 7	17	24	0.00000	0.00000	0.00000
2005	 7	18	24	0.00000	0.00000	0.00000
2005	 7	19	24	0.00000	0.00000	0.00000
2005	 7	20	24	0.00000	0.00000	0.00000
2005	 7	21	24	0.00000	0.00000	0.00000
2005	 7	22	24	0.00000	0.00000	0.00000
2005	 7	23	24	0.00000	0.00000	0.00000
2005	 7	24	24	0.00000	0.00000	0.00000
2005	 7	25	24	0.00000	0.00000	0.00000
2005	 7	26	24	0.00000	0.00000	0.00000
2005	 7	27	24	0.00000	0.00000	0.00000
2005	 7	28	24	0.00000	0.00000	0.00000
2005	 7	29	24	0.00000	0.00000	0.00000
2005	 7	30	24	0.00000	0.00000	0.00000
2005	 7	31	24	0.00000	0.00000	0.00000
2005	 8	 1	24	0.00000	0.00000	0.00000
2005	 8	 2	24	0.00000	0.00000	0.00000
2005	 8	 3	24	0.00000	0.00000	0.00000
2005	 8	 4	24	0.00000	0.00000	0.00000
2005	 8	 5	24	0.00000	0.00000	0.00000
2005	 8	 6	24	0.00000	0.00000	0.00000
2005	 8	 7	24	0.00000	0.00000	0.00000
2005	 8	 8	24	0.00000	0.00000	0.00000
2005	 8	 9	24	0.00000	0.00000	0.00000
2005	 8	10	24	0.00000	0.00000	0.00000
2005	 8	11	24	0.00000	0.00000	0.00000
2005	 8	12	24	0.00000	0.00000	0.00000
2005	 8	13	24	0.00000	0.00000	0.00000
2005	 8	14	24	0.00000	0.00000	0.00000
2005	 8	15	24	0.00000	0.00000	0.00000
2005	 8	16	24	0.00000	0.00000	0.00000
2005	 8	17	24	0.00000	0.00000	0.00000
2005	 8	18	24	0.00000	0.00000	0.00000
2005	 8	19	24	0.00000	0.00000	0.00000
2005	 8	20	24	0.00000	0.00000	0.00000
2005	 8	21	24	0.00000	0.00000	0.00000
2005	 8	22	24	0.00000	0.00000	0.00000
2005	 8	23	24	0.00000	0.00000	0.00000
2005	 8	24	24	0.00000	0.00000	0.00000
2005	 8	25	24	0.00000	0.00000	0.00000
2005	 8	26	24	0.00000	0.00000	0.00000
2005	 8	27	24	0.00000	0.00000	0.00000
2005	 8	28	24	0.00000	0.00000	0.00000
2005	 8	29	24	0.00000	0.00000	0.00000
2005	 8	30	24	0.00000	0.00000	0.00000
2005	 8	31	24	0.00000	0.00000	0.00000
2005	 9	 1	24	0.00000	0.00000	0.00000
2005	 9	 2	24	0.00000	0.00000	0.00000
2005	 9	 3	24	0.00000	0.00000	0.00000
2005	 9	 4	24	0.00000	0.00000	0.00000
2005	 9	 5	24	0.00000	0.00000	0.00000
2005	 9	 6	24	0.00000	0.00000	0.00000
2005	 9	 7	24	0.00000	0.00000	0.00000
2005	 9	 8	24	0.00000	0.00000	0.00000
2005	 9	 9	24	0.00000	0.00000	0.00000
2005	 9	10	24	0.00000	0.00000	0.00000
2005	 9	11	24	0.00000	0.00000	0.00000
2005	 9	12	24	0.00000	0.00000	0.00000
2005	 9	13	24	0.00000	0.00000	0.00000
2005	 9	14	24	0.00000	0.00000	0.00000
2005	 9	15	24	0.00000	0.00000	0.00000
2005	 9	16	24	0.00000	0.00000	0.00000
2005	 9	17	24	0.00000	0.00000	0.00000
2005	 9	18	24	0.00000	0.00000	0.00000
2005	 9	19	24	0.00000	0.00000	0.00000
2005	 9	20	24	0.00000	0.00000	0.00000
2005	 9	21	24	0.00000	0.00000	0.00000
2005	 9	22	24	0.00000	0.00000	0.00000
2005	 9	23	24	0.00000	0.00000	0.00000
2005	 9	24	24	0.00000	0.00000	0.00000
2005	 9	25	24	0.00000	0.00000	0.00000
2005	 9	26	24	0.00000	0.00000	0.00000
2005	 9	27	24	0.00000	0.00000	0.00000
2005	 9	28	24	0.00000	0.00000	0.00000
2005	 9	29	24	0.00000	0.00000	0.00000
2005	 9	30	24	0.00000	0.00000	0.00000
2005	10	 1	24	0.00000	0.00000	0.00000
2005	10	 2	24	0.00000	0.00000	0.00000
2005	10	 3	24	0.00000	0.00000	0.00000
2005	10	 4	24	0.00000	0.00000	0.00000
2005	10	 5	24	0.00000	0.00000	0.00000
2005	10	 6	24	0.00000	0.00000	0.00000
2005	10	 7	24	0.00000	0.00000	0.00000
2005	10	 8	24	0.00000	0.00000	0.00000
2005	10	 9	24	0.00000	0.00000	0.00000
2005	10	10	24	0.00000	0.00000	0.00000
2005	10	11	24	0.00000	0.00000	0.00000
2005	10	12	24	0.00000	0.00000	0.00000
2005	10	13	24	0.00000	0.00000	0.00000
2005	10	14	24	0.00000	0.00000	0.00000
2005	10	15	24	0.00000	0.00000	0.00000
2005	10	16	24	0.00000	0.00000	0.00000
2005	10	17	24	0.00000	0.00000	0.00000
2005	10	18	24	0.00000	0.00000	0.00000
2005	10	19	24	0.00000	0.00000	0.00000
2005	10	20	24	0.00000	0.00000	0.00000
2005	10	21	24	0.00000	0.00000	0.00000
2005	10	22	24	0.00000	0.00000	0.00000
2005	10	23	24	0.00000	0.00000	0.00000
2005	10	24	24	0.00000	0.00000	0.00000
2005	10	25	24	0.00000	0.00000	0.00000
2005	10	26	24	0.00000	0.00000	0.00000
2005	10	27	24	0.00000	0.00000	0.00000
2005	10	28	24	0.00000	0.00000	0.00000
2005	10	29	24	0.00000	0.00000	0.00000
2005	10	30	24	0.00000	0.00000	0.00000
2005	10	31	24	0.00000	0.00000	0.00000
2005	11	 1	24	0.00000	0.00000	0.00000
2005	11	 2	24	0.00000	0.00000	0.00000
2005	11	 3	24	0.00000	0.00000	0.00000
2005	11	 4	24	0.00000	0.00000	0.00000
2005	11	 5	24	0.00000	0.00000	0.00000
2005	11	 6	24	0.00000	0.00000	0.00000
2005	11	 7	24	0.00000	0.00000	0.00000
2005	11	 8	24	0.00000	0.00000	0.00000
2005	11	 9	24	0.00000	0.00000	0.00000
2005	11	10	24	0.00000	0.00000	0.00000
2005	11	11	24	0.00000	0.00000	0.00000
2005	11	12	24	0.00000	0.00000	0.00000
2005	11	13	24	0.00000	0.00000	0.00000
2005	11	14	24	0.00000	0.00000	0.00000
2005	11	15	24	0.00000	0.00000	0.00000
2005	11	16	24	0.00000	0.00000	0.00000
2005	11	17	24	0.00000	0.00000	0.00000
2005	11	18	24	0.00000	0.00000	0.00000
2005	11	19	24	0.00000	0.00000	0.00000
2005	11	20	24	0.00000	0.00000	0.00000
2005	11	21	24	0.00000	0.00000	0.00000
2005	11	22	24	0.00000	0.00000	0.00000
2005	11	23	24	0.00000	0.00000	0.00000
2005	11	24	24	0.00000	0.00000	0.00000
2005	11	25	24	0.00007	0.00000	0.00004
2005	11	26	24	0.00080	0.00000	0.00052
2005	11	27	24	0.00029	0.00000	0.00019
2005	11	28	24	0.00030	0.00000	0.00019
2005	11	29	24	0.00022	0.00000	0.00014
2005	11	30	24	0.00011	0.00000	0.00007
2005	12	 1	24	0.00016	0.00000	0.00011
2005	12	 2	24	0.00011	0.00000	0.00007
2005	12	 3	24	0.00030	0.00000	0.00019
2005	12	 4	24	0.00414	0.00000	0.00268
2005	12	 5	24	0.00375	0.00000	0.00243
2005	12	 6	24	0.00309	0.00000	0.00200
2005	12	 7	24	0.00232	0.00000	0.00150
2005	12	 8	24	0.00294	0.00000	0.00190
2005	12	 9	24	0.00070	0.00000	0.00045
2005	12	10	24	0.00102	0.00000	0.00066
2005	12	11	24	0.00047	0.00000	0.00030
2005	12	12	24	0.00022	0.00000	0.00014
2005	12	13	24	0.00016	0.00001	0.00011
2005	12	14	24	0.00051	0.00049	0.00050
2005	12	15	24	0.00757	0.00243	0.00576
2005	12	16	24	0.16146	0.00006	0.10447
2005	12	17	24	0.00000	0.00000	0.00000
2005	12	18	24	0.00000	0.00000	0.00000
2005	12	19	24	0.00090	0.00000	0.00058
2005	12	20	24	0.00382	0.00000	0.00247
2005	12	21	24	0.00138	0.00000	0.00089
2005	12	22	24	0.00625	0.00000	0.00404
2005	12	23	24	0.00988	0.00000	0.00639
2005	12	24	24	0.01198	0.00000	0.00775
2005	12	25	24	0.00628	0.00000	0.00406
2005	12	26	24	0.01400	0.00000	0.00905
2005	12	27	24	0.00540	0.00000	0.00349
2005	12	28	24	0.00000	0.00000	0.00000
2005	12	29	24	0.00000	0.00000	0.00000
2005	12	30	24	0.00007	0.00000	0.00005
2005	12	31	24	0.00049	0.00000	0.00032
2006	 1	 1	24	0.00326	0.00000	0.00211
2006	 1	 2	24	0.00289	0.00000	0.00187
2006	 1	 3	24	0.00395	0.00000	0.00256
2006	 1	 4	24	0.00009	0.00000	0.00006
2006	 1	 5	24	0.00061	0.00000	0.00040
2006	 1	 6	24	0.00266	0.00000	0.00172
2006	 1	 7	24	0.00267	0.00000	0.00172
2006	 1	 8	24	0.00116	0.00000	0.00075
2006	 1	 9	24	0.00921	0.00000	0.00596
2006	 1	10	24	0.00839	0.00000	0.00543
2006	 1	11	24	0.00788	0.00000	0.00510
2006	 1	12	24	0.00315	0.00000	0.00204
2006	 1	13	24	0.00236	0.00000	0.00153
2006	 1	14	24	0.00267	0.00000	0.00172
2006	 1	15	24	0.00126	0.00000	0.00082
2006	 1	16	24	0.00120	0.00000	0.00078
2006	 1	17	24	0.00338	0.00000	0.00219
2006	 1	18	24	0.00139	0.00000	0.00090
2006	 1	19	24	0.00000	0.00000	0.00000
2006	 1	20	24	0.00177	0.00000	0.00115
2006	 1	21	24	0.02039	0.00000	0.01319
2006	 1	22	24	0.00000	0.00000	0.00000
2006	 1	23	24	0.00004	0.00000	0.00002
2006	 1	24	24	0.00238	0.00000	0.00154
2006	 1	25	24	0.00003	0.00000	0.00002
2006	 1	26	24	0.00004	0.00000	0.00002
2006	 1	27	24	0.00138	0.00000	0.00089
2006	 1	28	24	0.00339	0.00000	0.00220
2006	 1	29	24	0.00292	0.00000	0.00189
2006	 1	30	24	0.00254	0.00000	0.00165
2006	 1	31	24	0.00244	0.00000	0.00158
2006	 2	 1	24	0.00389	0.00128	0.00297
2006	 2	 2	24	0.00288	0.00092	0.00219
2006	 2	 3	24	0.00026	0.00002	0.00017
2006	 2	 4	24	0.00000	0.00000	0.00000
2006	 2	 5	24	0.00000	0.00000	0.00000
2006	 2	 6	24	0.00000	0.00000	0.00000
2006	 2	 7	24	0.01918	0.00005	0.01242
2006	 2	 8	24	0.03556	0.00015	0.02305
2006	 2	 9	24	0.00945	0.00011	0.00616
2006	 2	10	24	0.00796	0.00000	0.00515
2006	 2	11	24	0.00252	0.00000	0.00163
2006	 2	12	24	0.00356	0.00000	0.00230
2006	 2	13	24	0.00587	0.00000	0.00380
2006	 2	14	24	0.00865	0.00000	0.00559
2006	 2	15	24	0.00969	0.00000	0.00627
2006	 2	16	24	0.01627	0.00000	0.01052
2006	 2	17	24	0.01979	0.00032	0.01291
2006	 2	18	24	0.01724	0.00058	0.01136
2006	 2	19	24	0.01889	0.00142	0.01272
2006	 2	20	24	0.01286	0.00106	0.00869
2006	 2	21	24	0.00694	0.00085	0.00479
2006	 2	22	24	0.00004	0.00000	0.00003
2006	 2	23	24	0.00034	0.00000	0.00022
2006	 2	24	24	0.00229	0.00000	0.00148
2006	 2	25	24	0.00017	0.00000	0.00011
2006	 2	26	24	0.00000	0.00000	0.00000
2006	 2	27	24	0.00000	0.00000	0.00000
2006	 2	28	24	0.00000	0.00000	0.00000
2006	 3	 1	24	0.00002	0.00000	0.00002
2006	 3	 2	24	0.00023	0.00000	0.00015
2006	 3	 3	24	0.00092	0.00000	0.00060
2006	 3	 4	24	0.00082	0.00000	0.00053
2006	 3	 5	24	0.00194	0.00000	0.00126
2006	 3	 6	24	0.00224	0.00000	0.00145
2006	 3	 7	24	0.00189	0.00000	0.00122
2006	 3	 8	24	0.00284	0.00000	0.00183
2006	 3	 9	24	0.00984	0.00000	0.00636
2006	 3	10	24	0.00970	0.00000	0.00628
2006	 3	11	24	0.01046	0.00000	0.00677
2006	 3	12	24	0.00000	0.00000	0.00000
2006	 3	13	24	0.00000	0.00000	0.00000
2006	 3	14	24	0.00000	0.00000	0.00000
2006	 3	15	24	0.00000	0.00000	0.00000
2006	 3	16	24	0.00001	0.00000	0.00000
2006	 3	17	24	0.00001	0.00000	0.00001
2006	 3	18	24	0.00004	0.00000	0.00003
2006	 3	19	24	0.00037	0.00000	0.00024
2006	 3	20	24	0.00191	0.00000	0.00124
2006	 3	21	24	0.00381	0.00000	0.00246
2006	 3	22	24	0.00371	0.00000	0.00240
2006	 3	23	24	0.00386	0.00000	0.00250
2006	 3	24	24	0.00421	0.00054	0.00292
2006	 3	25	24	0.00874	0.00197	0.00635
2006	 3	26	24	0.04859	0.23052	0.11283
2006	 3	27	24	0.55923	1.93170	1.04386
2006	 3	28	24	0.32929	1.65340	0.79685
2006	 3	29	24	0.16262	1.53709	0.64796
2006	 3	30	24	0.94419	5.52749	2.56261
2006	 3	31	24	0.49048	4.02695	1.73925
2006	 4	 1	24	0.49521	4.28879	1.83477
2006	 4	 2	24	0.43989	4.17926	1.76030
2006	 4	 3	24	0.12893	2.21355	0.86503
2006	 4	 4	24	0.00940	0.10894	0.04455
2006	 4	 5	24	0.00572	0.06446	0.02647
2006	 4	 6	24	0.00827	0.10368	0.04196
2006	 4	 7	24	0.01081	0.16472	0.06516
2006	 4	 8	24	0.01290	0.25910	0.09983
2006	 4	 9	24	0.00938	0.36472	0.13485
2006	 4	10	24	0.00506	0.13587	0.05125
2006	 4	11	24	0.00262	0.07347	0.02764
2006	 4	12	24	0.00218	0.06674	0.02498
2006	 4	13	24	0.00517	0.21687	0.07992
2006	 4	14	24	0.00598	0.29434	0.10781
2006	 4	15	24	0.04296	0.79401	0.30817
2006	 4	16	24	0.07740	3.30373	1.21665
2006	 4	17	24	0.00720	3.04176	1.07873
2006	 4	18	24	0.00000	1.13850	0.40202
2006	 4	19	24	0.00000	0.83715	0.29561
2006	 4	20	24	0.00000	1.22318	0.43192
2006	 4	21	24	0.00000	0.78340	0.27663
2006	 4	22	24	0.00000	0.17698	0.06249
2006	 4	23	24	0.00000	0.01266	0.00447
2006	 4	24	24	0.00000	0.00093	0.00033
2006	 4	25	24	0.00000	0.00000	0.00000
2006	 4	26	24	0.00000	0.00000	0.00000
2006	 4	27	24	0.00000	0.00000	0.00000
2006	 4	28	24	0.00000	0.00000	0.00000
2006	 4	29	24	0.00000	0.00000	0.00000
