YY	MM	DD	HH	"1"	"2"	tot_average
Bodenspeicher in 1/1 je Zone soil_model
--	--	--	--	0.6468891	0.3531109	1.0000
2000	 8	 1	24	0.27471	0.30094	0.28397
2000	 8	 2	24	0.26078	0.28878	0.27067
2000	 8	 3	24	0.25168	0.28115	0.26208
2000	 8	 4	24	0.24244	0.27421	0.25366
2000	 8	 5	24	0.23276	0.26485	0.24409
2000	 8	 6	24	0.22658	0.26391	0.23976
2000	 8	 7	24	0.23728	0.27322	0.24997
2000	 8	 8	24	0.23713	0.27301	0.24980
2000	 8	 9	24	0.23434	0.27088	0.24724
2000	 8	10	24	0.22978	0.26541	0.24236
2000	 8	11	24	0.22356	0.25771	0.23562
2000	 8	12	24	0.21681	0.25013	0.22858
2000	 8	13	24	0.20812	0.24118	0.21980
2000	 8	14	24	0.19507	0.22768	0.20658
2000	 8	15	24	0.19470	0.22897	0.20680
2000	 8	16	24	0.19039	0.22622	0.20304
2000	 8	17	24	0.18225	0.21702	0.19452
2000	 8	18	24	0.17261	0.20642	0.18455
2000	 8	19	24	0.16705	0.20030	0.17879
2000	 8	20	24	0.17667	0.20690	0.18734
2000	 8	21	24	0.18979	0.21690	0.19936
2000	 8	22	24	0.19682	0.21702	0.20395
2000	 8	23	24	0.19886	0.21597	0.20490
2000	 8	24	24	0.19448	0.21091	0.20028
2000	 8	25	24	0.18743	0.20447	0.19345
2000	 8	26	24	0.18380	0.20137	0.19001
2000	 8	27	24	0.17601	0.19451	0.18254
2000	 8	28	24	0.18183	0.18861	0.18422
2000	 8	29	24	0.18204	0.18846	0.18431
2000	 8	30	24	0.17862	0.18429	0.18062
2000	 8	31	24	0.17279	0.17972	0.17524
2000	 9	 1	24	0.18381	0.19158	0.18655
2000	 9	 2	24	0.19779	0.20318	0.19969
2000	 9	 3	24	0.21644	0.21891	0.21731
2000	 9	 4	24	0.24964	0.24551	0.24818
2000	 9	 5	24	0.26268	0.25536	0.26010
2000	 9	 6	24	0.28655	0.27548	0.28264
2000	 9	 7	24	0.29625	0.28383	0.29186
2000	 9	 8	24	0.29891	0.28833	0.29518
2000	 9	 9	24	0.29520	0.28759	0.29251
2000	 9	10	24	0.28307	0.27942	0.28178
2000	 9	11	24	0.27424	0.27334	0.27392
2000	 9	12	24	0.26715	0.26821	0.26753
2000	 9	13	24	0.27210	0.26288	0.26884
2000	 9	14	24	0.26946	0.26106	0.26649
2000	 9	15	24	0.26481	0.25787	0.26236
2000	 9	16	24	0.26937	0.25483	0.26424
2000	 9	17	24	0.27252	0.25513	0.26638
2000	 9	18	24	0.27219	0.25490	0.26608
2000	 9	19	24	0.27045	0.25398	0.26463
2000	 9	20	24	0.26412	0.25160	0.25970
2000	 9	21	24	0.27946	0.25509	0.27085
2000	 9	22	24	0.27946	0.25509	0.27086
2000	 9	23	24	0.27946	0.25509	0.27086
2000	 9	24	24	0.27115	0.25274	0.26465
2000	 9	25	24	0.26008	0.24880	0.25610
2000	 9	26	24	0.24984	0.24540	0.24827
2000	 9	27	24	0.24951	0.24195	0.24684
2000	 9	28	24	0.24474	0.23860	0.24257
2000	 9	29	24	0.23558	0.23596	0.23572
2000	 9	30	24	0.21969	0.22989	0.22329
2000	10	 1	24	0.25682	0.24085	0.25118
2000	10	 2	24	0.27024	0.24338	0.26075
2000	10	 3	24	0.28118	0.24640	0.26890
2000	10	 4	24	0.28315	0.24832	0.27085
2000	10	 5	24	0.33184	0.26538	0.30837
2000	10	 6	24	0.36780	0.28208	0.33753
2000	10	 7	24	0.38639	0.29957	0.35573
2000	10	 8	24	0.41365	0.32426	0.38209
2000	10	 9	24	0.42431	0.33438	0.39256
2000	10	10	24	0.42857	0.33745	0.39640
2000	10	11	24	0.43502	0.34526	0.40332
2000	10	12	24	0.43598	0.34608	0.40424
2000	10	13	24	0.43348	0.34640	0.40273
2000	10	14	24	0.42391	0.34536	0.39617
2000	10	15	24	0.41911	0.34350	0.39241
2000	10	16	24	0.39841	0.33873	0.37734
2000	10	17	24	0.38975	0.33548	0.37059
2000	10	18	24	0.43287	0.34971	0.40350
2000	10	19	24	0.43455	0.34973	0.40460
2000	10	20	24	0.43473	0.34983	0.40475
2000	10	21	24	0.43480	0.34985	0.40481
2000	10	22	24	0.42514	0.34973	0.39851
2000	10	23	24	0.41333	0.34871	0.39051
2000	10	24	24	0.40786	0.34853	0.38691
2000	10	25	24	0.43133	0.35380	0.40395
2000	10	26	24	0.44901	0.36948	0.42092
2000	10	27	24	0.45663	0.37898	0.42921
2000	10	28	24	0.45729	0.38102	0.43036
2000	10	29	24	0.45693	0.38102	0.43012
2000	10	30	24	0.44947	0.38100	0.42530
2000	10	31	24	0.44526	0.38121	0.42264
2000	11	 1	24	0.44876	0.38131	0.42494
2000	11	 2	24	0.44324	0.38124	0.42134
2000	11	 3	24	0.46537	0.39674	0.44113
2000	11	 4	24	0.46542	0.39674	0.44116
2000	11	 5	24	0.46450	0.39673	0.44057
2000	11	 6	24	0.46434	0.40261	0.44254
2000	11	 7	24	0.47752	0.41833	0.45662
2000	11	 8	24	0.47708	0.41833	0.45634
2000	11	 9	24	0.47318	0.41831	0.45380
2000	11	10	24	0.46685	0.41822	0.44968
2000	11	11	24	0.45998	0.41755	0.44500
2000	11	12	24	0.45303	0.41664	0.44018
2000	11	13	24	0.44368	0.41584	0.43385
2000	11	14	24	0.47993	0.43103	0.46266
2000	11	15	24	0.48334	0.43384	0.46586
2000	11	16	24	0.48819	0.44616	0.47335
2000	11	17	24	0.50009	0.46163	0.48651
2000	11	18	24	0.50014	0.46163	0.48654
2000	11	19	24	0.50017	0.46163	0.48656
2000	11	20	24	0.50396	0.46869	0.49150
2000	11	21	24	0.50919	0.48199	0.49959
2000	11	22	24	0.50920	0.48199	0.49959
2000	11	23	24	0.50919	0.48199	0.49959
2000	11	24	24	0.52110	0.49659	0.51244
2000	11	25	24	0.53320	0.50989	0.52497
2000	11	26	24	0.54587	0.52242	0.53759
2000	11	27	24	0.55516	0.52927	0.54602
2000	11	28	24	0.56429	0.53861	0.55522
2000	11	29	24	0.56466	0.53869	0.55549
2000	11	30	24	0.56484	0.53874	0.55562
2000	12	 1	24	0.56473	0.53877	0.55556
2000	12	 2	24	0.56230	0.53878	0.55399
2000	12	 3	24	0.56008	0.53878	0.55256
2000	12	 4	24	0.55889	0.53875	0.55178
2000	12	 5	24	0.55845	0.54014	0.55199
2000	12	 6	24	0.55603	0.54015	0.55042
2000	12	 7	24	0.55543	0.54015	0.55003
2000	12	 8	24	0.56135	0.54649	0.55610
2000	12	 9	24	0.56132	0.54649	0.55609
2000	12	10	24	0.57198	0.55871	0.56729
2000	12	11	24	0.58350	0.57076	0.57900
2000	12	12	24	0.59441	0.57970	0.58921
2000	12	13	24	0.59449	0.57976	0.58929
2000	12	14	24	0.59974	0.59155	0.59685
2000	12	15	24	0.61079	0.60199	0.60768
2000	12	16	24	0.62035	0.60225	0.61396
2000	12	17	24	0.62315	0.60247	0.61585
2000	12	18	24	0.62747	0.60840	0.62074
2000	12	19	24	0.62984	0.61329	0.62399
2000	12	20	24	0.63062	0.61356	0.62460
2000	12	21	24	0.63065	0.61362	0.62464
2000	12	22	24	0.63053	0.61367	0.62458
2000	12	23	24	0.62855	0.61372	0.62331
2000	12	24	24	0.62175	0.61809	0.62046
2000	12	25	24	0.62730	0.61808	0.62405
2000	12	26	24	0.62736	0.61809	0.62408
2000	12	27	24	0.62749	0.61817	0.62420
2000	12	28	24	0.63049	0.62467	0.62843
2000	12	29	24	0.63404	0.62488	0.63081
2000	12	30	24	0.64237	0.62488	0.63620
2000	12	31	24	0.64691	0.62488	0.63913
2001	 1	 1	24	0.65514	0.62488	0.64446
2001	 1	 2	24	0.66289	0.62488	0.64947
2001	 1	 3	24	0.66744	0.63221	0.65500
2001	 1	 4	24	0.67208	0.63615	0.65940
2001	 1	 5	24	0.68281	0.64412	0.66915
2001	 1	 6	24	0.69011	0.65194	0.67664
2001	 1	 7	24	0.69298	0.65997	0.68132
2001	 1	 8	24	0.69505	0.66847	0.68566
2001	 1	 9	24	0.69576	0.66901	0.68631
2001	 1	10	24	0.70535	0.67170	0.69346
2001	 1	11	24	0.70586	0.67250	0.69408
2001	 1	12	24	0.70596	0.67253	0.69415
2001	 1	13	24	0.70600	0.67255	0.69419
2001	 1	14	24	0.70602	0.67257	0.69421
2001	 1	15	24	0.70605	0.67257	0.69423
2001	 1	16	24	0.70583	0.67258	0.69409
2001	 1	17	24	0.70444	0.67258	0.69319
2001	 1	18	24	0.70425	0.67258	0.69307
2001	 1	19	24	0.70410	0.67258	0.69297
2001	 1	20	24	0.70481	0.67258	0.69343
2001	 1	21	24	0.70539	0.67258	0.69380
2001	 1	22	24	0.70732	0.67259	0.69505
2001	 1	23	24	0.71374	0.67259	0.69921
2001	 1	24	24	0.72145	0.67259	0.70419
2001	 1	25	24	0.73168	0.67579	0.71195
2001	 1	26	24	0.73770	0.68299	0.71838
2001	 1	27	24	0.74283	0.68342	0.72185
2001	 1	28	24	0.74698	0.69055	0.72705
2001	 1	29	24	0.74863	0.69148	0.72845
2001	 1	30	24	0.75662	0.69184	0.73375
2001	 1	31	24	0.75945	0.69213	0.73568
2001	 2	 1	24	0.76390	0.69213	0.73856
2001	 2	 2	24	0.76749	0.69213	0.74088
2001	 2	 3	24	0.76772	0.69213	0.74103
2001	 2	 4	24	0.77484	0.69213	0.74563
2001	 2	 5	24	0.78452	0.69986	0.75462
2001	 2	 6	24	0.79550	0.70758	0.76445
2001	 2	 7	24	0.81077	0.71547	0.77712
2001	 2	 8	24	0.82975	0.72484	0.79270
2001	 2	 9	24	0.84386	0.73505	0.80544
2001	 2	10	24	0.85148	0.74351	0.81335
2001	 2	11	24	0.85657	0.75293	0.81997
2001	 2	12	24	0.86328	0.76189	0.82748
2001	 2	13	24	0.86684	0.77369	0.83395
2001	 2	14	24	0.86921	0.78446	0.83929
2001	 2	15	24	0.86897	0.79637	0.84333
2001	 2	16	24	0.85192	0.80410	0.83503
2001	 2	17	24	0.84274	0.80317	0.82876
2001	 2	18	24	0.85245	0.80433	0.83546
2001	 2	19	24	0.86208	0.80492	0.84189
2001	 2	20	24	0.86834	0.80665	0.84655
2001	 2	21	24	0.87588	0.80904	0.85228
2001	 2	22	24	0.88127	0.80915	0.85580
2001	 2	23	24	0.88592	0.80920	0.85883
2001	 2	24	24	0.88772	0.80923	0.86001
2001	 2	25	24	0.88846	0.80925	0.86049
2001	 2	26	24	0.89080	0.80926	0.86201
2001	 2	27	24	0.89491	0.80927	0.86466
2001	 2	28	24	0.89924	0.80927	0.86747
2001	 3	 1	24	0.90403	0.80927	0.87057
2001	 3	 2	24	0.90875	0.80927	0.87363
2001	 3	 3	24	0.91363	0.80927	0.87678
2001	 3	 4	24	0.91908	0.80983	0.88050
2001	 3	 5	24	0.92189	0.80985	0.88233
2001	 3	 6	24	0.92656	0.81149	0.88593
2001	 3	 7	24	0.93135	0.81644	0.89077
2001	 3	 8	24	0.93601	0.82343	0.89626
2001	 3	 9	24	0.94191	0.83027	0.90249
2001	 3	10	24	0.94916	0.83697	0.90955
2001	 3	11	24	0.95588	0.84421	0.91645
2001	 3	12	24	0.96122	0.85240	0.92279
2001	 3	13	24	0.96720	0.86174	0.92996
2001	 3	14	24	0.97016	0.86848	0.93425
2001	 3	15	24	0.97259	0.87381	0.93771
2001	 3	16	24	0.97358	0.87851	0.94001
2001	 3	17	24	0.97584	0.88302	0.94306
2001	 3	18	24	0.97823	0.88766	0.94625
2001	 3	19	24	0.98026	0.89227	0.94919
2001	 3	20	24	0.98050	0.89239	0.94939
2001	 3	21	24	0.98106	0.89398	0.95031
2001	 3	22	24	0.98274	0.89833	0.95294
2001	 3	23	24	0.98424	0.90263	0.95542
2001	 3	24	24	0.98562	0.90735	0.95798
2001	 3	25	24	0.98708	0.91211	0.96061
2001	 3	26	24	0.98738	0.91217	0.96082
2001	 3	27	24	0.98752	0.91219	0.96092
2001	 3	28	24	0.98804	0.91220	0.96126
2001	 3	29	24	0.98637	0.91274	0.96037
2001	 3	30	24	0.98769	0.91607	0.96240
2001	 3	31	24	0.98724	0.91668	0.96232
2001	 4	 1	24	0.96940	0.91447	0.95000
2001	 4	 2	24	0.93234	0.90164	0.92150
2001	 4	 3	24	0.92225	0.88957	0.91071
2001	 4	 4	24	0.95072	0.90117	0.93323
2001	 4	 5	24	0.94332	0.89955	0.92786
2001	 4	 6	24	0.96449	0.90575	0.94375
2001	 4	 7	24	0.98590	0.91700	0.96157
2001	 4	 8	24	0.98861	0.92129	0.96484
2001	 4	 9	24	0.98861	0.92129	0.96484
2001	 4	10	24	0.96936	0.91819	0.95129
2001	 4	11	24	0.95713	0.91490	0.94222
2001	 4	12	24	0.98889	0.92519	0.96640
2001	 4	13	24	0.98960	0.92390	0.96640
2001	 4	14	24	0.99026	0.92390	0.96683
2001	 4	15	24	0.99084	0.92418	0.96730
2001	 4	16	24	0.99152	0.92945	0.96960
2001	 4	17	24	0.99177	0.93374	0.97128
2001	 4	18	24	0.99217	0.93817	0.97310
2001	 4	19	24	0.98527	0.94238	0.97012
2001	 4	20	24	0.99287	0.94656	0.97652
2001	 4	21	24	0.99337	0.95040	0.97819
2001	 4	22	24	0.99367	0.95251	0.97914
2001	 4	23	24	0.99368	0.95293	0.97929
2001	 4	24	24	0.98295	0.95051	0.97149
2001	 4	25	24	0.98744	0.94940	0.97401
2001	 4	26	24	0.95053	0.93997	0.94680
2001	 4	27	24	0.96454	0.93019	0.95241
2001	 4	28	24	0.98652	0.93229	0.96737
2001	 4	29	24	0.98252	0.93240	0.96482
2001	 4	30	24	0.96175	0.92930	0.95029
2001	 5	 1	24	0.90484	0.89913	0.90282
2001	 5	 2	24	0.85125	0.86620	0.85653
2001	 5	 3	24	0.86116	0.85645	0.85950
2001	 5	 4	24	0.86165	0.84849	0.85700
2001	 5	 5	24	0.92468	0.86976	0.90528
2001	 5	 6	24	0.96629	0.88668	0.93818
2001	 5	 7	24	0.97539	0.89168	0.94583
2001	 5	 8	24	0.97820	0.89327	0.94821
2001	 5	 9	24	0.97883	0.89398	0.94887
2001	 5	10	24	0.95965	0.87779	0.93074
2001	 5	11	24	0.92036	0.84568	0.89399
2001	 5	12	24	0.88183	0.81397	0.85786
2001	 5	13	24	0.84896	0.78810	0.82747
2001	 5	14	24	0.80700	0.75411	0.78833
2001	 5	15	24	0.78061	0.73144	0.76325
2001	 5	16	24	0.79166	0.73143	0.77040
2001	 5	17	24	0.79891	0.72830	0.77398
2001	 5	18	24	0.80564	0.73744	0.78156
2001	 5	19	24	0.80908	0.73716	0.78368
2001	 5	20	24	0.80214	0.73072	0.77692
2001	 5	21	24	0.77864	0.70971	0.75430
2001	 5	22	24	0.75630	0.68998	0.73288
2001	 5	23	24	0.73642	0.67165	0.71355
2001	 5	24	24	0.69539	0.63840	0.67527
2001	 5	25	24	0.65224	0.60195	0.63448
2001	 5	26	24	0.62187	0.57390	0.60493
2001	 5	27	24	0.58948	0.54699	0.57448
2001	 5	28	24	0.59362	0.55213	0.57897
2001	 5	29	24	0.59659	0.55216	0.58090
2001	 5	30	24	0.59109	0.54691	0.57549
2001	 5	31	24	0.59088	0.54760	0.57559
2001	 6	 1	24	0.59444	0.54839	0.57818
2001	 6	 2	24	0.60474	0.56435	0.59048
2001	 6	 3	24	0.62398	0.58026	0.60854
2001	 6	 4	24	0.64333	0.59655	0.62681
2001	 6	 5	24	0.65467	0.60288	0.63638
2001	 6	 6	24	0.65706	0.60545	0.63884
2001	 6	 7	24	0.65084	0.60229	0.63369
2001	 6	 8	24	0.64016	0.59450	0.62404
2001	 6	 9	24	0.64049	0.59497	0.62441
2001	 6	10	24	0.64728	0.60337	0.63178
2001	 6	11	24	0.66226	0.61684	0.64622
2001	 6	12	24	0.66233	0.61690	0.64629
2001	 6	13	24	0.65852	0.61403	0.64281
2001	 6	14	24	0.64257	0.60287	0.62855
2001	 6	15	24	0.61511	0.58007	0.60274
2001	 6	16	24	0.60027	0.56473	0.58772
2001	 6	17	24	0.60223	0.56441	0.58887
2001	 6	18	24	0.61855	0.57517	0.60323
2001	 6	19	24	0.61855	0.57514	0.60322
2001	 6	20	24	0.61829	0.57426	0.60275
2001	 6	21	24	0.62204	0.57842	0.60664
2001	 6	22	24	0.63544	0.59147	0.61991
2001	 6	23	24	0.63651	0.59192	0.62076
2001	 6	24	24	0.63672	0.59201	0.62094
2001	 6	25	24	0.62768	0.58369	0.61214
2001	 6	26	24	0.60394	0.56063	0.58865
2001	 6	27	24	0.57165	0.53015	0.55700
2001	 6	28	24	0.54010	0.50136	0.52642
2001	 6	29	24	0.53851	0.50009	0.52495
2001	 6	30	24	0.53309	0.49630	0.52010
2001	 7	 1	24	0.52801	0.49726	0.51715
2001	 7	 2	24	0.51986	0.49515	0.51113
2001	 7	 3	24	0.50877	0.48588	0.50069
2001	 7	 4	24	0.49002	0.46982	0.48289
2001	 7	 5	24	0.47770	0.45804	0.47075
2001	 7	 6	24	0.45070	0.43490	0.44512
2001	 7	 7	24	0.43707	0.42439	0.43259
2001	 7	 8	24	0.45343	0.43780	0.44791
2001	 7	 9	24	0.47224	0.45149	0.46491
2001	 7	10	24	0.47608	0.45276	0.46784
2001	 7	11	24	0.47163	0.44932	0.46376
2001	 7	12	24	0.45837	0.43953	0.45172
2001	 7	13	24	0.43378	0.42223	0.42970
2001	 7	14	24	0.42531	0.41722	0.42245
2001	 7	15	24	0.42559	0.41950	0.42344
2001	 7	16	24	0.44501	0.43504	0.44149
2001	 7	17	24	0.46670	0.45175	0.46142
2001	 7	18	24	0.47276	0.46066	0.46849
2001	 7	19	24	0.47202	0.45950	0.46760
2001	 7	20	24	0.48063	0.47036	0.47700
2001	 7	21	24	0.48482	0.47416	0.48105
2001	 7	22	24	0.48240	0.47320	0.47915
2001	 7	23	24	0.45844	0.45166	0.45605
2001	 7	24	24	0.43217	0.42829	0.43080
2001	 7	25	24	0.41504	0.41451	0.41485
2001	 7	26	24	0.39702	0.39973	0.39798
2001	 7	27	24	0.37726	0.38069	0.37847
2001	 7	28	24	0.35653	0.36200	0.35846
2001	 7	29	24	0.33110	0.33727	0.33328
2001	 7	30	24	0.32212	0.32532	0.32325
2001	 7	31	24	0.31408	0.31311	0.31374
2001	 8	 1	24	0.30384	0.30318	0.30360
2001	 8	 2	24	0.29697	0.29683	0.29692
2001	 8	 3	24	0.28475	0.28559	0.28505
2001	 8	 4	24	0.29047	0.28056	0.28697
2001	 8	 5	24	0.29109	0.28053	0.28736
2001	 8	 6	24	0.28680	0.27376	0.28219
2001	 8	 7	24	0.27923	0.26774	0.27517
2001	 8	 8	24	0.27193	0.26181	0.26836
2001	 8	 9	24	0.26845	0.25599	0.26405
2001	 8	10	24	0.26305	0.25053	0.25863
2001	 8	11	24	0.25514	0.24428	0.25130
2001	 8	12	24	0.24880	0.23957	0.24554
2001	 8	13	24	0.23928	0.23144	0.23651
2001	 8	14	24	0.23684	0.22946	0.23423
2001	 8	15	24	0.22519	0.22093	0.22368
2001	 8	16	24	0.21249	0.21091	0.21193
2001	 8	17	24	0.22127	0.21997	0.22081
2001	 8	18	24	0.22112	0.21981	0.22066
2001	 8	19	24	0.23715	0.23360	0.23590
2001	 8	20	24	0.26051	0.24907	0.25647
2001	 8	21	24	0.28279	0.25695	0.27367
2001	 8	22	24	0.29140	0.25814	0.27965
2001	 8	23	24	0.29456	0.25877	0.28193
2001	 8	24	24	0.29056	0.25491	0.27797
2001	 8	25	24	0.27933	0.24699	0.26791
2001	 8	26	24	0.28166	0.25280	0.27147
2001	 8	27	24	0.29152	0.26121	0.28082
2001	 8	28	24	0.28992	0.26216	0.28012
2001	 8	29	24	0.28434	0.25862	0.27526
2001	 8	30	24	0.27946	0.25558	0.27102
2001	 8	31	24	0.28620	0.26375	0.27827
2001	 9	 1	24	0.30540	0.27981	0.29636
2001	 9	 2	24	0.32235	0.28982	0.31086
2001	 9	 3	24	0.34699	0.31200	0.33463
2001	 9	 4	24	0.35450	0.31548	0.34072
2001	 9	 5	24	0.36102	0.31694	0.34545
2001	 9	 6	24	0.36353	0.31746	0.34726
2001	 9	 7	24	0.38349	0.33343	0.36581
2001	 9	 8	24	0.40908	0.35230	0.38903
2001	 9	 9	24	0.43498	0.37414	0.41350
2001	 9	10	24	0.46879	0.40367	0.44580
2001	 9	11	24	0.50853	0.44712	0.48684
2001	 9	12	24	0.53278	0.47427	0.51212
2001	 9	13	24	0.55303	0.49576	0.53281
2001	 9	14	24	0.56607	0.51342	0.54748
2001	 9	15	24	0.57636	0.52230	0.55727
2001	 9	16	24	0.58251	0.52978	0.56389
2001	 9	17	24	0.58804	0.53327	0.56870
2001	 9	18	24	0.60088	0.54581	0.58143
2001	 9	19	24	0.61272	0.55823	0.59348
2001	 9	20	24	0.62465	0.57062	0.60557
2001	 9	21	24	0.63643	0.58148	0.61702
2001	 9	22	24	0.63738	0.58164	0.61770
2001	 9	23	24	0.64742	0.59333	0.62832
2001	 9	24	24	0.65551	0.60472	0.63757
2001	 9	25	24	0.66659	0.61650	0.64890
2001	 9	26	24	0.67058	0.61957	0.65257
2001	 9	27	24	0.67977	0.63019	0.66226
2001	 9	28	24	0.68291	0.63376	0.66556
2001	 9	29	24	0.68311	0.63403	0.66578
2001	 9	30	24	0.69361	0.64413	0.67614
2001	10	 1	24	0.70437	0.65508	0.68696
2001	10	 2	24	0.70378	0.65506	0.68658
2001	10	 3	24	0.71370	0.66433	0.69627
2001	10	 4	24	0.72440	0.67121	0.70562
2001	10	 5	24	0.72598	0.67136	0.70669
2001	10	 6	24	0.71294	0.66997	0.69777
2001	10	 7	24	0.69741	0.66637	0.68645
2001	10	 8	24	0.69927	0.66474	0.68708
2001	10	 9	24	0.68560	0.65992	0.67653
2001	10	10	24	0.66193	0.65188	0.65838
2001	10	11	24	0.63587	0.64253	0.63822
2001	10	12	24	0.62053	0.63678	0.62627
2001	10	13	24	0.60069	0.62841	0.61048
2001	10	14	24	0.56659	0.61098	0.58226
2001	10	15	24	0.53334	0.59068	0.55359
2001	10	16	24	0.52051	0.58449	0.54310
2001	10	17	24	0.51587	0.58108	0.53890
2001	10	18	24	0.51205	0.57879	0.53562
2001	10	19	24	0.50997	0.57822	0.53407
2001	10	20	24	0.50444	0.57604	0.52972
2001	10	21	24	0.55248	0.59034	0.56584
2001	10	22	24	0.60512	0.60650	0.60561
2001	10	23	24	0.60747	0.60650	0.60713
2001	10	24	24	0.65935	0.62260	0.64637
2001	10	25	24	0.66318	0.62389	0.64931
2001	10	26	24	0.66255	0.62402	0.64895
2001	10	27	24	0.67591	0.63728	0.66227
2001	10	28	24	0.68782	0.65297	0.67552
2001	10	29	24	0.68903	0.65429	0.67676
2001	10	30	24	0.68883	0.65428	0.67663
2001	10	31	24	0.68961	0.65710	0.67813
2001	11	 1	24	0.69573	0.66527	0.68497
2001	11	 2	24	0.70480	0.67340	0.69371
2001	11	 3	24	0.70481	0.67340	0.69372
2001	11	 4	24	0.70482	0.67340	0.69373
2001	11	 5	24	0.70545	0.67569	0.69494
2001	11	 6	24	0.71462	0.68501	0.70416
2001	11	 7	24	0.72597	0.69352	0.71451
2001	11	 8	24	0.73748	0.70178	0.72487
2001	11	 9	24	0.75483	0.70279	0.73645
2001	11	10	24	0.76171	0.70521	0.74176
2001	11	11	24	0.76410	0.70575	0.74349
2001	11	12	24	0.77550	0.71375	0.75369
2001	11	13	24	0.77885	0.71447	0.75611
2001	11	14	24	0.77959	0.71523	0.75687
2001	11	15	24	0.78557	0.71891	0.76203
2001	11	16	24	0.78555	0.71895	0.76203
2001	11	17	24	0.78596	0.71897	0.76231
2001	11	18	24	0.79010	0.71932	0.76511
2001	11	19	24	0.80011	0.72687	0.77425
2001	11	20	24	0.80138	0.72689	0.77508
2001	11	21	24	0.80695	0.73377	0.78111
2001	11	22	24	0.81668	0.74128	0.79006
2001	11	23	24	0.82504	0.74325	0.79616
2001	11	24	24	0.82910	0.74424	0.79913
2001	11	25	24	0.83773	0.74480	0.80491
2001	11	26	24	0.84752	0.75257	0.81399
2001	11	27	24	0.85854	0.76112	0.82414
2001	11	28	24	0.86872	0.76896	0.83349
2001	11	29	24	0.87870	0.77686	0.84274
2001	11	30	24	0.88305	0.78084	0.84696
2001	12	 1	24	0.88485	0.78235	0.84866
2001	12	 2	24	0.88656	0.78766	0.85164
2001	12	 3	24	0.88237	0.79322	0.85089
2001	12	 4	24	0.89230	0.79347	0.85740
2001	12	 5	24	0.90009	0.80078	0.86502
2001	12	 6	24	0.91392	0.80990	0.87719
2001	12	 7	24	0.92684	0.81970	0.88901
2001	12	 8	24	0.93025	0.82271	0.89227
2001	12	 9	24	0.93190	0.82391	0.89376
2001	12	10	24	0.93749	0.82542	0.89791
2001	12	11	24	0.94198	0.82654	0.90121
2001	12	12	24	0.94581	0.82856	0.90440
2001	12	13	24	0.94639	0.82865	0.90482
2001	12	14	24	0.94665	0.82870	0.90500
2001	12	15	24	0.94679	0.82873	0.90510
2001	12	16	24	0.94687	0.82875	0.90516
2001	12	17	24	0.94692	0.82876	0.90519
2001	12	18	24	0.94695	0.82876	0.90522
2001	12	19	24	0.94991	0.82877	0.90714
2001	12	20	24	0.95025	0.82877	0.90736
2001	12	21	24	0.95070	0.82877	0.90765
2001	12	22	24	0.95205	0.82877	0.90852
2001	12	23	24	0.95216	0.82877	0.90859
2001	12	24	24	0.95273	0.82877	0.90896
2001	12	25	24	0.95526	0.82878	0.91060
2001	12	26	24	0.95769	0.82878	0.91217
2001	12	27	24	0.95988	0.82878	0.91358
2001	12	28	24	0.96207	0.82878	0.91500
2001	12	29	24	0.96427	0.82878	0.91643
2001	12	30	24	0.96542	0.82878	0.91717
2001	12	31	24	0.96595	0.82878	0.91752
2002	 1	 1	24	0.96605	0.82878	0.91758
2002	 1	 2	24	0.96638	0.82878	0.91779
2002	 1	 3	24	0.96655	0.82878	0.91790
2002	 1	 4	24	0.96720	0.82878	0.91832
2002	 1	 5	24	0.96832	0.82878	0.91905
2002	 1	 6	24	0.96979	0.82878	0.92000
2002	 1	 7	24	0.97120	0.82878	0.92091
2002	 1	 8	24	0.97226	0.82878	0.92159
2002	 1	 9	24	0.97426	0.83256	0.92422
2002	 1	10	24	0.97619	0.83882	0.92769
2002	 1	11	24	0.97803	0.84468	0.93094
2002	 1	12	24	0.97920	0.84502	0.93182
2002	 1	13	24	0.98020	0.84511	0.93249
2002	 1	14	24	0.98139	0.84609	0.93361
2002	 1	15	24	0.98158	0.84619	0.93377
2002	 1	16	24	0.98174	0.84619	0.93388
2002	 1	17	24	0.98213	0.84619	0.93413
2002	 1	18	24	0.98253	0.84619	0.93439
2002	 1	19	24	0.98323	0.84629	0.93487
2002	 1	20	24	0.98439	0.85167	0.93752
2002	 1	21	24	0.98547	0.85693	0.94008
2002	 1	22	24	0.98652	0.86204	0.94256
2002	 1	23	24	0.98748	0.86697	0.94493
2002	 1	24	24	0.98838	0.87179	0.94721
2002	 1	25	24	0.98925	0.87651	0.94944
2002	 1	26	24	0.99006	0.88111	0.95159
2002	 1	27	24	0.99086	0.88558	0.95368
2002	 1	28	24	0.99164	0.89007	0.95577
2002	 1	29	24	0.99244	0.89460	0.95789
2002	 1	30	24	0.99289	0.89907	0.95976
2002	 1	31	24	0.99262	0.90348	0.96114
2002	 2	 1	24	0.98862	0.90784	0.96010
2002	 2	 2	24	0.98573	0.91216	0.95975
2002	 2	 3	24	0.97642	0.91651	0.95526
2002	 2	 4	24	0.96461	0.92084	0.94916
2002	 2	 5	24	0.97585	0.92512	0.95794
2002	 2	 6	24	0.97708	0.92939	0.96024
2002	 2	 7	24	0.98115	0.93362	0.96437
2002	 2	 8	24	0.98246	0.93781	0.96670
2002	 2	 9	24	0.99002	0.94222	0.97314
2002	 2	10	24	0.99411	0.94658	0.97733
2002	 2	11	24	0.99567	0.95155	0.98009
2002	 2	12	24	0.99617	0.95620	0.98206
2002	 2	13	24	0.99641	0.96016	0.98361
2002	 2	14	24	0.99641	0.96025	0.98364
2002	 2	15	24	0.99638	0.96054	0.98373
2002	 2	16	24	0.98555	0.96011	0.97657
2002	 2	17	24	0.96344	0.95595	0.96080
2002	 2	18	24	0.95284	0.95300	0.95290
2002	 2	19	24	0.99079	0.95836	0.97934
2002	 2	20	24	0.99650	0.96290	0.98463
2002	 2	21	24	0.99651	0.96315	0.98473
2002	 2	22	24	0.99663	0.96315	0.98481
2002	 2	23	24	0.99684	0.96654	0.98614
2002	 2	24	24	0.99695	0.96665	0.98625
2002	 2	25	24	0.99709	0.96721	0.98654
2002	 2	26	24	0.99724	0.97044	0.98777
2002	 2	27	24	0.99737	0.97362	0.98898
2002	 2	28	24	0.99753	0.97670	0.99018
2002	 3	 1	24	0.99765	0.97951	0.99124
2002	 3	 2	24	0.99750	0.97958	0.99118
2002	 3	 3	24	0.99765	0.98027	0.99151
2002	 3	 4	24	0.99762	0.98262	0.99232
2002	 3	 5	24	0.99514	0.98479	0.99148
2002	 3	 6	24	0.98753	0.98680	0.98727
2002	 3	 7	24	0.99741	0.98873	0.99434
2002	 3	 8	24	0.99722	0.99050	0.99484
2002	 3	 9	24	0.98732	0.99166	0.98885
2002	 3	10	24	0.96971	0.99170	0.97748
2002	 3	11	24	0.94604	0.98979	0.96149
2002	 3	12	24	0.90147	0.97804	0.92850
2002	 3	13	24	0.86691	0.96408	0.90123
2002	 3	14	24	0.87670	0.95422	0.90408
2002	 3	15	24	0.87904	0.95763	0.90679
2002	 3	16	24	0.87936	0.95805	0.90714
2002	 3	17	24	0.87874	0.95826	0.90682
2002	 3	18	24	0.90395	0.95834	0.92316
2002	 3	19	24	0.92543	0.97281	0.94216
2002	 3	20	24	0.96524	0.98458	0.97207
2002	 3	21	24	0.97529	0.99010	0.98052
2002	 3	22	24	0.98638	0.99179	0.98829
2002	 3	23	24	0.99375	0.99179	0.99305
2002	 3	24	24	0.99666	0.99179	0.99494
2002	 3	25	24	0.99695	0.99179	0.99513
2002	 3	26	24	0.99709	0.99179	0.99522
2002	 3	27	24	0.99738	0.99179	0.99540
2002	 3	28	24	0.99792	0.99212	0.99587
2002	 3	29	24	0.99504	0.99231	0.99407
2002	 3	30	24	0.97269	0.99245	0.97966
2002	 3	31	24	0.92329	0.99025	0.94693
2002	 4	 1	24	0.88871	0.97909	0.92062
2002	 4	 2	24	0.85420	0.96301	0.89263
2002	 4	 3	24	0.82160	0.94621	0.86560
2002	 4	 4	24	0.79037	0.92666	0.83850
2002	 4	 5	24	0.76353	0.90684	0.81413
2002	 4	 6	24	0.75338	0.89606	0.80376
2002	 4	 7	24	0.74953	0.89290	0.80016
2002	 4	 8	24	0.73766	0.88233	0.78875
2002	 4	 9	24	0.72219	0.86812	0.77372
2002	 4	10	24	0.70984	0.85704	0.76181
2002	 4	11	24	0.70764	0.84918	0.75762
2002	 4	12	24	0.71459	0.85157	0.76296
2002	 4	13	24	0.74745	0.85764	0.78636
2002	 4	14	24	0.80012	0.87380	0.82614
2002	 4	15	24	0.85448	0.88997	0.86701
2002	 4	16	24	0.86596	0.89030	0.87456
2002	 4	17	24	0.85639	0.88932	0.86802
2002	 4	18	24	0.83125	0.88368	0.84976
2002	 4	19	24	0.84757	0.88091	0.85934
2002	 4	20	24	0.82726	0.87718	0.84489
2002	 4	21	24	0.81300	0.87233	0.83395
2002	 4	22	24	0.78412	0.86143	0.81142
2002	 4	23	24	0.76874	0.85569	0.79944
2002	 4	24	24	0.74092	0.84236	0.77674
2002	 4	25	24	0.73193	0.83723	0.76911
2002	 4	26	24	0.77283	0.84698	0.79901
2002	 4	27	24	0.77495	0.84700	0.80039
2002	 4	28	24	0.76830	0.84630	0.79584
2002	 4	29	24	0.75782	0.84375	0.78816
2002	 4	30	24	0.74275	0.83780	0.77631
2002	 5	 1	24	0.72048	0.82018	0.75568
2002	 5	 2	24	0.70366	0.79979	0.73760
2002	 5	 3	24	0.70124	0.78983	0.73252
2002	 5	 4	24	0.70738	0.78109	0.73341
2002	 5	 5	24	0.74331	0.79202	0.76051
2002	 5	 6	24	0.77895	0.80803	0.78922
2002	 5	 7	24	0.78205	0.80795	0.79120
2002	 5	 8	24	0.77341	0.80154	0.78334
2002	 5	 9	24	0.73440	0.77433	0.74850
2002	 5	10	24	0.68795	0.74203	0.70704
2002	 5	11	24	0.68968	0.73695	0.70637
2002	 5	12	24	0.70682	0.75012	0.72211
2002	 5	13	24	0.71208	0.76070	0.72925
2002	 5	14	24	0.71126	0.75996	0.72846
2002	 5	15	24	0.68697	0.74219	0.70647
2002	 5	16	24	0.67152	0.72535	0.69053
2002	 5	17	24	0.63560	0.69679	0.65721
2002	 5	18	24	0.60041	0.66719	0.62399
2002	 5	19	24	0.58987	0.65028	0.61120
2002	 5	20	24	0.59306	0.65031	0.61328
2002	 5	21	24	0.58881	0.64544	0.60881
2002	 5	22	24	0.56470	0.62583	0.58628
2002	 5	23	24	0.56377	0.62492	0.58536
2002	 5	24	24	0.56064	0.62156	0.58215
2002	 5	25	24	0.57952	0.63572	0.59936
2002	 5	26	24	0.58643	0.63647	0.60410
2002	 5	27	24	0.60595	0.64744	0.62060
2002	 5	28	24	0.61074	0.64916	0.62430
2002	 5	29	24	0.61405	0.65102	0.62710
2002	 5	30	24	0.60915	0.64656	0.62236
2002	 5	31	24	0.58756	0.62975	0.60246
2002	 6	 1	24	0.56394	0.61208	0.58094
2002	 6	 2	24	0.54541	0.59543	0.56307
2002	 6	 3	24	0.52163	0.57468	0.54036
2002	 6	 4	24	0.49618	0.55205	0.51591
2002	 6	 5	24	0.47778	0.53662	0.49856
2002	 6	 6	24	0.47458	0.53085	0.49445
2002	 6	 7	24	0.49319	0.54665	0.51206
2002	 6	 8	24	0.53163	0.56562	0.54363
2002	 6	 9	24	0.56863	0.57892	0.57226
2002	 6	10	24	0.57968	0.58550	0.58174
2002	 6	11	24	0.58350	0.58618	0.58445
2002	 6	12	24	0.57407	0.58020	0.57623
2002	 6	13	24	0.56963	0.57979	0.57322
2002	 6	14	24	0.56839	0.57865	0.57201
2002	 6	15	24	0.58421	0.59019	0.58632
2002	 6	16	24	0.58457	0.58984	0.58643
2002	 6	17	24	0.57386	0.58176	0.57665
2002	 6	18	24	0.54304	0.55628	0.54772
2002	 6	19	24	0.50261	0.52467	0.51040
2002	 6	20	24	0.50368	0.51834	0.50886
2002	 6	21	24	0.50908	0.51895	0.51256
2002	 6	22	24	0.50958	0.51794	0.51253
2002	 6	23	24	0.49717	0.50659	0.50050
2002	 6	24	24	0.48841	0.49608	0.49112
2002	 6	25	24	0.47634	0.48578	0.47967
2002	 6	26	24	0.45497	0.46645	0.45902
2002	 6	27	24	0.43273	0.44737	0.43790
2002	 6	28	24	0.41128	0.42857	0.41739
2002	 6	29	24	0.40004	0.41964	0.40696
2002	 6	30	24	0.38870	0.40985	0.39617
2002	 7	 1	24	0.37370	0.39913	0.38268
2002	 7	 2	24	0.37548	0.40418	0.38561
2002	 7	 3	24	0.39236	0.41988	0.40208
2002	 7	 4	24	0.38867	0.41744	0.39883
2002	 7	 5	24	0.38607	0.41574	0.39655
2002	 7	 6	24	0.38309	0.41273	0.39355
2002	 7	 7	24	0.37660	0.40863	0.38791
2002	 7	 8	24	0.36457	0.39802	0.37638
2002	 7	 9	24	0.34196	0.37806	0.35470
2002	 7	10	24	0.32784	0.36125	0.33964
2002	 7	11	24	0.31998	0.35270	0.33153
2002	 7	12	24	0.31176	0.34590	0.32381
2002	 7	13	24	0.31087	0.34495	0.32290
2002	 7	14	24	0.30895	0.34252	0.32080
2002	 7	15	24	0.30519	0.33755	0.31662
2002	 7	16	24	0.32254	0.35193	0.33292
2002	 7	17	24	0.34084	0.36864	0.35066
2002	 7	18	24	0.34540	0.37153	0.35463
2002	 7	19	24	0.34743	0.37225	0.35620
2002	 7	20	24	0.34709	0.37127	0.35563
2002	 7	21	24	0.34475	0.37244	0.35452
2002	 7	22	24	0.33406	0.36794	0.34602
2002	 7	23	24	0.32513	0.36079	0.33772
2002	 7	24	24	0.31648	0.35377	0.32964
2002	 7	25	24	0.31120	0.34916	0.32460
2002	 7	26	24	0.30799	0.34416	0.32076
2002	 7	27	24	0.30790	0.34416	0.32070
2002	 7	28	24	0.30474	0.34260	0.31811
2002	 7	29	24	0.28525	0.32415	0.29898
2002	 7	30	24	0.26467	0.30428	0.27866
2002	 7	31	24	0.25115	0.29086	0.26517
2002	 8	 1	24	0.26289	0.29866	0.27552
2002	 8	 2	24	0.28718	0.29757	0.29085
2002	 8	 3	24	0.29205	0.29461	0.29296
2002	 8	 4	24	0.30023	0.29925	0.29988
2002	 8	 5	24	0.30856	0.29907	0.30521
2002	 8	 6	24	0.32225	0.30922	0.31764
2002	 8	 7	24	0.33980	0.32421	0.33429
2002	 8	 8	24	0.36456	0.34138	0.35638
2002	 8	 9	24	0.37250	0.34292	0.36205
2002	 8	10	24	0.36733	0.33719	0.35669
2002	 8	11	24	0.37133	0.34355	0.36152
2002	 8	12	24	0.41769	0.39521	0.40975
2002	 8	13	24	0.52243	0.49512	0.51278
2002	 8	14	24	0.57718	0.57170	0.57524
2002	 8	15	24	0.60614	0.60418	0.60545
2002	 8	16	24	0.61103	0.61765	0.61337
2002	 8	17	24	0.62276	0.62090	0.62210
2002	 8	18	24	0.63067	0.62063	0.62713
2002	 8	19	24	0.62173	0.59795	0.61333
2002	 8	20	24	0.59282	0.57108	0.58514
2002	 8	21	24	0.56041	0.54579	0.55525
2002	 8	22	24	0.54244	0.53950	0.54140
2002	 8	23	24	0.52189	0.51878	0.52079
2002	 8	24	24	0.49406	0.49441	0.49419
2002	 8	25	24	0.46820	0.47287	0.46985
2002	 8	26	24	0.44752	0.45397	0.44980
2002	 8	27	24	0.42108	0.43036	0.42436
2002	 8	28	24	0.39814	0.41082	0.40262
2002	 8	29	24	0.38731	0.40362	0.39307
2002	 8	30	24	0.37619	0.39232	0.38189
2002	 8	31	24	0.38313	0.40018	0.38915
2002	 9	 1	24	0.38229	0.39996	0.38853
2002	 9	 2	24	0.37980	0.39989	0.38689
2002	 9	 3	24	0.36747	0.39211	0.37617
2002	 9	 4	24	0.35500	0.38274	0.36479
2002	 9	 5	24	0.35910	0.38568	0.36848
2002	 9	 6	24	0.36060	0.38562	0.36944
2002	 9	 7	24	0.35654	0.38213	0.36558
2002	 9	 8	24	0.34641	0.37184	0.35539
2002	 9	 9	24	0.33021	0.35801	0.34003
2002	 9	10	24	0.33510	0.35855	0.34338
2002	 9	11	24	0.33225	0.35645	0.34080
2002	 9	12	24	0.32974	0.35401	0.33831
2002	 9	13	24	0.31683	0.34348	0.32624
2002	 9	14	24	0.32625	0.34862	0.33415
2002	 9	15	24	0.34963	0.36441	0.35485
2002	 9	16	24	0.36290	0.37137	0.36589
2002	 9	17	24	0.36999	0.37389	0.37137
2002	 9	18	24	0.37110	0.37389	0.37209
2002	 9	19	24	0.36948	0.37381	0.37101
2002	 9	20	24	0.36299	0.37154	0.36601
2002	 9	21	24	0.35905	0.36966	0.36279
2002	 9	22	24	0.38607	0.38552	0.38587
2002	 9	23	24	0.41710	0.39806	0.41038
2002	 9	24	24	0.42522	0.40569	0.41832
2002	 9	25	24	0.43084	0.40858	0.42298
2002	 9	26	24	0.46553	0.42461	0.45108
2002	 9	27	24	0.50118	0.43753	0.47871
2002	 9	28	24	0.50582	0.43756	0.48172
2002	 9	29	24	0.50024	0.43645	0.47771
2002	 9	30	24	0.49330	0.43454	0.47255
2002	10	 1	24	0.48273	0.43196	0.46480
2002	10	 2	24	0.46204	0.42632	0.44943
2002	10	 3	24	0.48661	0.43350	0.46786
2002	10	 4	24	0.50697	0.43809	0.48265
2002	10	 5	24	0.52283	0.45386	0.49848
2002	10	 6	24	0.53498	0.46956	0.51188
2002	10	 7	24	0.55102	0.48645	0.52822
2002	10	 8	24	0.56569	0.50285	0.54350
2002	10	 9	24	0.56760	0.50355	0.54498
2002	10	10	24	0.56846	0.50390	0.54566
2002	10	11	24	0.56872	0.50407	0.54589
2002	10	12	24	0.56616	0.50460	0.54442
2002	10	13	24	0.56973	0.50496	0.54686
2002	10	14	24	0.56983	0.50499	0.54693
2002	10	15	24	0.58196	0.52074	0.56034
2002	10	16	24	0.59387	0.53644	0.57359
2002	10	17	24	0.59614	0.54448	0.57790
2002	10	18	24	0.59876	0.55043	0.58170
2002	10	19	24	0.61084	0.56625	0.59510
2002	10	20	24	0.61136	0.56641	0.59549
2002	10	21	24	0.62331	0.58221	0.60879
2002	10	22	24	0.63539	0.59786	0.62214
2002	10	23	24	0.64132	0.60745	0.62936
2002	10	24	24	0.64211	0.60789	0.63002
2002	10	25	24	0.65374	0.62252	0.64272
2002	10	26	24	0.65705	0.62511	0.64577
2002	10	27	24	0.66955	0.64142	0.65962
2002	10	28	24	0.68304	0.65713	0.67389
2002	10	29	24	0.68740	0.66208	0.67846
2002	10	30	24	0.68824	0.66575	0.68030
2002	10	31	24	0.69200	0.67049	0.68440
2002	11	 1	24	0.70241	0.67950	0.69432
2002	11	 2	24	0.71341	0.68973	0.70505
2002	11	 3	24	0.72446	0.69302	0.71336
2002	11	 4	24	0.73575	0.69578	0.72163
2002	11	 5	24	0.73843	0.69590	0.72341
2002	11	 6	24	0.74095	0.69600	0.72508
2002	11	 7	24	0.74838	0.69602	0.72989
2002	11	 8	24	0.75874	0.70162	0.73857
2002	11	 9	24	0.77434	0.70998	0.75161
2002	11	10	24	0.79009	0.71805	0.76465
2002	11	11	24	0.80319	0.72587	0.77589
2002	11	12	24	0.81073	0.73363	0.78351
2002	11	13	24	0.81691	0.74191	0.79043
2002	11	14	24	0.82197	0.75090	0.79687
2002	11	15	24	0.82554	0.76016	0.80245
2002	11	16	24	0.82487	0.77131	0.80596
2002	11	17	24	0.81840	0.78757	0.80751
2002	11	18	24	0.83829	0.80289	0.82579
2002	11	19	24	0.84769	0.81668	0.83674
2002	11	20	24	0.85882	0.82714	0.84764
2002	11	21	24	0.86352	0.83200	0.85239
2002	11	22	24	0.87415	0.83987	0.86204
2002	11	23	24	0.88804	0.84685	0.87349
2002	11	24	24	0.89095	0.84730	0.87554
2002	11	25	24	0.89249	0.84791	0.87675
2002	11	26	24	0.89302	0.84805	0.87714
2002	11	27	24	0.89690	0.85377	0.88167
2002	11	28	24	0.89878	0.85520	0.88339
2002	11	29	24	0.90528	0.86041	0.88943
2002	11	30	24	0.91189	0.86544	0.89549
2002	12	 1	24	0.91525	0.86978	0.89920
2002	12	 2	24	0.91723	0.87080	0.90083
2002	12	 3	24	0.91910	0.87161	0.90233
2002	12	 4	24	0.91984	0.87257	0.90315
2002	12	 5	24	0.92127	0.87457	0.90478
2002	12	 6	24	0.92139	0.87457	0.90486
2002	12	 7	24	0.92146	0.87457	0.90490
2002	12	 8	24	0.92159	0.87457	0.90499
2002	12	 9	24	0.92162	0.87457	0.90500
2002	12	10	24	0.92163	0.87457	0.90501
2002	12	11	24	0.92160	0.87457	0.90500
2002	12	12	24	0.92102	0.87457	0.90462
2002	12	13	24	0.92026	0.87457	0.90413
2002	12	14	24	0.91958	0.87457	0.90368
2002	12	15	24	0.91936	0.87457	0.90354
2002	12	16	24	0.92225	0.87457	0.90541
2002	12	17	24	0.92528	0.87457	0.90737
2002	12	18	24	0.92528	0.87457	0.90737
2002	12	19	24	0.92677	0.87457	0.90834
2002	12	20	24	0.92980	0.87457	0.91030
2002	12	21	24	0.93243	0.87457	0.91200
2002	12	22	24	0.93499	0.87457	0.91366
2002	12	23	24	0.93580	0.87457	0.91418
2002	12	24	24	0.93591	0.87457	0.91425
2002	12	25	24	0.93805	0.87457	0.91563
2002	12	26	24	0.94058	0.87457	0.91727
2002	12	27	24	0.94304	0.87457	0.91886
2002	12	28	24	0.94546	0.87457	0.92043
2002	12	29	24	0.94927	0.87919	0.92452
2002	12	30	24	0.95328	0.88370	0.92871
2002	12	31	24	0.95704	0.88511	0.93164
2003	 1	 1	24	0.95867	0.88511	0.93269
2003	 1	 2	24	0.96204	0.88956	0.93645
2003	 1	 3	24	0.96711	0.89400	0.94129
2003	 1	 4	24	0.96919	0.89584	0.94329
2003	 1	 5	24	0.96984	0.89604	0.94378
2003	 1	 6	24	0.97017	0.89606	0.94400
2003	 1	 7	24	0.97036	0.89608	0.94413
2003	 1	 8	24	0.97047	0.89608	0.94420
2003	 1	 9	24	0.97062	0.89609	0.94430
2003	 1	10	24	0.97066	0.89609	0.94433
2003	 1	11	24	0.97068	0.89610	0.94435
2003	 1	12	24	0.97070	0.89610	0.94436
2003	 1	13	24	0.97127	0.89610	0.94473
2003	 1	14	24	0.97320	0.90051	0.94753
2003	 1	15	24	0.97486	0.90409	0.94987
2003	 1	16	24	0.97633	0.90645	0.95166
2003	 1	17	24	0.97775	0.91079	0.95411
2003	 1	18	24	0.97886	0.91376	0.95587
2003	 1	19	24	0.97943	0.91450	0.95650
2003	 1	20	24	0.98023	0.91825	0.95834
2003	 1	21	24	0.98023	0.91874	0.95852
2003	 1	22	24	0.97907	0.91874	0.95777
2003	 1	23	24	0.98209	0.92306	0.96124
2003	 1	24	24	0.98315	0.92457	0.96247
2003	 1	25	24	0.98383	0.92482	0.96299
2003	 1	26	24	0.98420	0.92482	0.96323
2003	 1	27	24	0.98537	0.92911	0.96550
2003	 1	28	24	0.98650	0.93339	0.96775
2003	 1	29	24	0.98720	0.93457	0.96862
2003	 1	30	24	0.98757	0.93457	0.96885
2003	 1	31	24	0.98761	0.93457	0.96888
2003	 2	 1	24	0.98764	0.93457	0.96890
2003	 2	 2	24	0.98773	0.93457	0.96896
2003	 2	 3	24	0.98833	0.93457	0.96935
2003	 2	 4	24	0.98889	0.93457	0.96971
2003	 2	 5	24	0.98948	0.93457	0.97009
2003	 2	 6	24	0.98949	0.93457	0.97009
2003	 2	 7	24	0.98967	0.93457	0.97022
2003	 2	 8	24	0.98969	0.93457	0.97022
2003	 2	 9	24	0.98970	0.93457	0.97023
2003	 2	10	24	0.98978	0.93457	0.97028
2003	 2	11	24	0.98993	0.93457	0.97038
2003	 2	12	24	0.99015	0.93457	0.97052
2003	 2	13	24	0.99042	0.93457	0.97070
2003	 2	14	24	0.99002	0.93457	0.97044
2003	 2	15	24	0.98791	0.93457	0.96907
2003	 2	16	24	0.98800	0.93457	0.96913
2003	 2	17	24	0.98939	0.93457	0.97003
2003	 2	18	24	0.98941	0.93457	0.97005
2003	 2	19	24	0.98946	0.93457	0.97008
2003	 2	20	24	0.99134	0.93536	0.97157
2003	 2	21	24	0.99200	0.93947	0.97345
2003	 2	22	24	0.99107	0.94205	0.97376
2003	 2	23	24	0.98766	0.94599	0.97294
2003	 2	24	24	0.97675	0.95022	0.96738
2003	 2	25	24	0.95357	0.95442	0.95387
2003	 2	26	24	0.92398	0.95854	0.93618
2003	 2	27	24	0.90441	0.96248	0.92491
2003	 2	28	24	0.88303	0.96612	0.91237
2003	 3	 1	24	0.86708	0.96943	0.90322
2003	 3	 2	24	0.86017	0.97253	0.89985
2003	 3	 3	24	0.86625	0.97540	0.90479
2003	 3	 4	24	0.86636	0.97742	0.90558
2003	 3	 5	24	0.86548	0.97996	0.90591
2003	 3	 6	24	0.90553	0.98061	0.93204
2003	 3	 7	24	0.94329	0.98141	0.95675
2003	 3	 8	24	0.96658	0.98359	0.97259
2003	 3	 9	24	0.96860	0.98548	0.97456
2003	 3	10	24	0.96856	0.98721	0.97515
2003	 3	11	24	0.97538	0.98873	0.98009
2003	 3	12	24	0.98267	0.98970	0.98515
2003	 3	13	24	0.98556	0.98984	0.98707
2003	 3	14	24	0.98565	0.98983	0.98713
2003	 3	15	24	0.98556	0.98986	0.98708
2003	 3	16	24	0.97743	0.98964	0.98174
2003	 3	17	24	0.96224	0.98878	0.97161
2003	 3	18	24	0.95097	0.98770	0.96394
2003	 3	19	24	0.93385	0.98565	0.95214
2003	 3	20	24	0.91043	0.98111	0.93539
2003	 3	21	24	0.90967	0.98090	0.93482
2003	 3	22	24	0.88677	0.97369	0.91746
2003	 3	23	24	0.85608	0.96228	0.89358
2003	 3	24	24	0.81698	0.94353	0.86166
2003	 3	25	24	0.78125	0.91822	0.82962
2003	 3	26	24	0.76293	0.90363	0.81261
2003	 3	27	24	0.75986	0.88990	0.80578
2003	 3	28	24	0.74464	0.87826	0.79182
2003	 3	29	24	0.73213	0.86466	0.77893
2003	 3	30	24	0.71540	0.84869	0.76246
2003	 3	31	24	0.70517	0.83844	0.75223
2003	 4	 1	24	0.73501	0.83283	0.76955
2003	 4	 2	24	0.76029	0.82733	0.78396
2003	 4	 3	24	0.80479	0.83952	0.81706
2003	 4	 4	24	0.80437	0.83952	0.81678
2003	 4	 5	24	0.79072	0.85015	0.81171
2003	 4	 6	24	0.83462	0.85013	0.84010
2003	 4	 7	24	0.84219	0.85013	0.84500
2003	 4	 8	24	0.85811	0.85013	0.85529
2003	 4	 9	24	0.86213	0.85013	0.85789
2003	 4	10	24	0.86598	0.86614	0.86603
2003	 4	11	24	0.85553	0.87753	0.86330
2003	 4	12	24	0.84856	0.89267	0.86414
2003	 4	13	24	0.81059	0.88970	0.83852
2003	 4	14	24	0.76251	0.87533	0.80235
2003	 4	15	24	0.71590	0.85342	0.76446
2003	 4	16	24	0.67918	0.82816	0.73178
2003	 4	17	24	0.64890	0.80127	0.70270
2003	 4	18	24	0.67638	0.79098	0.71684
2003	 4	19	24	0.73001	0.80714	0.75725
2003	 4	20	24	0.74100	0.80715	0.76436
2003	 4	21	24	0.70367	0.79860	0.73719
2003	 4	22	24	0.65848	0.77300	0.69892
2003	 4	23	24	0.61893	0.74365	0.66297
2003	 4	24	24	0.59346	0.72204	0.63887
2003	 4	25	24	0.57121	0.70182	0.61733
2003	 4	26	24	0.59653	0.69074	0.62979
2003	 4	27	24	0.59975	0.68082	0.62838
2003	 4	28	24	0.59472	0.67829	0.62423
2003	 4	29	24	0.57554	0.66677	0.60776
2003	 4	30	24	0.55846	0.65460	0.59241
2003	 5	 1	24	0.54741	0.64171	0.58071
2003	 5	 2	24	0.52712	0.62070	0.56016
2003	 5	 3	24	0.50366	0.59771	0.53687
2003	 5	 4	24	0.49288	0.58370	0.52495
2003	 5	 5	24	0.46529	0.55703	0.49768
2003	 5	 6	24	0.43269	0.52674	0.46590
2003	 5	 7	24	0.41196	0.50391	0.44443
2003	 5	 8	24	0.43081	0.50704	0.45773
2003	 5	 9	24	0.43693	0.51263	0.46366
2003	 5	10	24	0.44274	0.51263	0.46742
2003	 5	11	24	0.44584	0.51220	0.46927
2003	 5	12	24	0.44762	0.51939	0.47296
2003	 5	13	24	0.46140	0.51816	0.48144
2003	 5	14	24	0.46424	0.51734	0.48299
2003	 5	15	24	0.45752	0.51983	0.47952
2003	 5	16	24	0.45880	0.51974	0.48031
2003	 5	17	24	0.44795	0.51055	0.47006
2003	 5	18	24	0.45857	0.51845	0.47972
2003	 5	19	24	0.47838	0.53248	0.49749
2003	 5	20	24	0.48056	0.53253	0.49891
2003	 5	21	24	0.47461	0.53038	0.49430
2003	 5	22	24	0.46136	0.52226	0.48287
2003	 5	23	24	0.45065	0.51364	0.47289
2003	 5	24	24	0.44003	0.50678	0.46360
2003	 5	25	24	0.41330	0.48674	0.43923
2003	 5	26	24	0.41626	0.49030	0.44241
2003	 5	27	24	0.41874	0.49033	0.44402
2003	 5	28	24	0.41994	0.48917	0.44439
2003	 5	29	24	0.40891	0.48138	0.43450
2003	 5	30	24	0.38194	0.45552	0.40792
2003	 5	31	24	0.35555	0.42962	0.38171
2003	 6	 1	24	0.34714	0.42176	0.37349
2003	 6	 2	24	0.33081	0.40321	0.35638
2003	 6	 3	24	0.30808	0.38144	0.33398
2003	 6	 4	24	0.28889	0.36262	0.31493
2003	 6	 5	24	0.28622	0.34663	0.30755
2003	 6	 6	24	0.28261	0.33651	0.30164
2003	 6	 7	24	0.28252	0.33388	0.30065
2003	 6	 8	24	0.26750	0.32755	0.28870
2003	 6	 9	24	0.25061	0.31619	0.27377
2003	 6	10	24	0.23715	0.30252	0.26024
2003	 6	11	24	0.22122	0.28802	0.24480
2003	 6	12	24	0.23099	0.29791	0.25462
2003	 6	13	24	0.22492	0.29214	0.24866
2003	 6	14	24	0.21997	0.28714	0.24369
2003	 6	15	24	0.20745	0.27441	0.23110
2003	 6	16	24	0.19558	0.26216	0.21909
2003	 6	17	24	0.18508	0.25036	0.20813
2003	 6	18	24	0.18660	0.24889	0.20859
2003	 6	19	24	0.19330	0.25210	0.21406
2003	 6	20	24	0.19330	0.25209	0.21406
2003	 6	21	24	0.18985	0.24947	0.21091
2003	 6	22	24	0.18342	0.24256	0.20430
2003	 6	23	24	0.18635	0.24860	0.20833
2003	 6	24	24	0.18164	0.24463	0.20388
2003	 6	25	24	0.17304	0.23419	0.19463
2003	 6	26	24	0.16682	0.22723	0.18815
2003	 6	27	24	0.16233	0.22209	0.18343
2003	 6	28	24	0.15513	0.21291	0.17553
2003	 6	29	24	0.14751	0.20213	0.16680
2003	 6	30	24	0.15914	0.21086	0.17740
2003	 7	 1	24	0.17417	0.22278	0.19134
2003	 7	 2	24	0.17796	0.22474	0.19448
2003	 7	 3	24	0.18373	0.23426	0.20158
2003	 7	 4	24	0.19947	0.25065	0.21755
2003	 7	 5	24	0.20692	0.26683	0.22808
2003	 7	 6	24	0.20825	0.26955	0.22989
2003	 7	 7	24	0.20835	0.26982	0.23006
2003	 7	 8	24	0.20565	0.26765	0.22755
2003	 7	 9	24	0.20733	0.26069	0.22617
2003	 7	10	24	0.20565	0.25696	0.22377
2003	 7	11	24	0.19958	0.24998	0.21738
2003	 7	12	24	0.18697	0.23688	0.20459
2003	 7	13	24	0.17871	0.22810	0.19615
2003	 7	14	24	0.17208	0.22105	0.18937
2003	 7	15	24	0.16097	0.20879	0.17786
2003	 7	16	24	0.14964	0.19598	0.16600
2003	 7	17	24	0.15334	0.19742	0.16890
2003	 7	18	24	0.15204	0.19638	0.16770
2003	 7	19	24	0.14685	0.18982	0.16203
2003	 7	20	24	0.13616	0.17748	0.15075
2003	 7	21	24	0.12586	0.16696	0.14037
2003	 7	22	24	0.11861	0.15964	0.13310
2003	 7	23	24	0.12227	0.15927	0.13533
2003	 7	24	24	0.13858	0.17307	0.15076
2003	 7	25	24	0.13713	0.17105	0.14911
2003	 7	26	24	0.13526	0.16984	0.14747
2003	 7	27	24	0.14908	0.18417	0.16147
2003	 7	28	24	0.16265	0.20339	0.17704
2003	 7	29	24	0.16572	0.21000	0.18136
2003	 7	30	24	0.16415	0.20819	0.17970
2003	 7	31	24	0.15447	0.19689	0.16945
2003	 8	 1	24	0.15093	0.19167	0.16532
2003	 8	 2	24	0.14635	0.18383	0.15958
2003	 8	 3	24	0.13723	0.17330	0.14997
2003	 8	 4	24	0.12751	0.16209	0.13972
2003	 8	 5	24	0.11786	0.15103	0.12957
2003	 8	 6	24	0.10966	0.14158	0.12093
2003	 8	 7	24	0.10168	0.13232	0.11250
2003	 8	 8	24	0.09482	0.12311	0.10481
2003	 8	 9	24	0.08782	0.11432	0.09718
2003	 8	10	24	0.08144	0.10634	0.09023
2003	 8	11	24	0.07560	0.09909	0.08390
2003	 8	12	24	0.07083	0.09282	0.07860
2003	 8	13	24	0.07760	0.09924	0.08524
2003	 8	14	24	0.07536	0.09555	0.08249
2003	 8	15	24	0.07372	0.09297	0.08052
2003	 8	16	24	0.07011	0.08916	0.07684
2003	 8	17	24	0.06613	0.08488	0.07275
2003	 8	18	24	0.06224	0.08008	0.06854
2003	 8	19	24	0.06464	0.08493	0.07180
2003	 8	20	24	0.06438	0.08481	0.07159
2003	 8	21	24	0.06241	0.08280	0.06961
2003	 8	22	24	0.05896	0.07898	0.06603
2003	 8	23	24	0.05550	0.07460	0.06224
2003	 8	24	24	0.05429	0.07325	0.06098
2003	 8	25	24	0.05300	0.07181	0.05964
2003	 8	26	24	0.05078	0.06925	0.05730
2003	 8	27	24	0.04770	0.06578	0.05408
2003	 8	28	24	0.04820	0.06500	0.05413
2003	 8	29	24	0.05880	0.06916	0.06246
2003	 8	30	24	0.05845	0.06809	0.06186
2003	 8	31	24	0.06118	0.06821	0.06366
2003	 9	 1	24	0.07428	0.07788	0.07555
2003	 9	 2	24	0.08055	0.07887	0.07996
2003	 9	 3	24	0.08050	0.07882	0.07991
2003	 9	 4	24	0.07745	0.07684	0.07723
2003	 9	 5	24	0.07545	0.07554	0.07548
2003	 9	 6	24	0.07176	0.07308	0.07223
2003	 9	 7	24	0.06686	0.07004	0.06798
2003	 9	 8	24	0.06243	0.06730	0.06415
2003	 9	 9	24	0.07248	0.07588	0.07368
2003	 9	10	24	0.09263	0.09169	0.09230
2003	 9	11	24	0.11375	0.10741	0.11151
2003	 9	12	24	0.13577	0.12325	0.13135
2003	 9	13	24	0.15842	0.13888	0.15152
2003	 9	14	24	0.15921	0.13887	0.15203
2003	 9	15	24	0.15841	0.13859	0.15141
2003	 9	16	24	0.14898	0.13447	0.14386
2003	 9	17	24	0.13874	0.12925	0.13539
2003	 9	18	24	0.12990	0.12424	0.12790
2003	 9	19	24	0.11796	0.11828	0.11807
2003	 9	20	24	0.10557	0.11117	0.10755
2003	 9	21	24	0.09508	0.10503	0.09860
2003	 9	22	24	0.08622	0.09918	0.09080
2003	 9	23	24	0.08498	0.09458	0.08837
2003	 9	24	24	0.08390	0.09374	0.08738
2003	 9	25	24	0.08127	0.09215	0.08511
2003	 9	26	24	0.07695	0.08969	0.08145
2003	 9	27	24	0.07164	0.08698	0.07706
2003	 9	28	24	0.09729	0.09104	0.09508
2003	 9	29	24	0.10204	0.09164	0.09837
2003	 9	30	24	0.09872	0.09148	0.09617
2003	10	 1	24	0.09520	0.09101	0.09372
2003	10	 2	24	0.11533	0.09408	0.10783
2003	10	 3	24	0.13402	0.10155	0.12256
2003	10	 4	24	0.16416	0.11386	0.14640
2003	10	 5	24	0.21240	0.12990	0.18327
2003	10	 6	24	0.24045	0.14549	0.20692
2003	10	 7	24	0.25396	0.16120	0.22121
2003	10	 8	24	0.26637	0.17692	0.23479
2003	10	 9	24	0.29080	0.19857	0.25823
2003	10	10	24	0.30097	0.21883	0.27197
2003	10	11	24	0.31312	0.23485	0.28548
2003	10	12	24	0.31159	0.23699	0.28525
2003	10	13	24	0.30234	0.23725	0.27936
2003	10	14	24	0.29704	0.23621	0.27556
2003	10	15	24	0.30021	0.23600	0.27754
2003	10	16	24	0.29807	0.23603	0.27616
2003	10	17	24	0.29141	0.23472	0.27139
2003	10	18	24	0.28037	0.23267	0.26352
2003	10	19	24	0.26576	0.23014	0.25318
2003	10	20	24	0.25701	0.22878	0.24704
2003	10	21	24	0.30684	0.23579	0.28175
2003	10	22	24	0.32594	0.23957	0.29544
2003	10	23	24	0.32751	0.24025	0.29670
2003	10	24	24	0.32789	0.24026	0.29695
2003	10	25	24	0.33664	0.25139	0.30654
2003	10	26	24	0.33984	0.26431	0.31317
2003	10	27	24	0.33991	0.26592	0.31378
2003	10	28	24	0.33992	0.26592	0.31379
2003	10	29	24	0.35179	0.28161	0.32701
2003	10	30	24	0.35991	0.29735	0.33782
2003	10	31	24	0.36066	0.31166	0.34336
2003	11	 1	24	0.35922	0.31172	0.34245
2003	11	 2	24	0.35606	0.31175	0.34041
2003	11	 3	24	0.36282	0.32083	0.34799
2003	11	 4	24	0.36204	0.32084	0.34749
2003	11	 5	24	0.35531	0.32075	0.34311
2003	11	 6	24	0.34899	0.32036	0.33888
2003	11	 7	24	0.34264	0.31951	0.33447
2003	11	 8	24	0.34265	0.31950	0.33448
2003	11	 9	24	0.33589	0.31887	0.32988
2003	11	10	24	0.32858	0.31780	0.32478
2003	11	11	24	0.32425	0.31747	0.32186
2003	11	12	24	0.31920	0.31702	0.31843
2003	11	13	24	0.31389	0.31641	0.31478
2003	11	14	24	0.31177	0.31611	0.31331
2003	11	15	24	0.30961	0.31578	0.31179
2003	11	16	24	0.35006	0.32977	0.34289
2003	11	17	24	0.37149	0.34550	0.36231
2003	11	18	24	0.37658	0.36041	0.37087
2003	11	19	24	0.37659	0.36042	0.37088
2003	11	20	24	0.37647	0.36042	0.37080
2003	11	21	24	0.37580	0.36043	0.37037
2003	11	22	24	0.36922	0.36035	0.36609
2003	11	23	24	0.35778	0.36024	0.35865
2003	11	24	24	0.34570	0.36033	0.35087
2003	11	25	24	0.33980	0.36030	0.34704
2003	11	26	24	0.36625	0.36838	0.36700
2003	11	27	24	0.36626	0.36838	0.36701
2003	11	28	24	0.38194	0.38397	0.38265
2003	11	29	24	0.39384	0.39919	0.39573
2003	11	30	24	0.39407	0.40129	0.39662
2003	12	 1	24	0.39411	0.40130	0.39664
2003	12	 2	24	0.39427	0.40265	0.39723
2003	12	 3	24	0.39416	0.40403	0.39764
2003	12	 4	24	0.39428	0.40403	0.39772
2003	12	 5	24	0.40352	0.41647	0.40809
2003	12	 6	24	0.41542	0.43084	0.42087
2003	12	 7	24	0.41672	0.43290	0.42243
2003	12	 8	24	0.41801	0.44615	0.42794
2003	12	 9	24	0.41645	0.45806	0.43114
2003	12	10	24	0.40891	0.46166	0.42754
2003	12	11	24	0.41975	0.47003	0.43750
2003	12	12	24	0.42942	0.47086	0.44405
2003	12	13	24	0.44133	0.48098	0.45533
2003	12	14	24	0.45665	0.49280	0.46942
2003	12	15	24	0.47175	0.50337	0.48291
2003	12	16	24	0.47810	0.50785	0.48860
2003	12	17	24	0.49032	0.51001	0.49728
2003	12	18	24	0.50356	0.51982	0.50930
2003	12	19	24	0.51049	0.52921	0.51710
2003	12	20	24	0.51482	0.53807	0.52303
2003	12	21	24	0.52686	0.54666	0.53385
2003	12	22	24	0.53516	0.54723	0.53942
2003	12	23	24	0.54528	0.54758	0.54610
2003	12	24	24	0.55525	0.54779	0.55262
2003	12	25	24	0.56263	0.55081	0.55845
2003	12	26	24	0.56477	0.55693	0.56200
2003	12	27	24	0.56430	0.55746	0.56189
2003	12	28	24	0.55890	0.56062	0.55951
2003	12	29	24	0.55319	0.56342	0.55680
2003	12	30	24	0.55732	0.56608	0.56041
2003	12	31	24	0.56693	0.56608	0.56663
2004	 1	 1	24	0.56938	0.56609	0.56822
2004	 1	 2	24	0.57122	0.56609	0.56941
2004	 1	 3	24	0.57139	0.56609	0.56952
2004	 1	 4	24	0.57140	0.56609	0.56953
2004	 1	 5	24	0.57140	0.56609	0.56953
2004	 1	 6	24	0.57784	0.56609	0.57369
2004	 1	 7	24	0.58568	0.56610	0.57877
2004	 1	 8	24	0.59610	0.56613	0.58552
2004	 1	 9	24	0.60591	0.56613	0.59186
2004	 1	10	24	0.61779	0.57395	0.60231
2004	 1	11	24	0.63284	0.58178	0.61481
2004	 1	12	24	0.65584	0.58962	0.63246
2004	 1	13	24	0.67584	0.59785	0.64830
2004	 1	14	24	0.69956	0.60732	0.66699
2004	 1	15	24	0.71923	0.61600	0.68278
2004	 1	16	24	0.73473	0.61884	0.69381
2004	 1	17	24	0.74862	0.62600	0.70532
2004	 1	18	24	0.75773	0.62898	0.71227
2004	 1	19	24	0.76565	0.62911	0.71744
2004	 1	20	24	0.77402	0.62919	0.72288
2004	 1	21	24	0.77690	0.62924	0.72476
2004	 1	22	24	0.77787	0.62926	0.72540
2004	 1	23	24	0.77984	0.62928	0.72667
2004	 1	24	24	0.78516	0.62929	0.73012
2004	 1	25	24	0.78834	0.62929	0.73218
2004	 1	26	24	0.79435	0.62930	0.73607
2004	 1	27	24	0.79488	0.62930	0.73641
2004	 1	28	24	0.79600	0.62930	0.73714
2004	 1	29	24	0.79977	0.62930	0.73958
2004	 1	30	24	0.80553	0.62930	0.74330
2004	 1	31	24	0.81166	0.62930	0.74727
2004	 2	 1	24	0.81910	0.63700	0.75480
2004	 2	 2	24	0.82966	0.64463	0.76433
2004	 2	 3	24	0.85864	0.66305	0.78957
2004	 2	 4	24	0.87838	0.68229	0.80914
2004	 2	 5	24	0.89218	0.70194	0.82501
2004	 2	 6	24	0.90149	0.72202	0.83812
2004	 2	 7	24	0.90956	0.74055	0.84988
2004	 2	 8	24	0.91847	0.75548	0.86092
2004	 2	 9	24	0.92374	0.76195	0.86661
2004	 2	10	24	0.92694	0.76376	0.86932
2004	 2	11	24	0.92827	0.76447	0.87043
2004	 2	12	24	0.92883	0.76487	0.87093
2004	 2	13	24	0.93176	0.76514	0.87292
2004	 2	14	24	0.93534	0.77202	0.87767
2004	 2	15	24	0.93840	0.77580	0.88098
2004	 2	16	24	0.94135	0.78003	0.88438
2004	 2	17	24	0.94437	0.78578	0.88837
2004	 2	18	24	0.94615	0.78612	0.88964
2004	 2	19	24	0.94654	0.78636	0.88998
2004	 2	20	24	0.94900	0.78868	0.89239
2004	 2	21	24	0.95088	0.79223	0.89486
2004	 2	22	24	0.94923	0.79234	0.89383
2004	 2	23	24	0.94789	0.79245	0.89300
2004	 2	24	24	0.95236	0.79249	0.89591
2004	 2	25	24	0.95259	0.79249	0.89606
2004	 2	26	24	0.95339	0.79249	0.89658
2004	 2	27	24	0.95347	0.79249	0.89663
2004	 2	28	24	0.95385	0.79249	0.89687
2004	 2	29	24	0.95231	0.79249	0.89587
2004	 3	 1	24	0.95470	0.79249	0.89742
2004	 3	 2	24	0.95690	0.79481	0.89966
2004	 3	 3	24	0.95808	0.79486	0.90045
2004	 3	 4	24	0.95841	0.79486	0.90066
2004	 3	 5	24	0.96008	0.79493	0.90176
2004	 3	 6	24	0.96128	0.79493	0.90254
2004	 3	 7	24	0.96322	0.79654	0.90436
2004	 3	 8	24	0.96375	0.79658	0.90472
2004	 3	 9	24	0.96456	0.79661	0.90525
2004	 3	10	24	0.96555	0.79661	0.90589
2004	 3	11	24	0.96748	0.79928	0.90809
2004	 3	12	24	0.96947	0.80425	0.91113
2004	 3	13	24	0.97116	0.80919	0.91397
2004	 3	14	24	0.97200	0.81410	0.91624
2004	 3	15	24	0.96886	0.81897	0.91594
2004	 3	16	24	0.95507	0.82379	0.90872
2004	 3	17	24	0.94091	0.82851	0.90122
2004	 3	18	24	0.91082	0.83322	0.88342
2004	 3	19	24	0.91935	0.83818	0.89069
2004	 3	20	24	0.94676	0.84347	0.91029
2004	 3	21	24	0.94719	0.84848	0.91234
2004	 3	22	24	0.93528	0.85267	0.90611
2004	 3	23	24	0.96444	0.85732	0.92661
2004	 3	24	24	0.97674	0.86181	0.93615
2004	 3	25	24	0.97840	0.86274	0.93756
2004	 3	26	24	0.98058	0.86287	0.93902
2004	 3	27	24	0.98151	0.86488	0.94033
2004	 3	28	24	0.97942	0.86925	0.94052
2004	 3	29	24	0.96567	0.87362	0.93316
2004	 3	30	24	0.94042	0.87528	0.91742
2004	 3	31	24	0.90459	0.87428	0.89389
2004	 4	 1	24	0.86679	0.86938	0.86771
2004	 4	 2	24	0.84419	0.86376	0.85110
2004	 4	 3	24	0.81192	0.84938	0.82515
2004	 4	 4	24	0.80850	0.83715	0.81862
2004	 4	 5	24	0.84555	0.84245	0.84445
2004	 4	 6	24	0.85822	0.84695	0.85424
2004	 4	 7	24	0.88060	0.84852	0.86927
2004	 4	 8	24	0.89105	0.85053	0.87675
2004	 4	 9	24	0.89466	0.85045	0.87905
2004	 4	10	24	0.91345	0.84971	0.89094
2004	 4	11	24	0.90134	0.84669	0.88204
2004	 4	12	24	0.87549	0.84017	0.86302
2004	 4	13	24	0.85043	0.83219	0.84399
2004	 4	14	24	0.84285	0.82946	0.83812
2004	 4	15	24	0.79527	0.80835	0.79989
2004	 4	16	24	0.75470	0.78427	0.76514
2004	 4	17	24	0.73549	0.77062	0.74789
2004	 4	18	24	0.73247	0.77202	0.74643
2004	 4	19	24	0.77494	0.78623	0.77893
2004	 4	20	24	0.77494	0.78623	0.77893
2004	 4	21	24	0.76456	0.78383	0.77137
2004	 4	22	24	0.72609	0.76175	0.73868
2004	 4	23	24	0.72957	0.73745	0.73236
2004	 4	24	24	0.76885	0.74573	0.76068
2004	 4	25	24	0.77114	0.74467	0.76179
2004	 4	26	24	0.76852	0.73704	0.75740
2004	 4	27	24	0.75911	0.73414	0.75030
2004	 4	28	24	0.73713	0.72091	0.73141
2004	 4	29	24	0.70283	0.69806	0.70115
2004	 4	30	24	0.67998	0.67552	0.67841
2004	 5	 1	24	0.66972	0.65222	0.66354
2004	 5	 2	24	0.70160	0.65814	0.68625
2004	 5	 3	24	0.74470	0.67425	0.71982
2004	 5	 4	24	0.73616	0.66852	0.71228
2004	 5	 5	24	0.75561	0.67233	0.72621
2004	 5	 6	24	0.77819	0.68045	0.74368
2004	 5	 7	24	0.82031	0.69619	0.77648
2004	 5	 8	24	0.82707	0.69642	0.78094
2004	 5	 9	24	0.83590	0.70009	0.78795
2004	 5	10	24	0.85008	0.71570	0.80263
2004	 5	11	24	0.86695	0.71896	0.81470
2004	 5	12	24	0.86815	0.71459	0.81392
2004	 5	13	24	0.88194	0.71841	0.82420
2004	 5	14	24	0.88362	0.71907	0.82551
2004	 5	15	24	0.89443	0.72915	0.83607
2004	 5	16	24	0.89906	0.73243	0.84022
2004	 5	17	24	0.89683	0.73126	0.83836
2004	 5	18	24	0.89235	0.72806	0.83434
2004	 5	19	24	0.87413	0.71283	0.81717
2004	 5	20	24	0.83944	0.68247	0.78401
2004	 5	21	24	0.84135	0.68291	0.78540
2004	 5	22	24	0.86310	0.69847	0.80496
2004	 5	23	24	0.88411	0.71381	0.82397
2004	 5	24	24	0.88898	0.72935	0.83261
2004	 5	25	24	0.88866	0.72805	0.83195
2004	 5	26	24	0.88077	0.72123	0.82443
2004	 5	27	24	0.87669	0.71301	0.81890
2004	 5	28	24	0.86176	0.69996	0.80463
2004	 5	29	24	0.84492	0.68354	0.78793
2004	 5	30	24	0.80999	0.65303	0.75456
2004	 5	31	24	0.76540	0.61397	0.71193
2004	 6	 1	24	0.75370	0.60501	0.70120
2004	 6	 2	24	0.77076	0.62083	0.71782
2004	 6	 3	24	0.77221	0.62087	0.71877
2004	 6	 4	24	0.77482	0.62489	0.72188
2004	 6	 5	24	0.77263	0.62751	0.72139
2004	 6	 6	24	0.77346	0.62748	0.72191
2004	 6	 7	24	0.77025	0.62241	0.71805
2004	 6	 8	24	0.74395	0.60496	0.69487
2004	 6	 9	24	0.70590	0.57185	0.65857
2004	 6	10	24	0.67976	0.55472	0.63560
2004	 6	11	24	0.67251	0.54915	0.62895
2004	 6	12	24	0.68003	0.55084	0.63441
2004	 6	13	24	0.68055	0.54950	0.63428
2004	 6	14	24	0.67884	0.54844	0.63280
2004	 6	15	24	0.67396	0.54908	0.62987
2004	 6	16	24	0.66144	0.54396	0.61996
2004	 6	17	24	0.65774	0.54987	0.61965
2004	 6	18	24	0.65210	0.55272	0.61701
2004	 6	19	24	0.65404	0.56613	0.62300
2004	 6	20	24	0.65363	0.56606	0.62271
2004	 6	21	24	0.65157	0.56826	0.62215
2004	 6	22	24	0.65225	0.57006	0.62323
2004	 6	23	24	0.64984	0.56802	0.62095
2004	 6	24	24	0.63931	0.55949	0.61112
2004	 6	25	24	0.60557	0.53125	0.57933
2004	 6	26	24	0.58155	0.51235	0.55711
2004	 6	27	24	0.56187	0.49480	0.53819
2004	 6	28	24	0.55255	0.48607	0.52907
2004	 6	29	24	0.53591	0.47431	0.51416
2004	 6	30	24	0.52317	0.46600	0.50298
2004	 7	 1	24	0.52034	0.46184	0.49968
2004	 7	 2	24	0.51750	0.46023	0.49728
2004	 7	 3	24	0.52028	0.46447	0.50057
2004	 7	 4	24	0.52033	0.46543	0.50094
2004	 7	 5	24	0.51530	0.46547	0.49770
2004	 7	 6	24	0.51252	0.46316	0.49509
2004	 7	 7	24	0.49936	0.45101	0.48229
2004	 7	 8	24	0.48953	0.44504	0.47382
2004	 7	 9	24	0.48832	0.45496	0.47654
2004	 7	10	24	0.48052	0.45479	0.47143
2004	 7	11	24	0.47435	0.45582	0.46781
2004	 7	12	24	0.47943	0.46527	0.47443
2004	 7	13	24	0.48810	0.48305	0.48632
2004	 7	14	24	0.49265	0.49539	0.49362
2004	 7	15	24	0.49078	0.49401	0.49192
2004	 7	16	24	0.48632	0.49043	0.48777
2004	 7	17	24	0.47725	0.47830	0.47762
2004	 7	18	24	0.45241	0.45240	0.45241
2004	 7	19	24	0.43152	0.43110	0.43137
2004	 7	20	24	0.42868	0.42404	0.42704
2004	 7	21	24	0.41797	0.41091	0.41548
2004	 7	22	24	0.41617	0.40571	0.41248
2004	 7	23	24	0.43092	0.42505	0.42885
2004	 7	24	24	0.42552	0.42060	0.42378
2004	 7	25	24	0.42476	0.41792	0.42235
2004	 7	26	24	0.42450	0.41410	0.42083
2004	 7	27	24	0.42576	0.41480	0.42189
2004	 7	28	24	0.42566	0.41312	0.42123
2004	 7	29	24	0.41796	0.40361	0.41289
2004	 7	30	24	0.39620	0.38289	0.39150
2004	 7	31	24	0.37074	0.35877	0.36652
2004	 8	 1	24	0.34717	0.33773	0.34384
2004	 8	 2	24	0.33342	0.32282	0.32968
2004	 8	 3	24	0.32143	0.31069	0.31764
2004	 8	 4	24	0.30691	0.29566	0.30293
2004	 8	 5	24	0.28966	0.27963	0.28612
2004	 8	 6	24	0.27470	0.26527	0.27137
2004	 8	 7	24	0.25967	0.25185	0.25691
2004	 8	 8	24	0.24643	0.23976	0.24408
2004	 8	 9	24	0.23198	0.22613	0.22991
2004	 8	10	24	0.21909	0.21376	0.21721
2004	 8	11	24	0.20612	0.20148	0.20448
2004	 8	12	24	0.21361	0.20723	0.21136
2004	 8	13	24	0.20920	0.20737	0.20855
2004	 8	14	24	0.21219	0.20681	0.21029
2004	 8	15	24	0.21200	0.20575	0.20979
2004	 8	16	24	0.20517	0.19843	0.20279
2004	 8	17	24	0.21209	0.19513	0.20610
2004	 8	18	24	0.21139	0.19289	0.20486
2004	 8	19	24	0.20755	0.19462	0.20298
2004	 8	20	24	0.20548	0.19345	0.20124
2004	 8	21	24	0.20578	0.19247	0.20108
2004	 8	22	24	0.20318	0.19052	0.19871
2004	 8	23	24	0.19773	0.18550	0.19341
2004	 8	24	24	0.20780	0.19483	0.20322
2004	 8	25	24	0.20837	0.19495	0.20363
2004	 8	26	24	0.22379	0.20970	0.21881
2004	 8	27	24	0.22591	0.21214	0.22104
2004	 8	28	24	0.22649	0.21310	0.22177
2004	 8	29	24	0.22765	0.21407	0.22285
2004	 8	30	24	0.24238	0.22786	0.23725
2004	 8	31	24	0.24265	0.22836	0.23760
2004	 9	 1	24	0.24070	0.22769	0.23610
2004	 9	 2	24	0.23463	0.22313	0.23057
2004	 9	 3	24	0.22326	0.21351	0.21981
2004	 9	 4	24	0.21147	0.20413	0.20888
2004	 9	 5	24	0.20009	0.19459	0.19815
2004	 9	 6	24	0.19067	0.18678	0.18930
2004	 9	 7	24	0.18212	0.17934	0.18114
2004	 9	 8	24	0.17420	0.17249	0.17360
2004	 9	 9	24	0.16837	0.16741	0.16803
2004	 9	10	24	0.16203	0.16226	0.16211
2004	 9	11	24	0.15848	0.15800	0.15831
2004	 9	12	24	0.17491	0.17161	0.17374
2004	 9	13	24	0.17490	0.17159	0.17373
2004	 9	14	24	0.17384	0.17027	0.17258
2004	 9	15	24	0.16908	0.16702	0.16835
2004	 9	16	24	0.16331	0.16282	0.16314
2004	 9	17	24	0.15980	0.16015	0.15992
2004	 9	18	24	0.15306	0.15572	0.15400
2004	 9	19	24	0.14651	0.15132	0.14821
2004	 9	20	24	0.14298	0.14906	0.14513
2004	 9	21	24	0.16748	0.16261	0.16576
2004	 9	22	24	0.19580	0.17831	0.18962
2004	 9	23	24	0.23052	0.19619	0.21840
2004	 9	24	24	0.26998	0.21872	0.25188
2004	 9	25	24	0.31058	0.24313	0.28676
2004	 9	26	24	0.32984	0.25752	0.30430
2004	 9	27	24	0.34067	0.27661	0.31805
2004	 9	28	24	0.34877	0.28321	0.32562
2004	 9	29	24	0.37265	0.29987	0.34695
2004	 9	30	24	0.37285	0.30202	0.34784
2004	10	 1	24	0.36501	0.30226	0.34285
2004	10	 2	24	0.38314	0.31562	0.35930
2004	10	 3	24	0.38154	0.31620	0.35847
2004	10	 4	24	0.36472	0.31429	0.34691
2004	10	 5	24	0.34061	0.31003	0.32981
2004	10	 6	24	0.36274	0.31830	0.34705
2004	10	 7	24	0.35597	0.31825	0.34265
2004	10	 8	24	0.37164	0.32525	0.35526
2004	10	 9	24	0.37172	0.32527	0.35532
2004	10	10	24	0.36512	0.32493	0.35093
2004	10	11	24	0.35536	0.32320	0.34401
2004	10	12	24	0.34162	0.32062	0.33421
2004	10	13	24	0.32068	0.31620	0.31910
2004	10	14	24	0.31207	0.31429	0.31285
2004	10	15	24	0.35638	0.32976	0.34698
2004	10	16	24	0.38945	0.34552	0.37394
2004	10	17	24	0.39094	0.34566	0.37495
2004	10	18	24	0.39153	0.34575	0.37537
2004	10	19	24	0.38621	0.34564	0.37189
2004	10	20	24	0.39310	0.35426	0.37938
2004	10	21	24	0.38934	0.35465	0.37709
2004	10	22	24	0.37860	0.35430	0.37002
2004	10	23	24	0.36374	0.35154	0.35943
2004	10	24	24	0.34135	0.34517	0.34270
2004	10	25	24	0.35341	0.35374	0.35353
2004	10	26	24	0.39291	0.36935	0.38459
2004	10	27	24	0.39936	0.37721	0.39154
2004	10	28	24	0.40046	0.37847	0.39270
2004	10	29	24	0.41615	0.39420	0.40840
2004	10	30	24	0.42424	0.40993	0.41919
2004	10	31	24	0.42435	0.40994	0.41926
2004	11	 1	24	0.42679	0.41480	0.42255
2004	11	 2	24	0.43022	0.42205	0.42734
2004	11	 3	24	0.43029	0.42343	0.42787
2004	11	 4	24	0.43442	0.42847	0.43231
2004	11	 5	24	0.44167	0.44399	0.44249
2004	11	 6	24	0.45357	0.45964	0.45571
2004	11	 7	24	0.46562	0.47513	0.46898
2004	11	 8	24	0.47872	0.49071	0.48295
2004	11	 9	24	0.49388	0.50518	0.49787
2004	11	10	24	0.51711	0.51273	0.51556
2004	11	11	24	0.52749	0.52586	0.52691
2004	11	12	24	0.54232	0.53867	0.54103
2004	11	13	24	0.55656	0.55251	0.55513
2004	11	14	24	0.56050	0.56240	0.56117
2004	11	15	24	0.56742	0.57429	0.56984
2004	11	16	24	0.57946	0.58463	0.58129
2004	11	17	24	0.59340	0.59797	0.59501
2004	11	18	24	0.60704	0.61414	0.60955
2004	11	19	24	0.63973	0.63301	0.63736
2004	11	20	24	0.65978	0.64112	0.65319
2004	11	21	24	0.67491	0.64419	0.66406
2004	11	22	24	0.68869	0.65348	0.67626
2004	11	23	24	0.71353	0.66660	0.69696
2004	11	24	24	0.72931	0.68109	0.71228
2004	11	25	24	0.73705	0.69131	0.72090
2004	11	26	24	0.73950	0.69998	0.72555
2004	11	27	24	0.74815	0.70806	0.73399
2004	11	28	24	0.75148	0.71608	0.73898
2004	11	29	24	0.75330	0.72402	0.74296
2004	11	30	24	0.75458	0.73183	0.74655
2004	12	 1	24	0.76250	0.73952	0.75439
2004	12	 2	24	0.76352	0.74711	0.75773
2004	12	 3	24	0.76394	0.75204	0.75974
2004	12	 4	24	0.76437	0.75961	0.76269
2004	12	 5	24	0.76519	0.76697	0.76582
2004	12	 6	24	0.76535	0.77410	0.76844
2004	12	 7	24	0.76539	0.77916	0.77025
2004	12	 8	24	0.76525	0.78530	0.77233
2004	12	 9	24	0.76515	0.79060	0.77414
2004	12	10	24	0.76165	0.79560	0.77364
2004	12	11	24	0.74177	0.79648	0.76109
2004	12	12	24	0.72982	0.79272	0.75203
2004	12	13	24	0.72975	0.79258	0.75194
2004	12	14	24	0.72948	0.79259	0.75176
2004	12	15	24	0.72632	0.79311	0.74990
2004	12	16	24	0.72908	0.79311	0.75169
2004	12	17	24	0.74883	0.79313	0.76447
2004	12	18	24	0.75978	0.79320	0.77158
2004	12	19	24	0.76680	0.79322	0.77613
2004	12	20	24	0.77384	0.79420	0.78103
2004	12	21	24	0.77774	0.79664	0.78442
2004	12	22	24	0.78187	0.79670	0.78711
2004	12	23	24	0.78873	0.80369	0.79401
2004	12	24	24	0.79264	0.81018	0.79883
2004	12	25	24	0.80145	0.81654	0.80678
2004	12	26	24	0.81032	0.82272	0.81470
2004	12	27	24	0.81938	0.82331	0.82077
2004	12	28	24	0.82576	0.82392	0.82511
2004	12	29	24	0.83354	0.82550	0.83070
2004	12	30	24	0.83966	0.83126	0.83670
2004	12	31	24	0.84732	0.83680	0.84361
2005	 1	 1	24	0.85218	0.84220	0.84865
2005	 1	 2	24	0.85486	0.84742	0.85224
2005	 1	 3	24	0.86235	0.85208	0.85872
2005	 1	 4	24	0.86610	0.85707	0.86291
2005	 1	 5	24	0.87343	0.86199	0.86939
2005	 1	 6	24	0.87652	0.86678	0.87308
2005	 1	 7	24	0.87743	0.87155	0.87535
2005	 1	 8	24	0.87709	0.87652	0.87689
2005	 1	 9	24	0.86371	0.88122	0.86989
2005	 1	10	24	0.85507	0.88552	0.86582
2005	 1	11	24	0.84662	0.88869	0.86148
2005	 1	12	24	0.85306	0.89296	0.86715
2005	 1	13	24	0.87480	0.89736	0.88277
2005	 1	14	24	0.87701	0.89980	0.88506
2005	 1	15	24	0.87716	0.90171	0.88583
2005	 1	16	24	0.87717	0.90420	0.88672
2005	 1	17	24	0.87562	0.90476	0.88591
2005	 1	18	24	0.87312	0.90481	0.88431
2005	 1	19	24	0.87902	0.90659	0.88875
2005	 1	20	24	0.88542	0.91091	0.89442
2005	 1	21	24	0.89450	0.91520	0.90181
2005	 1	22	24	0.90282	0.91944	0.90869
2005	 1	23	24	0.90883	0.92066	0.91301
2005	 1	24	24	0.90971	0.92192	0.91402
2005	 1	25	24	0.91007	0.92192	0.91425
2005	 1	26	24	0.91027	0.92192	0.91438
2005	 1	27	24	0.91039	0.92192	0.91446
2005	 1	28	24	0.91046	0.92192	0.91451
2005	 1	29	24	0.91050	0.92192	0.91453
2005	 1	30	24	0.91052	0.92192	0.91455
2005	 1	31	24	0.91442	0.92192	0.91707
2005	 2	 1	24	0.91741	0.92195	0.91901
2005	 2	 2	24	0.92122	0.92294	0.92183
2005	 2	 3	24	0.92481	0.92364	0.92439
2005	 2	 4	24	0.92762	0.92422	0.92642
2005	 2	 5	24	0.93074	0.92452	0.92854
2005	 2	 6	24	0.93355	0.92455	0.93037
2005	 2	 7	24	0.93630	0.92461	0.93217
2005	 2	 8	24	0.93882	0.92464	0.93381
2005	 2	 9	24	0.94154	0.92507	0.93572
2005	 2	10	24	0.94449	0.92910	0.93905
2005	 2	11	24	0.94767	0.93333	0.94261
2005	 2	12	24	0.95129	0.93757	0.94644
2005	 2	13	24	0.95594	0.94178	0.95094
2005	 2	14	24	0.95785	0.94330	0.95271
2005	 2	15	24	0.95862	0.94332	0.95321
2005	 2	16	24	0.95904	0.94332	0.95349
2005	 2	17	24	0.95928	0.94332	0.95364
2005	 2	18	24	0.95937	0.94332	0.95370
2005	 2	19	24	0.95942	0.94332	0.95374
2005	 2	20	24	0.96058	0.94332	0.95448
2005	 2	21	24	0.96184	0.94332	0.95530
2005	 2	22	24	0.96190	0.94332	0.95534
2005	 2	23	24	0.96217	0.94332	0.95552
2005	 2	24	24	0.96234	0.94332	0.95562
2005	 2	25	24	0.96254	0.94332	0.95575
2005	 2	26	24	0.96315	0.94332	0.95614
2005	 2	27	24	0.96317	0.94332	0.95616
2005	 2	28	24	0.96317	0.94332	0.95616
2005	 3	 1	24	0.96361	0.94332	0.95644
2005	 3	 2	24	0.96508	0.94332	0.95739
2005	 3	 3	24	0.96659	0.94332	0.95837
2005	 3	 4	24	0.96755	0.94332	0.95899
2005	 3	 5	24	0.96852	0.94332	0.95962
2005	 3	 6	24	0.96863	0.94332	0.95969
2005	 3	 7	24	0.96917	0.94332	0.96004
2005	 3	 8	24	0.97049	0.94332	0.96090
2005	 3	 9	24	0.97179	0.94332	0.96174
2005	 3	10	24	0.97310	0.94332	0.96258
2005	 3	11	24	0.97439	0.94332	0.96342
2005	 3	12	24	0.97575	0.94332	0.96430
2005	 3	13	24	0.97708	0.94339	0.96518
2005	 3	14	24	0.97845	0.94410	0.96632
2005	 3	15	24	0.97983	0.94795	0.96858
2005	 3	16	24	0.98120	0.95170	0.97079
2005	 3	17	24	0.98236	0.95540	0.97284
2005	 3	18	24	0.98369	0.95903	0.97498
2005	 3	19	24	0.98431	0.96255	0.97663
2005	 3	20	24	0.98446	0.96593	0.97792
2005	 3	21	24	0.97796	0.96913	0.97484
2005	 3	22	24	0.96698	0.97217	0.96881
2005	 3	23	24	0.95193	0.97491	0.96004
2005	 3	24	24	0.94944	0.97728	0.95927
2005	 3	25	24	0.95664	0.97954	0.96472
2005	 3	26	24	0.95107	0.98148	0.96181
2005	 3	27	24	0.95320	0.98307	0.96375
2005	 3	28	24	0.94455	0.98443	0.95863
2005	 3	29	24	0.93765	0.98554	0.95456
2005	 3	30	24	0.91879	0.98645	0.94268
2005	 3	31	24	0.89129	0.98724	0.92517
2005	 4	 1	24	0.86016	0.98791	0.90527
2005	 4	 2	24	0.82840	0.98843	0.88490
2005	 4	 3	24	0.79484	0.98865	0.86328
2005	 4	 4	24	0.76374	0.98807	0.84295
2005	 4	 5	24	0.73741	0.98556	0.82504
2005	 4	 6	24	0.75376	0.98366	0.83494
2005	 4	 7	24	0.74583	0.98223	0.82931
2005	 4	 8	24	0.76826	0.98298	0.84408
2005	 4	 9	24	0.81745	0.98647	0.87713
2005	 4	10	24	0.81790	0.98647	0.87742
2005	 4	11	24	0.81133	0.98559	0.87286
2005	 4	12	24	0.78920	0.97960	0.85643
2005	 4	13	24	0.76179	0.96819	0.83467
2005	 4	14	24	0.74492	0.95641	0.81960
2005	 4	15	24	0.72048	0.94058	0.79820
2005	 4	16	24	0.69348	0.91620	0.77212
2005	 4	17	24	0.70107	0.90717	0.77385
2005	 4	18	24	0.69301	0.90460	0.76772
2005	 4	19	24	0.67455	0.89301	0.75169
2005	 4	20	24	0.65836	0.88066	0.73685
2005	 4	21	24	0.64380	0.86809	0.72300
2005	 4	22	24	0.62240	0.84854	0.70225
2005	 4	23	24	0.60343	0.82776	0.68264
2005	 4	24	24	0.58701	0.80948	0.66557
2005	 4	25	24	0.61004	0.80945	0.68045
2005	 4	26	24	0.62157	0.80986	0.68806
2005	 4	27	24	0.65971	0.82097	0.71665
2005	 4	28	24	0.65482	0.82005	0.71316
2005	 4	29	24	0.62759	0.80764	0.69117
2005	 4	30	24	0.60283	0.78700	0.66786
2005	 5	 1	24	0.59299	0.76982	0.65543
2005	 5	 2	24	0.56762	0.73914	0.62819
2005	 5	 3	24	0.56455	0.71599	0.61802
2005	 5	 4	24	0.60029	0.73028	0.64619
2005	 5	 5	24	0.60308	0.72845	0.64735
2005	 5	 6	24	0.63445	0.74381	0.67307
2005	 5	 7	24	0.66642	0.75976	0.69938
2005	 5	 8	24	0.68525	0.77445	0.71674
2005	 5	 9	24	0.68956	0.77817	0.72085
2005	 5	10	24	0.68564	0.77630	0.71765
2005	 5	11	24	0.68513	0.78479	0.72032
2005	 5	12	24	0.68491	0.78426	0.71999
2005	 5	13	24	0.67540	0.77830	0.71174
2005	 5	14	24	0.65707	0.76515	0.69523
2005	 5	15	24	0.65919	0.76589	0.69687
2005	 5	16	24	0.67994	0.78077	0.71554
2005	 5	17	24	0.67208	0.77700	0.70913
2005	 5	18	24	0.67509	0.77895	0.71176
2005	 5	19	24	0.67605	0.77895	0.71239
2005	 5	20	24	0.66152	0.76948	0.69964
2005	 5	21	24	0.62831	0.74578	0.66979
2005	 5	22	24	0.61594	0.74218	0.66052
2005	 5	23	24	0.63264	0.75450	0.67567
2005	 5	24	24	0.63562	0.75472	0.67768
2005	 5	25	24	0.62894	0.74717	0.67069
2005	 5	26	24	0.59743	0.71774	0.63991
2005	 5	27	24	0.55757	0.68367	0.60210
2005	 5	28	24	0.51272	0.64495	0.55941
2005	 5	29	24	0.46619	0.60455	0.51504
2005	 5	30	24	0.44225	0.58341	0.49209
2005	 5	31	24	0.43274	0.57187	0.48187
2005	 6	 1	24	0.42355	0.56030	0.47184
2005	 6	 2	24	0.41013	0.54459	0.45761
2005	 6	 3	24	0.39751	0.52972	0.44420
2005	 6	 4	24	0.37561	0.50495	0.42128
2005	 6	 5	24	0.36823	0.49292	0.41226
2005	 6	 6	24	0.38452	0.50332	0.42647
2005	 6	 7	24	0.40181	0.51912	0.44323
2005	 6	 8	24	0.40323	0.51917	0.44417
2005	 6	 9	24	0.40149	0.51571	0.44182
2005	 6	10	24	0.39480	0.50785	0.43472
2005	 6	11	24	0.39299	0.50628	0.43299
2005	 6	12	24	0.38625	0.49896	0.42605
2005	 6	13	24	0.37628	0.48828	0.41583
2005	 6	14	24	0.37435	0.48401	0.41307
2005	 6	15	24	0.37368	0.48822	0.41412
2005	 6	16	24	0.37009	0.48595	0.41100
2005	 6	17	24	0.35823	0.47177	0.39832
2005	 6	18	24	0.35637	0.47056	0.39669
2005	 6	19	24	0.33890	0.44957	0.37798
2005	 6	20	24	0.32206	0.42890	0.35979
2005	 6	21	24	0.30513	0.40759	0.34131
2005	 6	22	24	0.28766	0.38884	0.32339
2005	 6	23	24	0.27836	0.37670	0.31308
2005	 6	24	24	0.26525	0.35726	0.29774
2005	 6	25	24	0.26766	0.35384	0.29809
2005	 6	26	24	0.26464	0.35111	0.29517
2005	 6	27	24	0.26043	0.34409	0.28997
2005	 6	28	24	0.24728	0.32787	0.27573
2005	 6	29	24	0.23208	0.30931	0.25935
2005	 6	30	24	0.23298	0.30858	0.25968
2005	 7	 1	24	0.25030	0.32435	0.27644
2005	 7	 2	24	0.25124	0.32440	0.27707
2005	 7	 3	24	0.25137	0.32350	0.27684
2005	 7	 4	24	0.25328	0.32986	0.28032
2005	 7	 5	24	0.26093	0.33741	0.28794
2005	 7	 6	24	0.26586	0.34061	0.29225
2005	 7	 7	24	0.27725	0.35358	0.30421
2005	 7	 8	24	0.29584	0.37015	0.32208
2005	 7	 9	24	0.30138	0.38238	0.32998
2005	 7	10	24	0.30668	0.39982	0.33957
2005	 7	11	24	0.30570	0.39634	0.33771
2005	 7	12	24	0.29416	0.37859	0.32397
2005	 7	13	24	0.27422	0.35410	0.30243
2005	 7	14	24	0.25418	0.33030	0.28106
2005	 7	15	24	0.24084	0.31389	0.26664
2005	 7	16	24	0.22899	0.29938	0.25385
2005	 7	17	24	0.21964	0.28725	0.24352
2005	 7	18	24	0.21037	0.27488	0.23315
2005	 7	19	24	0.21699	0.27604	0.23784
2005	 7	20	24	0.23500	0.29173	0.25503
2005	 7	21	24	0.24999	0.30514	0.26946
2005	 7	22	24	0.26699	0.32373	0.28702
2005	 7	23	24	0.27176	0.32677	0.29119
2005	 7	24	24	0.28229	0.34324	0.30381
2005	 7	25	24	0.27943	0.34015	0.30087
2005	 7	26	24	0.27713	0.33692	0.29824
2005	 7	27	24	0.26748	0.32487	0.28775
2005	 7	28	24	0.25455	0.30951	0.27396
2005	 7	29	24	0.25391	0.30607	0.27233
2005	 7	30	24	0.25932	0.30893	0.27684
2005	 7	31	24	0.25730	0.30604	0.27451
2005	 8	 1	24	0.24906	0.29523	0.26536
2005	 8	 2	24	0.24785	0.29165	0.26332
2005	 8	 3	24	0.25527	0.29781	0.27029
2005	 8	 4	24	0.25816	0.29981	0.27287
2005	 8	 5	24	0.27564	0.31437	0.28932
2005	 8	 6	24	0.28420	0.32381	0.29818
2005	 8	 7	24	0.29008	0.33668	0.30653
2005	 8	 8	24	0.29797	0.34494	0.31456
2005	 8	 9	24	0.29754	0.34328	0.31369
2005	 8	10	24	0.29577	0.33953	0.31123
2005	 8	11	24	0.29205	0.33395	0.30684
2005	 8	12	24	0.30506	0.34432	0.31892
2005	 8	13	24	0.30588	0.34538	0.31983
2005	 8	14	24	0.31633	0.36021	0.33182
2005	 8	15	24	0.32409	0.37555	0.34226
2005	 8	16	24	0.32421	0.37565	0.34237
2005	 8	17	24	0.32031	0.37111	0.33825
2005	 8	18	24	0.31393	0.36124	0.33064
2005	 8	19	24	0.30013	0.34433	0.31574
2005	 8	20	24	0.30396	0.34331	0.31786
2005	 8	21	24	0.30418	0.34283	0.31783
2005	 8	22	24	0.31565	0.34770	0.32697
2005	 8	23	24	0.33753	0.37071	0.34925
2005	 8	24	24	0.34716	0.37889	0.35836
2005	 8	25	24	0.36273	0.39314	0.37347
2005	 8	26	24	0.36390	0.39464	0.37475
2005	 8	27	24	0.35626	0.38830	0.36758
2005	 8	28	24	0.34420	0.37440	0.35486
2005	 8	29	24	0.32898	0.35744	0.33903
2005	 8	30	24	0.31208	0.33917	0.32165
2005	 8	31	24	0.29757	0.32210	0.30623
2005	 9	 1	24	0.28414	0.30629	0.29196
2005	 9	 2	24	0.27113	0.29163	0.27837
2005	 9	 3	24	0.26506	0.28380	0.27168
2005	 9	 4	24	0.26498	0.28296	0.27133
2005	 9	 5	24	0.25486	0.27121	0.26063
2005	 9	 6	24	0.24380	0.26032	0.24964
2005	 9	 7	24	0.23314	0.25010	0.23913
2005	 9	 8	24	0.22251	0.24027	0.22878
2005	 9	 9	24	0.20822	0.22839	0.21534
2005	 9	10	24	0.22393	0.24039	0.22974
2005	 9	11	24	0.23378	0.24242	0.23683
2005	 9	12	24	0.25864	0.25970	0.25902
2005	 9	13	24	0.27811	0.27168	0.27584
2005	 9	14	24	0.28586	0.27758	0.28294
2005	 9	15	24	0.30595	0.29150	0.30085
2005	 9	16	24	0.33270	0.31000	0.32469
2005	 9	17	24	0.36295	0.32462	0.34942
2005	 9	18	24	0.36687	0.32702	0.35280
2005	 9	19	24	0.36264	0.32496	0.34934
2005	 9	20	24	0.34881	0.31632	0.33734
2005	 9	21	24	0.33332	0.30686	0.32398
2005	 9	22	24	0.31708	0.29788	0.31030
2005	 9	23	24	0.30038	0.28852	0.29619
2005	 9	24	24	0.28480	0.28084	0.28340
2005	 9	25	24	0.27189	0.27381	0.27257
2005	 9	26	24	0.25939	0.26738	0.26221
2005	 9	27	24	0.25490	0.26708	0.25920
2005	 9	28	24	0.27918	0.27000	0.27594
2005	 9	29	24	0.32473	0.28614	0.31110
2005	 9	30	24	0.34022	0.29109	0.32287
2005	10	 1	24	0.37838	0.30693	0.35315
2005	10	 2	24	0.40610	0.32263	0.37663
2005	10	 3	24	0.40916	0.32279	0.37866
2005	10	 4	24	0.40956	0.32287	0.37895
2005	10	 5	24	0.40686	0.32214	0.37695
2005	10	 6	24	0.38995	0.31851	0.36472
2005	10	 7	24	0.36447	0.31143	0.34574
2005	10	 8	24	0.33718	0.30490	0.32578
2005	10	 9	24	0.31208	0.29885	0.30741
2005	10	10	24	0.29433	0.29426	0.29430
2005	10	11	24	0.27975	0.29003	0.28338
2005	10	12	24	0.26505	0.28429	0.27184
2005	10	13	24	0.25692	0.28072	0.26533
2005	10	14	24	0.24960	0.27658	0.25913
2005	10	15	24	0.24226	0.27194	0.25274
2005	10	16	24	0.23603	0.26772	0.24722
2005	10	17	24	0.23261	0.26552	0.24423
2005	10	18	24	0.23115	0.26455	0.24294
2005	10	19	24	0.22902	0.26310	0.24105
2005	10	20	24	0.22462	0.26092	0.23744
2005	10	21	24	0.22169	0.25961	0.23508
2005	10	22	24	0.23387	0.25914	0.24279
2005	10	23	24	0.28306	0.27367	0.27975
2005	10	24	24	0.28861	0.27560	0.28401
2005	10	25	24	0.30030	0.28642	0.29540
2005	10	26	24	0.29266	0.28630	0.29041
2005	10	27	24	0.28388	0.28475	0.28419
2005	10	28	24	0.27785	0.28347	0.27984
2005	10	29	24	0.26651	0.28094	0.27161
2005	10	30	24	0.25837	0.27821	0.26537
2005	10	31	24	0.25124	0.27660	0.26019
2005	11	 1	24	0.25487	0.27864	0.26326
2005	11	 2	24	0.25379	0.27864	0.26256
2005	11	 3	24	0.26214	0.28238	0.26928
2005	11	 4	24	0.26820	0.28490	0.27410
2005	11	 5	24	0.31088	0.30091	0.30736
2005	11	 6	24	0.31088	0.30091	0.30736
2005	11	 7	24	0.31088	0.30091	0.30736
2005	11	 8	24	0.30983	0.30089	0.30668
2005	11	 9	24	0.30643	0.30088	0.30447
2005	11	10	24	0.29991	0.30085	0.30024
2005	11	11	24	0.29803	0.30081	0.29901
2005	11	12	24	0.29202	0.30048	0.29500
2005	11	13	24	0.29051	0.30091	0.29418
2005	11	14	24	0.28579	0.30091	0.29113
2005	11	15	24	0.33375	0.31593	0.32745
2005	11	16	24	0.37347	0.33165	0.35871
2005	11	17	24	0.39311	0.33228	0.37163
2005	11	18	24	0.40303	0.33261	0.37816
2005	11	19	24	0.41129	0.33263	0.38351
2005	11	20	24	0.42319	0.34639	0.39607
2005	11	21	24	0.43452	0.35038	0.40481
2005	11	22	24	0.44361	0.35080	0.41083
2005	11	23	24	0.44898	0.35080	0.41431
2005	11	24	24	0.45499	0.35080	0.41820
2005	11	25	24	0.46270	0.35080	0.42318
2005	11	26	24	0.47429	0.35411	0.43185
2005	11	27	24	0.48169	0.35414	0.43665
2005	11	28	24	0.48970	0.35417	0.44184
2005	11	29	24	0.49850	0.36107	0.44998
2005	11	30	24	0.50590	0.36633	0.45662
2005	12	 1	24	0.51320	0.37904	0.46582
2005	12	 2	24	0.51693	0.37956	0.46842
2005	12	 3	24	0.52714	0.37956	0.47503
2005	12	 4	24	0.53877	0.39463	0.48787
2005	12	 5	24	0.54437	0.40906	0.49659
2005	12	 6	24	0.55413	0.42478	0.50846
2005	12	 7	24	0.55979	0.43783	0.51672
2005	12	 8	24	0.57061	0.45345	0.52924
2005	12	 9	24	0.57490	0.45861	0.53384
2005	12	10	24	0.57810	0.47062	0.54015
2005	12	11	24	0.58064	0.47652	0.54388
2005	12	12	24	0.58644	0.49224	0.55318
2005	12	13	24	0.59454	0.50247	0.56203
2005	12	14	24	0.60498	0.51745	0.57407
2005	12	15	24	0.61610	0.53264	0.58663
2005	12	16	24	0.62965	0.53685	0.59688
2005	12	17	24	0.63963	0.53741	0.60354
2005	12	18	24	0.64473	0.53741	0.60683
2005	12	19	24	0.65550	0.53741	0.61380
2005	12	20	24	0.66732	0.53786	0.62161
2005	12	21	24	0.68212	0.54043	0.63209
2005	12	22	24	0.69508	0.54852	0.64333
2005	12	23	24	0.70806	0.56101	0.65614
2005	12	24	24	0.72145	0.57289	0.66899
2005	12	25	24	0.73529	0.58087	0.68076
2005	12	26	24	0.74549	0.58217	0.68782
2005	12	27	24	0.74985	0.58341	0.69108
2005	12	28	24	0.75189	0.58342	0.69240
2005	12	29	24	0.75243	0.58342	0.69275
2005	12	30	24	0.75901	0.58342	0.69701
2005	12	31	24	0.76599	0.58342	0.70152
2006	 1	 1	24	0.77441	0.58419	0.70724
2006	 1	 2	24	0.78220	0.58830	0.71373
2006	 1	 3	24	0.78907	0.58840	0.71821
2006	 1	 4	24	0.78969	0.58841	0.71862
2006	 1	 5	24	0.79102	0.58841	0.71948
2006	 1	 6	24	0.79669	0.59288	0.72472
2006	 1	 7	24	0.80038	0.59302	0.72716
2006	 1	 8	24	0.80175	0.59304	0.72806
2006	 1	 9	24	0.80816	0.59637	0.73337
2006	 1	10	24	0.81428	0.60579	0.74066
2006	 1	11	24	0.82034	0.61494	0.74781
2006	 1	12	24	0.82400	0.62102	0.75232
2006	 1	13	24	0.82684	0.62169	0.75440
2006	 1	14	24	0.83051	0.62991	0.75967
2006	 1	15	24	0.82683	0.63046	0.75749
2006	 1	16	24	0.82634	0.63046	0.75717
2006	 1	17	24	0.83556	0.63046	0.76313
2006	 1	18	24	0.83973	0.63046	0.76583
2006	 1	19	24	0.83980	0.63046	0.76588
2006	 1	20	24	0.84704	0.63892	0.77355
2006	 1	21	24	0.85489	0.64716	0.78154
2006	 1	22	24	0.85740	0.64725	0.78319
2006	 1	23	24	0.85904	0.64731	0.78428
2006	 1	24	24	0.86329	0.64737	0.78704
2006	 1	25	24	0.86318	0.64748	0.78701
2006	 1	26	24	0.86045	0.64755	0.78527
2006	 1	27	24	0.86094	0.64759	0.78560
2006	 1	28	24	0.86161	0.65564	0.78888
2006	 1	29	24	0.85536	0.66349	0.78761
2006	 1	30	24	0.84931	0.67133	0.78646
2006	 1	31	24	0.84482	0.67917	0.78632
2006	 2	 1	24	0.84561	0.68702	0.78961
2006	 2	 2	24	0.83173	0.69512	0.78349
2006	 2	 3	24	0.82027	0.69598	0.77638
2006	 2	 4	24	0.82155	0.69862	0.77814
2006	 2	 5	24	0.82366	0.69876	0.77955
2006	 2	 6	24	0.85808	0.69884	0.80185
2006	 2	 7	24	0.87709	0.70670	0.81693
2006	 2	 8	24	0.88809	0.71566	0.82720
2006	 2	 9	24	0.89558	0.72271	0.83454
2006	 2	10	24	0.90102	0.72468	0.83875
2006	 2	11	24	0.90533	0.72504	0.84167
2006	 2	12	24	0.90949	0.72523	0.84443
2006	 2	13	24	0.91408	0.72728	0.84812
2006	 2	14	24	0.91851	0.73477	0.85363
2006	 2	15	24	0.92163	0.73503	0.85574
2006	 2	16	24	0.92502	0.74262	0.86062
2006	 2	17	24	0.92716	0.75020	0.86468
2006	 2	18	24	0.92882	0.75781	0.86843
2006	 2	19	24	0.92895	0.76529	0.87116
2006	 2	20	24	0.92698	0.77282	0.87254
2006	 2	21	24	0.92983	0.77883	0.87651
2006	 2	22	24	0.93135	0.78025	0.87799
2006	 2	23	24	0.93336	0.78032	0.87932
2006	 2	24	24	0.93452	0.78540	0.88186
2006	 2	25	24	0.93473	0.78551	0.88204
2006	 2	26	24	0.93474	0.78555	0.88206
2006	 2	27	24	0.93625	0.78556	0.88304
2006	 2	28	24	0.93834	0.78557	0.88440
2006	 3	 1	24	0.94037	0.78557	0.88571
2006	 3	 2	24	0.94141	0.78625	0.88662
2006	 3	 3	24	0.94292	0.78626	0.88760
2006	 3	 4	24	0.94320	0.78627	0.88778
2006	 3	 5	24	0.94528	0.78901	0.89010
2006	 3	 6	24	0.94706	0.79009	0.89163
2006	 3	 7	24	0.94893	0.79051	0.89299
2006	 3	 8	24	0.95025	0.79059	0.89387
2006	 3	 9	24	0.95253	0.79455	0.89675
2006	 3	10	24	0.95488	0.80168	0.90078
2006	 3	11	24	0.95700	0.80346	0.90278
2006	 3	12	24	0.95737	0.80385	0.90316
2006	 3	13	24	0.95775	0.80385	0.90341
2006	 3	14	24	0.95856	0.80385	0.90393
2006	 3	15	24	0.95895	0.80385	0.90418
2006	 3	16	24	0.96012	0.80385	0.90494
2006	 3	17	24	0.96083	0.80385	0.90539
2006	 3	18	24	0.96217	0.80752	0.90756
2006	 3	19	24	0.96412	0.81461	0.91133
2006	 3	20	24	0.96464	0.82170	0.91416
2006	 3	21	24	0.96529	0.82879	0.91709
2006	 3	22	24	0.96198	0.83594	0.91747
2006	 3	23	24	0.94972	0.84311	0.91208
2006	 3	24	24	0.93167	0.85024	0.90292
2006	 3	25	24	0.94561	0.85738	0.91445
2006	 3	26	24	0.96838	0.86504	0.93189
2006	 3	27	24	0.96977	0.87646	0.93682
2006	 3	28	24	0.95898	0.88735	0.93369
2006	 3	29	24	0.96479	0.89555	0.94034
2006	 3	30	24	0.97398	0.90180	0.94849
2006	 3	31	24	0.97448	0.90769	0.95089
2006	 4	 1	24	0.97238	0.91271	0.95131
2006	 4	 2	24	0.97044	0.91739	0.95170
2006	 4	 3	24	0.97114	0.92190	0.95375
2006	 4	 4	24	0.97026	0.92627	0.95473
2006	 4	 5	24	0.96203	0.93055	0.95092
2006	 4	 6	24	0.94910	0.93478	0.94404
2006	 4	 7	24	0.92450	0.93881	0.92955
2006	 4	 8	24	0.88597	0.94255	0.90595
2006	 4	 9	24	0.84517	0.94614	0.88083
2006	 4	10	24	0.88044	0.94956	0.90485
2006	 4	11	24	0.88119	0.95285	0.90650
2006	 4	12	24	0.87785	0.95611	0.90549
2006	 4	13	24	0.91583	0.95937	0.93120
2006	 4	14	24	0.95466	0.96254	0.95744
2006	 4	15	24	0.95226	0.96549	0.95693
2006	 4	16	24	0.96135	0.96840	0.96384
2006	 4	17	24	0.96310	0.97107	0.96591
2006	 4	18	24	0.95303	0.97335	0.96021
2006	 4	19	24	0.92269	0.97515	0.94121
2006	 4	20	24	0.89111	0.97541	0.92087
2006	 4	21	24	0.83760	0.96961	0.88421
2006	 4	22	24	0.82217	0.96407	0.87228
2006	 4	23	24	0.83702	0.96559	0.88242
2006	 4	24	24	0.82197	0.96304	0.87178
2006	 4	25	24	0.80107	0.95477	0.85534
2006	 4	26	24	0.77638	0.94693	0.83660
2006	 4	27	24	0.76417	0.93780	0.82548
2006	 4	28	24	0.81077	0.94645	0.85868
2006	 4	29	24	0.86460	0.95992	0.89826
