YY	MM	DD	HH	"1"	"2"	tot_average
Saettigungsdefizit in mm je Zone  soil_model
--	--	--	--	0.6468891	0.3531109	1.0000
2000	 8	 1	24	218.29015	208.35980	214.78363
2000	 8	 2	24	218.52324	208.78886	215.08592
2000	 8	 3	24	218.75653	209.20802	215.38484
2000	 8	 4	24	218.98798	209.62122	215.68047
2000	 8	 5	24	219.21793	210.02600	215.97215
2000	 8	 6	24	219.42531	210.35408	216.22215
2000	 8	 7	24	219.60808	210.71547	216.46800
2000	 8	 8	24	219.83357	211.10225	216.75044
2000	 8	 9	24	220.05807	211.48106	217.02943
2000	 8	10	24	220.27574	211.85126	217.30096
2000	 8	11	24	220.49634	212.21400	217.57176
2000	 8	12	24	220.71602	212.56886	217.83917
2000	 8	13	24	220.93362	212.91617	218.10257
2000	 8	14	24	221.14845	213.25624	218.36163
2000	 8	15	24	221.19287	211.99075	217.94350
2000	 8	16	24	221.38257	211.98390	218.06380
2000	 8	17	24	221.58760	212.17137	218.26263
2000	 8	18	24	221.79216	212.42053	218.48294
2000	 8	19	24	221.99722	212.72356	218.72260
2000	 8	20	24	221.45695	212.23314	218.19992
2000	 8	21	24	220.75743	209.23183	216.68761
2000	 8	22	24	220.50633	208.20520	216.16267
2000	 8	23	24	220.42902	207.87952	215.99765
2000	 8	24	24	220.36803	207.72966	215.90529
2000	 8	25	24	220.32906	207.66637	215.85773
2000	 8	26	24	220.34517	207.80630	215.91756
2000	 8	27	24	220.39651	208.02451	216.02782
2000	 8	28	24	220.37025	208.27722	216.10007
2000	 8	29	24	220.45644	208.55142	216.25264
2000	 8	30	24	220.55354	208.85291	216.42192
2000	 8	31	24	220.65565	209.15874	216.59596
2000	 9	 1	24	220.68907	209.06808	216.58557
2000	 9	 2	24	220.73526	209.34862	216.71451
2000	 9	 3	24	220.00258	205.02342	214.71327
2000	 9	 4	24	219.64587	203.22466	213.84737
2000	 9	 5	24	219.54420	202.14915	213.40182
2000	 9	 6	24	219.20183	199.64395	212.29573
2000	 9	 7	24	219.13588	199.24905	212.11362
2000	 9	 8	24	219.12492	199.03899	212.03236
2000	 9	 9	24	219.16434	198.82672	211.98291
2000	 9	10	24	219.23106	198.80789	212.01942
2000	 9	11	24	219.32188	199.08879	212.17735
2000	 9	12	24	219.42621	199.48364	212.38428
2000	 9	13	24	219.49026	199.94617	212.58904
2000	 9	14	24	219.60997	200.47322	212.85257
2000	 9	15	24	219.73392	200.98444	213.11327
2000	 9	16	24	219.83144	201.46907	213.34749
2000	 9	17	24	219.96140	201.94821	213.60074
2000	 9	18	24	220.10184	202.41571	213.85667
2000	 9	19	24	220.25414	202.87015	214.11566
2000	 9	20	24	220.41675	203.31224	214.37695
2000	 9	21	24	220.54608	203.72205	214.60533
2000	 9	22	24	220.72028	204.15047	214.86929
2000	 9	23	24	220.89856	204.58514	215.13811
2000	 9	24	24	221.07895	205.02698	215.41083
2000	 9	25	24	221.26082	205.45972	215.68127
2000	 9	26	24	221.44659	205.88263	215.95079
2000	 9	27	24	221.62881	206.29372	216.21382
2000	 9	28	24	221.81758	206.69577	216.47791
2000	 9	29	24	222.00957	207.09439	216.74286
2000	 9	30	24	222.20235	207.50453	217.01239
2000	10	 1	24	221.56590	203.01939	215.01692
2000	10	 2	24	221.39362	201.34741	214.31508
2000	10	 3	24	221.34515	200.53696	213.99756
2000	10	 4	24	221.35146	200.26208	213.90457
2000	10	 5	24	221.23891	199.87723	213.69586
2000	10	 6	24	220.82034	198.59351	212.97180
2000	10	 7	24	220.09253	194.88983	211.19318
2000	10	 8	24	219.72894	194.41365	210.78984
2000	10	 9	24	219.61455	194.56068	210.76776
2000	10	10	24	219.54735	194.95706	210.86424
2000	10	11	24	219.49136	195.47580	211.01120
2000	10	12	24	219.49588	196.06502	211.22218
2000	10	13	24	219.53979	196.73184	211.48605
2000	10	14	24	219.61327	197.37317	211.76004
2000	10	15	24	219.70102	197.99005	212.03464
2000	10	16	24	219.79596	198.58429	212.30589
2000	10	17	24	219.88960	199.15532	212.56810
2000	10	18	24	219.68523	197.40321	211.81720
2000	10	19	24	219.77150	197.87257	212.03876
2000	10	20	24	219.87579	198.47098	212.31752
2000	10	21	24	219.98451	199.04816	212.59166
2000	10	22	24	220.10481	199.61218	212.86864
2000	10	23	24	220.22786	200.20497	213.15756
2000	10	24	24	220.35359	200.78085	213.44225
2000	10	25	24	220.45901	201.32678	213.70322
2000	10	26	24	220.20329	200.64162	213.29585
2000	10	27	24	220.27026	201.16467	213.52386
2000	10	28	24	220.41254	201.71387	213.80983
2000	10	29	24	220.57094	202.25777	214.10435
2000	10	30	24	220.74033	202.81317	214.41005
2000	10	31	24	220.91287	203.36508	214.71655
2000	11	 1	24	221.08879	203.90073	215.01950
2000	11	 2	24	221.27081	204.42415	215.32207
2000	11	 3	24	221.03320	203.21617	214.74182
2000	11	 4	24	221.14207	203.57613	214.93935
2000	11	 5	24	221.31522	204.03917	215.21486
2000	11	 6	24	221.49588	204.54607	215.51071
2000	11	 7	24	221.51230	204.37885	215.46230
2000	11	 8	24	221.69849	204.90202	215.76747
2000	11	 9	24	221.88553	205.41890	216.07098
2000	11	10	24	222.07399	205.92178	216.37047
2000	11	11	24	222.26231	206.41058	216.66490
2000	11	12	24	222.44969	206.88661	216.95419
2000	11	13	24	222.63736	207.34966	217.23911
2000	11	14	24	222.58069	207.54868	217.27272
2000	11	15	24	222.72978	207.98926	217.52475
2000	11	16	24	222.89583	208.39438	217.77521
2000	11	17	24	222.63878	207.90869	217.43742
2000	11	18	24	222.72064	208.26451	217.61603
2000	11	19	24	222.86543	208.68846	217.85939
2000	11	20	24	223.03070	209.09378	218.10942
2000	11	21	24	223.19403	209.47185	218.34857
2000	11	22	24	223.37906	209.87762	218.61156
2000	11	23	24	223.56264	210.27412	218.87032
2000	11	24	24	223.20262	208.44576	217.99181
2000	11	25	24	222.89409	207.40843	217.42593
2000	11	26	24	222.70424	206.44366	216.96245
2000	11	27	24	222.68076	206.30231	216.89735
2000	11	28	24	222.71684	206.43338	216.96698
2000	11	29	24	222.79881	206.73706	217.12723
2000	11	30	24	222.91447	207.08679	217.32555
2000	12	 1	24	223.04338	207.43130	217.53059
2000	12	 2	24	223.18869	207.76880	217.74376
2000	12	 3	24	223.34624	208.09946	217.96243
2000	12	 4	24	223.51888	208.44843	218.19734
2000	12	 5	24	223.69679	208.79910	218.43625
2000	12	 6	24	223.87642	209.17055	218.68361
2000	12	 7	24	224.05573	209.57709	218.94316
2000	12	 8	24	224.22444	209.95966	219.18739
2000	12	 9	24	224.40088	210.35419	219.44084
2000	12	10	24	224.38293	209.87450	219.25984
2000	12	11	24	224.25546	208.42545	218.66571
2000	12	12	24	224.20700	208.37474	218.61646
2000	12	13	24	224.33376	208.66187	218.79984
2000	12	14	24	224.42867	208.38882	218.76482
2000	12	15	24	223.97600	206.99992	217.98157
2000	12	16	24	223.77332	207.08282	217.87971
2000	12	17	24	223.75172	207.38080	217.97098
2000	12	18	24	223.77406	207.62199	218.07059
2000	12	19	24	223.84903	207.87521	218.20850
2000	12	20	24	223.93521	208.22791	218.38879
2000	12	21	24	224.03964	208.58575	218.58270
2000	12	22	24	224.17030	208.96338	218.80057
2000	12	23	24	224.31258	209.36935	219.03596
2000	12	24	24	224.46828	209.69145	219.25041
2000	12	25	24	224.60521	210.08951	219.47955
2000	12	26	24	224.77142	210.47862	219.72447
2000	12	27	24	224.93623	210.85657	219.96455
2000	12	28	24	225.07707	211.08704	220.13704
2000	12	29	24	225.20714	211.44185	220.34647
2000	12	30	24	225.17439	211.80859	220.45479
2000	12	31	24	225.28003	212.17189	220.65140
2001	 1	 1	24	225.25955	212.52983	220.76454
2001	 1	 2	24	225.28458	212.88048	220.90456
2001	 1	 3	24	225.35849	213.05229	221.01303
2001	 1	 4	24	225.45987	213.28691	221.16147
2001	 1	 5	24	225.03261	212.12912	220.47624
2001	 1	 6	24	224.88033	210.41914	219.77393
2001	 1	 7	24	224.84888	209.68370	219.49388
2001	 1	 8	24	224.86346	209.37589	219.39464
2001	 1	 9	24	224.92299	209.44000	219.45578
2001	 1	10	24	224.91747	209.55798	219.49387
2001	 1	11	24	225.01158	209.72856	219.61497
2001	 1	12	24	225.13110	209.96158	219.77458
2001	 1	13	24	225.25580	210.19693	219.93835
2001	 1	14	24	225.38628	210.44899	220.11176
2001	 1	15	24	225.52264	210.71597	220.29425
2001	 1	16	24	225.66467	211.00401	220.48784
2001	 1	17	24	225.81110	211.30522	220.68892
2001	 1	18	24	225.95618	211.62268	220.89487
2001	 1	19	24	226.09879	211.96135	221.10670
2001	 1	20	24	226.23997	212.30009	221.31766
2001	 1	21	24	226.38040	212.63249	221.52586
2001	 1	22	24	226.49928	212.96069	221.71866
2001	 1	23	24	226.54755	213.28740	221.86525
2001	 1	24	24	226.26520	213.61394	221.79790
2001	 1	25	24	226.03909	213.86092	221.73885
2001	 1	26	24	225.94801	213.98755	221.72464
2001	 1	27	24	225.91479	214.28041	221.80656
2001	 1	28	24	225.90424	214.31020	221.81026
2001	 1	29	24	225.95744	214.56230	221.93370
2001	 1	30	24	225.96085	214.85490	222.03922
2001	 1	31	24	226.01744	215.14462	222.17813
2001	 2	 1	24	226.05855	215.43918	222.30873
2001	 2	 2	24	226.11601	215.72853	222.44807
2001	 2	 3	24	226.21231	216.01285	222.61076
2001	 2	 4	24	226.13168	216.29231	222.65729
2001	 2	 5	24	225.64240	215.00238	221.88528
2001	 2	 6	24	225.06470	212.86163	220.75566
2001	 2	 7	24	224.48524	210.75336	219.63637
2001	 2	 8	24	223.97505	209.03255	218.69868
2001	 2	 9	24	223.64194	207.15334	217.81963
2001	 2	10	24	223.51071	206.61392	217.54427
2001	 2	11	24	223.38992	205.63239	217.11954
2001	 2	12	24	223.16556	202.66840	215.92778
2001	 2	13	24	223.06764	201.54039	215.46614
2001	 2	14	24	223.00174	200.74062	215.14110
2001	 2	15	24	222.93265	198.36009	214.25581
2001	 2	16	24	222.89584	196.87709	213.70834
2001	 2	17	24	222.85091	196.49687	213.54501
2001	 2	18	24	222.82828	196.24805	213.44250
2001	 2	19	24	222.77513	196.15016	213.37357
2001	 2	20	24	222.76553	196.30487	213.42198
2001	 2	21	24	222.53952	196.51909	213.35143
2001	 2	22	24	222.03383	196.88792	213.15454
2001	 2	23	24	221.86412	197.28232	213.18402
2001	 2	24	24	221.82874	197.73967	213.32262
2001	 2	25	24	221.83624	198.23264	213.50156
2001	 2	26	24	221.84396	198.71109	213.67549
2001	 2	27	24	221.77937	199.17587	213.79784
2001	 2	28	24	221.64330	199.65480	213.87892
2001	 3	 1	24	221.42546	200.13541	213.90771
2001	 3	 2	24	221.32660	200.60225	214.00861
2001	 3	 3	24	221.07132	201.06245	214.00597
2001	 3	 4	24	220.78804	201.51360	213.98203
2001	 3	 5	24	220.76967	201.99265	214.13930
2001	 3	 6	24	220.63422	202.40082	214.19580
2001	 3	 7	24	220.35100	202.67184	214.10829
2001	 3	 8	24	219.74275	200.36182	212.89914
2001	 3	 9	24	219.07733	197.96315	211.62169
2001	 3	10	24	218.41817	195.17934	210.21228
2001	 3	11	24	217.84464	191.82793	208.65785
2001	 3	12	24	217.07356	185.44551	205.90535
2001	 3	13	24	216.59981	182.17311	204.44336
2001	 3	14	24	216.34789	180.98384	203.86046
2001	 3	15	24	216.14816	180.50270	203.56136
2001	 3	16	24	215.98325	179.68005	203.16420
2001	 3	17	24	215.42152	176.76930	201.77301
2001	 3	18	24	215.12936	175.11362	200.99937
2001	 3	19	24	214.83235	175.28098	200.86633
2001	 3	20	24	214.74567	177.34196	201.53801
2001	 3	21	24	214.62617	179.30107	202.15250
2001	 3	22	24	214.18707	180.13658	202.16347
2001	 3	23	24	213.75822	179.75883	201.75267
2001	 3	24	24	212.99817	173.13187	198.92094
2001	 3	25	24	212.56378	170.23433	197.61679
2001	 3	26	24	212.48412	173.18942	198.60873
2001	 3	27	24	212.43549	175.86081	199.52057
2001	 3	28	24	212.37177	178.13289	200.28165
2001	 3	29	24	212.38654	180.09029	200.98238
2001	 3	30	24	212.39989	181.21158	201.38695
2001	 3	31	24	212.42799	182.92480	202.01010
2001	 4	 1	24	212.46355	184.57249	202.61491
2001	 4	 2	24	212.50520	186.06360	203.16838
2001	 4	 3	24	212.52750	187.40471	203.65637
2001	 4	 4	24	212.29384	186.96658	203.35051
2001	 4	 5	24	212.36432	188.25533	203.85117
2001	 4	 6	24	212.41968	189.36931	204.28033
2001	 4	 7	24	212.33975	189.71310	204.35004
2001	 4	 8	24	212.33940	190.43210	204.60370
2001	 4	 9	24	212.46439	191.51151	205.06569
2001	 4	10	24	212.58922	192.63658	205.54373
2001	 4	11	24	212.71393	193.69859	205.99940
2001	 4	12	24	212.68381	193.94547	206.06709
2001	 4	13	24	212.49289	194.94060	206.29498
2001	 4	14	24	212.27164	195.87749	206.48268
2001	 4	15	24	211.94307	196.75949	206.58159
2001	 4	16	24	211.61754	196.48584	206.27437
2001	 4	17	24	211.58179	196.47661	206.24799
2001	 4	18	24	211.50696	195.77948	205.95341
2001	 4	19	24	211.57567	195.38300	205.85786
2001	 4	20	24	211.40784	194.50780	205.44025
2001	 4	21	24	211.11348	194.96301	205.41057
2001	 4	22	24	211.18291	195.79457	205.74911
2001	 4	23	24	211.33049	196.67444	206.15527
2001	 4	24	24	211.48277	197.51788	206.55162
2001	 4	25	24	211.26631	196.36792	206.00552
2001	 4	26	24	211.42229	197.04784	206.34651
2001	 4	27	24	211.52998	197.83534	206.69426
2001	 4	28	24	211.65456	198.60966	207.04826
2001	 4	29	24	211.80568	199.36552	207.41292
2001	 4	30	24	211.96101	200.09106	207.76961
2001	 5	 1	24	212.11528	200.78705	208.11516
2001	 5	 2	24	212.26859	201.45485	208.45013
2001	 5	 3	24	211.99760	201.83507	208.40910
2001	 5	 4	24	210.96846	196.37068	205.81383
2001	 5	 5	24	210.25732	193.21844	204.24071
2001	 5	 6	24	209.99451	192.17424	203.70198
2001	 5	 7	24	209.87627	191.83293	203.50497
2001	 5	 8	24	209.85419	191.69446	203.44179
2001	 5	 9	24	209.93658	192.16882	203.66260
2001	 5	10	24	210.09082	192.86261	204.00735
2001	 5	11	24	210.25337	193.67027	204.39771
2001	 5	12	24	210.42032	194.44235	204.77832
2001	 5	13	24	210.58835	195.17914	205.14719
2001	 5	14	24	210.75662	195.88303	205.50459
2001	 5	15	24	210.16374	194.92462	204.78264
2001	 5	16	24	210.21407	195.62489	205.06247
2001	 5	17	24	210.26006	196.16916	205.28441
2001	 5	18	24	210.43237	196.87387	205.64471
2001	 5	19	24	210.63324	197.58583	206.02606
2001	 5	20	24	210.83768	198.30376	206.41182
2001	 5	21	24	211.04056	199.03169	206.80009
2001	 5	22	24	211.24146	199.76030	207.18733
2001	 5	23	24	211.44017	200.46875	207.56604
2001	 5	24	24	211.63651	201.15030	207.93372
2001	 5	25	24	211.83160	201.80597	208.29144
2001	 5	26	24	212.02509	202.44060	208.64070
2001	 5	27	24	212.20760	203.03958	208.97028
2001	 5	28	24	211.71989	200.54793	207.77495
2001	 5	29	24	211.83650	200.44011	207.81232
2001	 5	30	24	212.02925	200.81114	208.06801
2001	 5	31	24	212.03085	199.71028	207.68033
2001	 6	 1	24	212.23721	200.16196	207.97331
2001	 6	 2	24	212.38472	200.03723	208.02469
2001	 6	 3	24	212.29599	198.80292	207.53143
2001	 6	 4	24	211.82434	195.36395	206.01199
2001	 6	 5	24	211.86649	195.01851	205.91728
2001	 6	 6	24	212.04869	195.49196	206.20233
2001	 6	 7	24	212.23866	196.17732	206.56723
2001	 6	 8	24	212.44751	196.83444	206.93437
2001	 6	 9	24	212.66299	197.47826	207.30110
2001	 6	10	24	212.62639	197.62187	207.32812
2001	 6	11	24	212.78764	198.27377	207.66264
2001	 6	12	24	213.00232	198.95772	208.04301
2001	 6	13	24	213.21823	199.62938	208.41986
2001	 6	14	24	213.43452	200.30232	208.79739
2001	 6	15	24	213.63896	200.98029	209.16905
2001	 6	16	24	213.81952	201.61200	209.50891
2001	 6	17	24	214.02055	202.25055	209.86444
2001	 6	18	24	213.96428	202.46535	209.90388
2001	 6	19	24	214.17836	203.07437	210.25742
2001	 6	20	24	214.39223	203.66325	210.60371
2001	 6	21	24	214.00919	202.54744	209.96191
2001	 6	22	24	214.00240	201.27618	209.50864
2001	 6	23	24	214.19676	201.62451	209.75737
2001	 6	24	24	214.41718	202.08939	210.06410
2001	 6	25	24	214.64334	202.63156	210.40186
2001	 6	26	24	214.87247	203.22325	210.75900
2001	 6	27	24	215.10730	203.80888	211.11771
2001	 6	28	24	215.28157	204.36601	211.42717
2001	 6	29	24	215.51872	204.92271	211.77716
2001	 6	30	24	215.65051	204.49309	211.71071
2001	 7	 1	24	215.88376	204.97079	212.03027
2001	 7	 2	24	216.11815	205.50867	212.37183
2001	 7	 3	24	216.35161	206.03387	212.70830
2001	 7	 4	24	216.58012	206.54295	213.03589
2001	 7	 5	24	216.80981	207.03737	213.35905
2001	 7	 6	24	217.03468	207.51672	213.67378
2001	 7	 7	24	216.25533	204.47508	212.09560
2001	 7	 8	24	215.89485	203.47112	211.50789
2001	 7	 9	24	215.76512	203.19876	211.32780
2001	 7	10	24	215.76282	203.33109	211.37303
2001	 7	11	24	215.84631	203.61412	211.52699
2001	 7	12	24	215.96605	203.96945	211.72992
2001	 7	13	24	216.10712	204.36194	211.95976
2001	 7	14	24	216.25714	204.76726	212.19994
2001	 7	15	24	215.72441	203.04305	211.24648
2001	 7	16	24	215.35349	202.61678	210.85602
2001	 7	17	24	215.20705	202.26636	210.63754
2001	 7	18	24	215.30034	202.65581	210.83542
2001	 7	19	24	215.44768	203.12074	211.09491
2001	 7	20	24	214.89325	199.88014	209.59196
2001	 7	21	24	214.91269	199.44614	209.45128
2001	 7	22	24	215.03888	199.51244	209.55632
2001	 7	23	24	215.19351	199.96310	209.81549
2001	 7	24	24	215.40053	200.48912	210.13515
2001	 7	25	24	215.61795	201.00002	210.45619
2001	 7	26	24	215.83292	201.53760	210.78508
2001	 7	27	24	216.05600	202.06908	211.11707
2001	 7	28	24	216.29021	202.58546	211.45091
2001	 7	29	24	216.51402	203.09975	211.77730
2001	 7	30	24	216.74789	203.63721	212.11836
2001	 7	31	24	216.93936	204.15034	212.42342
2001	 8	 1	24	217.16576	204.69722	212.76299
2001	 8	 2	24	217.39140	205.22931	213.09683
2001	 8	 3	24	217.61009	205.74779	213.42139
2001	 8	 4	24	217.77151	206.26172	213.70728
2001	 8	 5	24	217.98895	206.76700	214.02635
2001	 8	 6	24	218.20309	207.25581	214.33749
2001	 8	 7	24	218.41980	207.73206	214.64584
2001	 8	 8	24	218.63171	208.19394	214.94601
2001	 8	 9	24	218.82808	208.63811	215.22989
2001	 8	10	24	219.04066	209.07669	215.52228
2001	 8	11	24	219.25159	209.50311	215.80930
2001	 8	12	24	219.46083	209.91965	216.09174
2001	 8	13	24	219.66197	210.32184	216.36388
2001	 8	14	24	219.86868	210.71822	216.63756
2001	 8	15	24	220.07397	211.10518	216.90700
2001	 8	16	24	220.26740	211.47493	217.16267
2001	 8	17	24	219.86682	209.94969	216.36497
2001	 8	18	24	219.91339	209.89438	216.37556
2001	 8	19	24	219.28233	209.17546	215.71349
2001	 8	20	24	218.59430	206.17001	214.20715
2001	 8	21	24	218.31180	205.31941	213.72404
2001	 8	22	24	218.22168	205.13144	213.59938
2001	 8	23	24	218.18929	205.03117	213.54301
2001	 8	24	24	218.20557	205.20494	213.61490
2001	 8	25	24	218.24437	205.47845	213.73659
2001	 8	26	24	218.07394	202.91846	212.72238
2001	 8	27	24	218.05984	202.63957	212.61478
2001	 8	28	24	218.15300	202.86414	212.75433
2001	 8	29	24	218.26430	203.22829	212.95493
2001	 8	30	24	218.39709	203.61208	213.17635
2001	 8	31	24	218.31248	203.47949	213.07480
2001	 9	 1	24	217.53911	199.35956	211.11971
2001	 9	 2	24	217.29784	198.21461	210.55934
2001	 9	 3	24	217.14613	197.80551	210.31674
2001	 9	 4	24	217.10426	197.76649	210.27588
2001	 9	 5	24	217.15427	198.15097	210.44400
2001	 9	 6	24	217.25369	198.68228	210.69592
2001	 9	 7	24	216.73680	195.86226	209.36577
2001	 9	 8	24	216.43790	193.93936	208.49342
2001	 9	 9	24	215.78058	190.37648	206.81012
2001	 9	10	24	215.06009	184.74527	204.35559
2001	 9	11	24	214.85507	183.83826	203.90269
2001	 9	12	24	214.53214	182.29303	203.14815
2001	 9	13	24	214.15187	181.17256	202.50652
2001	 9	14	24	214.08640	181.93028	202.73172
2001	 9	15	24	214.09361	183.43922	203.26921
2001	 9	16	24	214.13686	184.85219	203.79613
2001	 9	17	24	214.21201	186.15918	204.30624
2001	 9	18	24	214.05844	185.59264	204.00685
2001	 9	19	24	214.03456	184.97946	203.77489
2001	 9	20	24	214.01083	185.38307	203.90205
2001	 9	21	24	214.03067	186.62158	204.35222
2001	 9	22	24	214.16093	187.80438	204.85414
2001	 9	23	24	214.19771	188.07210	204.97247
2001	 9	24	24	214.24611	188.47400	205.14569
2001	 9	25	24	214.22018	189.47237	205.48146
2001	 9	26	24	214.34509	190.47992	205.91805
2001	 9	27	24	214.45091	191.42892	206.32159
2001	 9	28	24	214.60179	192.39546	206.76050
2001	 9	29	24	214.78026	193.32288	207.20341
2001	 9	30	24	214.77808	194.15688	207.49651
2001	10	 1	24	214.30266	192.41951	206.57549
2001	10	 2	24	214.38036	193.22021	206.90848
2001	10	 3	24	213.85110	190.74925	205.69359
2001	10	 4	24	213.76105	191.41183	205.86929
2001	10	 5	24	213.88782	192.34917	206.28229
2001	10	 6	24	214.05283	193.27988	206.71767
2001	10	 7	24	214.24959	194.16565	207.15773
2001	10	 8	24	214.44011	195.01416	207.58060
2001	10	 9	24	214.64238	195.84605	208.00519
2001	10	10	24	214.85568	196.65126	208.42751
2001	10	11	24	215.07941	197.43034	208.84734
2001	10	12	24	215.31097	198.18933	209.26514
2001	10	13	24	215.54836	198.93965	209.68364
2001	10	14	24	215.78540	199.67014	210.09492
2001	10	15	24	216.02051	200.37656	210.49646
2001	10	16	24	216.25336	201.05653	210.88719
2001	10	17	24	216.48412	201.71149	211.26775
2001	10	18	24	216.71176	202.34314	211.63805
2001	10	19	24	216.93622	202.95053	211.99773
2001	10	20	24	217.15866	203.53711	212.34874
2001	10	21	24	217.10905	202.97722	212.11894
2001	10	22	24	216.97725	201.95747	211.67360
2001	10	23	24	217.18674	202.39926	211.96512
2001	10	24	24	217.22516	202.45474	212.00957
2001	10	25	24	217.43909	202.99944	212.34029
2001	10	26	24	217.66269	203.57304	212.68748
2001	10	27	24	217.83470	204.10712	212.98734
2001	10	28	24	217.67276	204.05760	212.86510
2001	10	29	24	217.85249	204.60320	213.17403
2001	10	30	24	218.06836	205.14330	213.50438
2001	10	31	24	218.25642	205.65022	213.80504
2001	11	 1	24	218.21542	204.84514	213.49423
2001	11	 2	24	218.31790	205.13261	213.66203
2001	11	 3	24	218.52467	205.61070	213.96461
2001	11	 4	24	218.74165	206.11940	214.28459
2001	11	 5	24	218.94669	206.57100	214.57669
2001	11	 6	24	219.05945	206.32687	214.56343
2001	11	 7	24	218.49561	204.61316	213.59357
2001	11	 8	24	217.69637	200.69095	211.69157
2001	11	 9	24	217.37027	199.59541	211.09378
2001	11	10	24	217.24815	199.26564	210.89833
2001	11	11	24	217.17979	199.07123	210.78546
2001	11	12	24	216.94167	198.77504	210.52682
2001	11	13	24	216.92239	199.11145	210.63315
2001	11	14	24	216.95662	199.52409	210.80101
2001	11	15	24	216.99881	199.92166	210.96869
2001	11	16	24	217.08858	200.39455	211.19373
2001	11	17	24	217.18410	200.90198	211.43471
2001	11	18	24	217.25938	201.38799	211.65501
2001	11	19	24	216.94345	200.31319	211.07112
2001	11	20	24	217.03358	200.76714	211.28972
2001	11	21	24	217.13087	201.08636	211.46538
2001	11	22	24	216.37630	198.02888	209.89763
2001	11	23	24	216.16109	197.69339	209.63994
2001	11	24	24	216.10445	198.02567	209.72063
2001	11	25	24	216.07123	198.51999	209.87369
2001	11	26	24	215.59831	196.11963	208.72018
2001	11	27	24	215.42751	195.98685	208.56279
2001	11	28	24	215.19411	196.36356	208.54483
2001	11	29	24	214.72385	195.95384	208.09595
2001	11	30	24	214.75772	196.51353	208.31551
2001	12	 1	24	214.85254	197.19469	208.61736
2001	12	 2	24	214.96887	197.74796	208.88799
2001	12	 3	24	215.09811	198.26723	209.15494
2001	12	 4	24	215.09692	198.91377	209.38248
2001	12	 5	24	214.20065	194.31990	207.18054
2001	12	 6	24	213.35043	189.92676	205.07928
2001	12	 7	24	212.96324	188.96748	204.49008
2001	12	 8	24	212.82054	188.60658	204.27032
2001	12	 9	24	212.71146	189.03876	204.35237
2001	12	10	24	212.58298	189.74594	204.51897
2001	12	11	24	212.42482	190.61127	204.72221
2001	12	12	24	212.14339	191.51834	204.86046
2001	12	13	24	212.16615	192.39795	205.18579
2001	12	14	24	212.26987	193.24716	205.55275
2001	12	15	24	212.39735	194.11946	205.94324
2001	12	16	24	212.53079	194.95549	206.32477
2001	12	17	24	212.68694	195.75346	206.70753
2001	12	18	24	212.85072	196.52983	207.08763
2001	12	19	24	212.59703	197.31783	207.20178
2001	12	20	24	212.72745	198.11098	207.56621
2001	12	21	24	212.87523	198.88409	207.93480
2001	12	22	24	212.95578	199.62817	208.24966
2001	12	23	24	213.16313	200.34355	208.63640
2001	12	24	24	213.35780	201.03194	209.00540
2001	12	25	24	213.03363	201.69475	209.02975
2001	12	26	24	213.01904	202.33147	209.24515
2001	12	27	24	212.89009	202.94408	209.37805
2001	12	28	24	212.38014	203.53436	209.25661
2001	12	29	24	212.16386	204.10391	209.31781
2001	12	30	24	212.20486	204.65486	209.53888
2001	12	31	24	212.34274	205.18803	209.81633
2002	 1	 1	24	212.50479	205.70450	210.10353
2002	 1	 2	24	212.65044	206.20622	210.37491
2002	 1	 3	24	212.82030	206.69295	210.65666
2002	 1	 4	24	212.93127	207.16553	210.89532
2002	 1	 5	24	212.93022	207.62477	211.05681
2002	 1	 6	24	212.78989	208.07207	211.12398
2002	 1	 7	24	212.85783	208.51073	211.32283
2002	 1	 8	24	212.96556	208.94122	211.54453
2002	 1	 9	24	212.82820	209.14192	211.52654
2002	 1	10	24	212.70554	208.64775	211.27269
2002	 1	11	24	212.62595	208.72406	211.24815
2002	 1	12	24	212.45940	209.08476	211.26778
2002	 1	13	24	212.49008	209.49529	211.43259
2002	 1	14	24	212.39246	209.85837	211.49763
2002	 1	15	24	212.55362	210.26115	211.74413
2002	 1	16	24	212.69261	210.65717	211.97388
2002	 1	17	24	212.78854	211.04401	212.17253
2002	 1	18	24	212.87212	211.42265	212.36029
2002	 1	19	24	212.57806	211.78703	212.29874
2002	 1	20	24	211.89233	210.59517	211.43430
2002	 1	21	24	211.18977	208.46132	210.22633
2002	 1	22	24	210.59212	206.90472	209.29005
2002	 1	23	24	210.07088	205.75133	208.54559
2002	 1	24	24	209.37019	203.44463	207.27782
2002	 1	25	24	208.97845	202.71883	206.76811
2002	 1	26	24	208.26599	200.87425	205.65588
2002	 1	27	24	207.29657	196.57014	203.50896
2002	 1	28	24	206.42206	192.61949	201.54822
2002	 1	29	24	205.69443	189.21927	199.87686
2002	 1	30	24	205.08372	185.78822	198.27028
2002	 1	31	24	204.65608	182.30357	196.76317
2002	 2	 1	24	204.35287	179.74141	195.66229
2002	 2	 2	24	204.06815	175.97916	194.14961
2002	 2	 3	24	203.88991	173.46313	193.14589
2002	 2	 4	24	203.77843	172.10841	192.59540
2002	 2	 5	24	203.65402	170.10643	191.80800
2002	 2	 6	24	203.61452	169.22078	191.46971
2002	 2	 7	24	203.63788	170.60901	191.97502
2002	 2	 8	24	203.68251	171.73738	192.40234
2002	 2	 9	24	203.17087	167.77596	190.67253
2002	 2	10	24	203.02722	168.82994	190.95178
2002	 2	11	24	203.03343	168.34283	190.78380
2002	 2	12	24	201.95914	160.50246	187.32033
2002	 2	13	24	201.69144	165.04710	188.75192
2002	 2	14	24	201.86179	169.41344	190.40392
2002	 2	15	24	202.12061	172.74791	191.74878
2002	 2	16	24	202.39407	175.55875	192.91823
2002	 2	17	24	202.66791	178.10402	193.99413
2002	 2	18	24	202.94017	180.31081	194.94949
2002	 2	19	24	202.75464	182.18120	195.48993
2002	 2	20	24	202.08278	181.02846	194.64827
2002	 2	21	24	202.30336	182.85190	195.43483
2002	 2	22	24	202.05133	184.52060	195.86104
2002	 2	23	24	201.48114	185.04733	195.67818
2002	 2	24	24	201.37135	186.57591	196.14693
2002	 2	25	24	200.93768	187.86844	196.32278
2002	 2	26	24	200.09341	185.42346	194.91330
2002	 2	27	24	199.29825	183.45500	193.70383
2002	 2	28	24	198.79681	183.30986	193.32820
2002	 3	 1	24	198.63477	183.45374	193.27419
2002	 3	 2	24	198.92453	185.04080	194.02203
2002	 3	 3	24	199.20361	186.53758	194.73109
2002	 3	 4	24	199.42587	187.41206	195.18367
2002	 3	 5	24	199.56586	186.31236	194.88591
2002	 3	 6	24	199.67126	183.65668	194.01634
2002	 3	 7	24	199.69797	180.86040	193.04622
2002	 3	 8	24	200.03250	180.32256	193.07271
2002	 3	 9	24	200.40605	179.03149	192.85846
2002	 3	10	24	200.79715	180.06017	193.47470
2002	 3	11	24	201.20497	181.79790	194.35213
2002	 3	12	24	201.61943	183.58463	195.25114
2002	 3	13	24	202.03540	185.26212	196.11256
2002	 3	14	24	202.43568	186.86662	196.93808
2002	 3	15	24	202.85687	188.38943	197.74826
2002	 3	16	24	203.26994	189.79185	198.51068
2002	 3	17	24	203.67679	191.08342	199.22993
2002	 3	18	24	204.03310	192.27747	199.88205
2002	 3	19	24	204.39021	192.99469	200.36633
2002	 3	20	24	204.02946	191.15004	199.48160
2002	 3	21	24	204.29991	191.54779	199.79700
2002	 3	22	24	204.06647	190.36142	199.22707
2002	 3	23	24	203.74593	191.38013	199.37943
2002	 3	24	24	203.78427	192.48274	199.79358
2002	 3	25	24	204.09497	193.58682	200.38443
2002	 3	26	24	204.44223	194.62564	200.97589
2002	 3	27	24	204.60506	195.60530	201.42714
2002	 3	28	24	204.33237	195.27747	201.13498
2002	 3	29	24	204.23381	192.28131	200.01326
2002	 3	30	24	204.40004	188.04794	198.62593
2002	 3	31	24	204.74934	187.69188	198.72617
2002	 4	 1	24	205.12131	188.35001	199.19917
2002	 4	 2	24	205.51485	189.38481	199.81915
2002	 4	 3	24	205.90741	190.39552	200.42999
2002	 4	 4	24	206.29611	191.35472	201.02014
2002	 4	 5	24	206.67906	192.31255	201.60609
2002	 4	 6	24	207.05818	193.30887	202.20316
2002	 4	 7	24	207.44075	194.32146	202.80818
2002	 4	 8	24	207.82365	195.31590	203.40703
2002	 4	 9	24	208.20288	196.25543	203.98410
2002	 4	10	24	208.57458	197.14296	204.53795
2002	 4	11	24	208.93736	197.98181	205.06883
2002	 4	12	24	209.29379	198.77477	205.57941
2002	 4	13	24	209.62402	199.52061	206.05640
2002	 4	14	24	208.79486	195.92422	204.25009
2002	 4	15	24	208.33234	194.48270	203.44188
2002	 4	16	24	208.36398	194.50589	203.47054
2002	 4	17	24	208.55521	195.02856	203.77881
2002	 4	18	24	208.77927	195.74097	204.17529
2002	 4	19	24	209.04376	196.41655	204.58496
2002	 4	20	24	209.38437	197.10336	205.04781
2002	 4	21	24	209.73126	197.82744	205.52789
2002	 4	22	24	210.07924	198.56047	206.01184
2002	 4	23	24	210.42139	199.32213	206.50212
2002	 4	24	24	210.75893	200.05905	206.98068
2002	 4	25	24	211.09093	200.76468	207.44461
2002	 4	26	24	211.02940	200.60133	207.34714
2002	 4	27	24	211.33510	201.24922	207.77367
2002	 4	28	24	211.66496	201.90388	208.21822
2002	 4	29	24	211.98883	202.52771	208.64801
2002	 4	30	24	212.31453	203.13583	209.07343
2002	 5	 1	24	212.63701	203.72058	209.48853
2002	 5	 2	24	212.95279	204.28076	209.89059
2002	 5	 3	24	213.27655	204.82745	210.29308
2002	 5	 4	24	213.59288	205.35521	210.68407
2002	 5	 5	24	212.96210	203.16714	209.50339
2002	 5	 6	24	212.70506	201.85054	208.87221
2002	 5	 7	24	212.80482	201.87009	208.94365
2002	 5	 8	24	212.98354	202.17743	209.16779
2002	 5	 9	24	213.22467	202.61865	209.47957
2002	 5	10	24	213.49699	203.07327	209.81627
2002	 5	11	24	213.73901	203.50868	210.12657
2002	 5	12	24	213.93314	203.94624	210.40666
2002	 5	13	24	214.23735	204.41728	210.76978
2002	 5	14	24	214.54724	204.94229	211.15562
2002	 5	15	24	214.84853	205.46571	211.53535
2002	 5	16	24	215.15063	205.97479	211.91054
2002	 5	17	24	215.44855	206.46840	212.27756
2002	 5	18	24	215.74260	206.94777	212.63705
2002	 5	19	24	215.97108	207.39398	212.94241
2002	 5	20	24	216.25908	207.84909	213.28941
2002	 5	21	24	216.54361	208.29190	213.62984
2002	 5	22	24	216.82431	208.72313	213.96370
2002	 5	23	24	216.76758	208.75417	213.93796
2002	 5	24	24	216.99576	209.16905	214.23206
2002	 5	25	24	216.63373	207.77740	213.50647
2002	 5	26	24	216.73615	207.86897	213.60506
2002	 5	27	24	216.86523	208.13164	213.78131
2002	 5	28	24	217.08990	208.47473	214.04779
2002	 5	29	24	217.34990	208.86697	214.35449
2002	 5	30	24	217.61644	209.28241	214.67360
2002	 5	31	24	217.88055	209.69151	214.98891
2002	 6	 1	24	218.14047	210.09123	215.29820
2002	 6	 2	24	218.39633	210.48270	215.60194
2002	 6	 3	24	218.64825	210.86623	215.90033
2002	 6	 4	24	218.89635	211.24269	216.19376
2002	 6	 5	24	219.07959	211.58221	216.43219
2002	 6	 6	24	219.20947	211.92505	216.63727
2002	 6	 7	24	218.36295	208.23521	214.78673
2002	 6	 8	24	217.59778	204.95375	213.13304
2002	 6	 9	24	217.22742	203.48502	212.37483
2002	 6	10	24	217.00473	202.36757	211.83618
2002	 6	11	24	216.86041	201.89389	211.57558
2002	 6	12	24	216.77408	201.62296	211.42406
2002	 6	13	24	216.52051	200.85701	210.98956
2002	 6	14	24	216.45573	200.74750	210.90898
2002	 6	15	24	216.32983	200.58174	210.76901
2002	 6	16	24	216.34085	200.77754	210.84528
2002	 6	17	24	216.38525	201.05843	210.97319
2002	 6	18	24	216.44402	201.38388	211.12611
2002	 6	19	24	216.51247	201.77113	211.30714
2002	 6	20	24	216.32077	202.00606	211.26608
2002	 6	21	24	216.27309	202.36324	211.36137
2002	 6	22	24	216.39293	202.81842	211.59962
2002	 6	23	24	216.51018	203.25264	211.82880
2002	 6	24	24	216.64297	203.68964	212.06902
2002	 6	25	24	216.77742	204.11522	212.30626
2002	 6	26	24	216.91339	204.53026	212.54077
2002	 6	27	24	217.05302	204.93860	212.77528
2002	 6	28	24	217.19658	205.33871	213.00945
2002	 6	29	24	217.34749	205.73929	213.24850
2002	 6	30	24	217.51851	206.14087	213.50095
2002	 7	 1	24	217.69432	206.53979	213.75554
2002	 7	 2	24	217.61122	205.68810	213.40103
2002	 7	 3	24	217.70715	205.58269	213.42587
2002	 7	 4	24	217.90373	205.97804	213.69264
2002	 7	 5	24	218.11057	206.40747	213.97807
2002	 7	 6	24	218.06198	206.51752	213.98550
2002	 7	 7	24	218.26268	206.93846	214.26398
2002	 7	 8	24	218.47324	207.35396	214.54689
2002	 7	 9	24	218.68510	207.76785	214.83011
2002	 7	10	24	218.68828	208.14865	214.96661
2002	 7	11	24	218.89833	208.56155	215.24831
2002	 7	12	24	219.11124	208.97037	215.53038
2002	 7	13	24	218.67253	207.00505	214.55261
2002	 7	14	24	218.64670	206.87602	214.49034
2002	 7	15	24	218.73595	207.06357	214.61430
2002	 7	16	24	218.10498	204.79375	213.40463
2002	 7	17	24	217.95148	204.55153	213.21980
2002	 7	18	24	217.97911	204.74492	213.30597
2002	 7	19	24	218.07178	205.06047	213.47734
2002	 7	20	24	218.19182	205.40967	213.67830
2002	 7	21	24	218.31572	205.78481	213.89091
2002	 7	22	24	218.45699	206.17793	214.12112
2002	 7	23	24	218.62370	206.58804	214.37378
2002	 7	24	24	218.80391	206.99969	214.63571
2002	 7	25	24	218.99034	207.41325	214.90234
2002	 7	26	24	219.18048	207.82593	215.17107
2002	 7	27	24	219.38872	208.25592	215.45761
2002	 7	28	24	219.60001	208.67679	215.74290
2002	 7	29	24	219.81163	209.09116	216.02611
2002	 7	30	24	220.02216	209.50026	216.30676
2002	 7	31	24	220.20677	209.88620	216.56247
2002	 8	 1	24	219.47890	209.96457	216.11928
2002	 8	 2	24	219.17484	210.32761	216.05078
2002	 8	 3	24	219.03310	210.70509	216.09239
2002	 8	 4	24	218.61833	208.52234	215.05333
2002	 8	 5	24	218.54408	208.20341	214.89268
2002	 8	 6	24	218.49026	208.19424	214.85463
2002	 8	 7	24	217.97394	206.30286	213.85275
2002	 8	 8	24	217.60126	205.74130	213.41338
2002	 8	 9	24	217.58842	205.84590	213.44202
2002	 8	10	24	217.62331	206.08685	213.54965
2002	 8	11	24	216.78534	200.05951	210.87927
2002	 8	12	24	215.69771	189.96227	206.61024
2002	 8	13	24	214.68152	180.24583	202.52190
2002	 8	14	24	213.92400	171.59641	198.97766
2002	 8	15	24	213.33836	163.51131	195.74388
2002	 8	16	24	212.82455	161.64978	194.75418
2002	 8	17	24	212.05775	159.99117	193.67247
2002	 8	18	24	211.49768	165.16219	195.13611
2002	 8	19	24	211.12840	169.50748	196.43159
2002	 8	20	24	210.81650	172.84673	197.40895
2002	 8	21	24	210.53786	175.56346	198.18802
2002	 8	22	24	210.39223	177.87677	198.91066
2002	 8	23	24	210.24664	179.88754	199.52652
2002	 8	24	24	210.09976	181.66762	200.06006
2002	 8	25	24	209.95157	183.26564	200.52847
2002	 8	26	24	209.80205	184.71616	200.94394
2002	 8	27	24	209.65282	186.04460	201.31650
2002	 8	28	24	209.50705	187.27028	201.65500
2002	 8	29	24	209.37575	188.54108	202.01880
2002	 8	30	24	209.30803	189.72569	202.39330
2002	 8	31	24	209.19437	190.02226	202.42448
2002	 9	 1	24	209.19635	191.11583	202.81192
2002	 9	 2	24	209.20563	192.26952	203.22530
2002	 9	 3	24	209.21490	193.40311	203.63159
2002	 9	 4	24	209.22636	194.47072	204.01599
2002	 9	 5	24	208.64740	191.22292	202.49463
2002	 9	 6	24	208.70000	191.47939	202.61922
2002	 9	 7	24	208.82993	192.33572	203.00565
2002	 9	 8	24	208.99176	193.27267	203.44118
2002	 9	 9	24	209.15253	194.28577	203.90291
2002	 9	10	24	209.00447	194.94891	204.04131
2002	 9	11	24	209.16534	195.94589	204.49741
2002	 9	12	24	209.32507	196.92517	204.94653
2002	 9	13	24	209.48326	197.86015	205.37901
2002	 9	14	24	209.38733	196.64758	204.88878
2002	 9	15	24	209.13148	196.87274	204.80280
2002	 9	16	24	209.26590	197.62700	205.15608
2002	 9	17	24	209.41199	198.48001	205.55179
2002	 9	18	24	209.56822	199.33884	205.95612
2002	 9	19	24	209.72409	200.17809	206.35329
2002	 9	20	24	209.87849	200.98273	206.73730
2002	 9	21	24	210.02925	201.76076	207.10956
2002	 9	22	24	209.70830	199.11070	205.96617
2002	 9	23	24	209.68185	199.01828	205.91643
2002	 9	24	24	209.82591	199.42438	206.15302
2002	 9	25	24	209.97263	199.96848	206.44005
2002	 9	26	24	209.02170	195.54483	204.26286
2002	 9	27	24	208.72966	194.57878	203.73283
2002	 9	28	24	208.73045	194.43736	203.68341
2002	 9	29	24	208.87520	194.88226	203.93414
2002	 9	30	24	209.04031	195.57162	204.28438
2002	10	 1	24	209.20435	196.26260	204.63448
2002	10	 2	24	209.36917	196.93240	204.97762
2002	10	 3	24	209.47646	197.39052	205.20879
2002	10	 4	24	209.62418	198.05919	205.54045
2002	10	 5	24	209.35159	196.53517	204.82597
2002	10	 6	24	208.60226	192.97292	203.08337
2002	10	 7	24	208.38766	192.10396	202.63771
2002	10	 8	24	208.48058	192.56300	202.85991
2002	10	 9	24	208.67291	193.36974	203.26920
2002	10	10	24	208.86929	194.16722	203.67783
2002	10	11	24	209.07547	194.93715	204.08307
2002	10	12	24	209.28215	195.71921	204.49292
2002	10	13	24	209.48792	196.51924	204.90854
2002	10	14	24	209.70108	197.30217	205.32289
2002	10	15	24	209.52647	195.83229	204.69090
2002	10	16	24	209.13608	194.58102	203.99654
2002	10	17	24	209.33911	195.26692	204.37007
2002	10	18	24	209.55074	195.98311	204.75986
2002	10	19	24	209.38324	194.99876	204.30392
2002	10	20	24	209.60872	195.76831	204.72153
2002	10	21	24	209.46527	195.05672	204.37746
2002	10	22	24	209.24327	193.61652	203.72530
2002	10	23	24	209.45360	194.37018	204.12747
2002	10	24	24	209.70474	195.22316	204.59114
2002	10	25	24	209.02576	190.40248	202.44968
2002	10	26	24	209.06786	189.85411	202.28328
2002	10	27	24	208.75563	187.21663	201.14998
2002	10	28	24	208.51425	185.30640	200.31931
2002	10	29	24	208.71529	186.20531	200.76677
2002	10	30	24	208.96016	187.39153	201.34404
2002	10	31	24	209.21977	188.51877	201.91002
2002	11	 1	24	209.41597	189.55095	202.40141
2002	11	 2	24	209.09888	187.93028	201.62401
2002	11	 3	24	208.79387	188.96208	201.79105
2002	11	 4	24	208.84134	190.02773	202.19804
2002	11	 5	24	209.08716	191.17146	202.76093
2002	11	 6	24	209.37657	192.27809	203.33891
2002	11	 7	24	209.57172	193.33040	203.83673
2002	11	 8	24	208.85394	194.17957	203.67226
2002	11	 9	24	208.31935	193.35843	203.03648
2002	11	10	24	208.10316	193.87140	203.07777
2002	11	11	24	207.69266	192.10228	202.18753
2002	11	12	24	207.57321	190.10674	201.40561
2002	11	13	24	207.57730	188.81638	200.95261
2002	11	14	24	207.62854	187.89919	200.66190
2002	11	15	24	207.63245	184.91711	199.61142
2002	11	16	24	207.67719	180.71657	198.15710
2002	11	17	24	207.85606	178.14612	197.36516
2002	11	18	24	207.86435	175.21338	196.33493
2002	11	19	24	206.76198	167.65436	192.95265
2002	11	20	24	206.45279	170.09760	193.61537
2002	11	21	24	206.40550	172.97092	194.59938
2002	11	22	24	205.54163	168.90459	192.60469
2002	11	23	24	205.28752	170.53665	193.01662
2002	11	24	24	205.41843	173.71298	194.22289
2002	11	25	24	205.61186	176.36586	195.28477
2002	11	26	24	205.82552	178.79636	196.28122
2002	11	27	24	205.98639	179.59250	196.66641
2002	11	28	24	206.23526	181.71835	197.57808
2002	11	29	24	205.46716	177.87376	195.72363
2002	11	30	24	204.64960	176.07843	194.56081
2002	12	 1	24	204.61707	178.05096	195.23628
2002	12	 2	24	204.80699	180.34659	196.16975
2002	12	 3	24	205.02646	182.47746	197.06416
2002	12	 4	24	205.34518	184.36728	197.93765
2002	12	 5	24	205.67253	186.01782	198.73224
2002	12	 6	24	206.02478	187.64491	199.53465
2002	12	 7	24	206.38760	189.14212	200.29803
2002	12	 8	24	206.75018	190.52039	201.01927
2002	12	 9	24	207.11232	191.80051	201.70555
2002	12	10	24	207.47647	192.99173	202.36176
2002	12	11	24	207.83711	194.10614	202.98856
2002	12	12	24	208.19226	195.15706	203.58939
2002	12	13	24	208.54050	196.14786	204.16452
2002	12	14	24	208.88951	197.08476	204.72113
2002	12	15	24	209.23320	197.97308	205.25713
2002	12	16	24	209.52765	198.81816	205.74602
2002	12	17	24	209.71829	199.62483	206.15417
2002	12	18	24	210.05362	200.39560	206.64326
2002	12	19	24	210.34500	201.13449	207.09267
2002	12	20	24	210.54095	201.84503	207.47034
2002	12	21	24	210.79199	202.52864	207.87411
2002	12	22	24	210.81528	203.18777	208.12192
2002	12	23	24	211.09067	203.82515	208.52513
2002	12	24	24	211.39928	204.44023	208.94196
2002	12	25	24	211.63701	205.03384	209.30536
2002	12	26	24	211.81430	205.60905	209.62315
2002	12	27	24	211.82849	206.16672	209.82925
2002	12	28	24	211.65166	206.70763	209.90587
2002	12	29	24	210.80913	205.00290	208.75888
2002	12	30	24	209.75656	200.45148	206.47084
2002	12	31	24	209.34265	198.81029	205.62357
2003	 1	 1	24	209.16277	198.27875	205.31950
2003	 1	 2	24	208.04797	192.44075	202.53690
2003	 1	 3	24	207.13515	187.72079	200.27972
2003	 1	 4	24	206.86499	186.39207	199.63579
2003	 1	 5	24	206.71359	185.91699	199.37009
2003	 1	 6	24	206.59964	185.57661	199.17618
2003	 1	 7	24	206.56857	185.82471	199.24368
2003	 1	 8	24	206.58047	186.54665	199.50632
2003	 1	 9	24	206.62097	187.38988	199.83026
2003	 1	10	24	206.71960	188.37505	200.24194
2003	 1	11	24	206.87703	189.39946	200.70551
2003	 1	12	24	207.04750	190.39963	201.16896
2003	 1	13	24	207.01645	191.34097	201.48126
2003	 1	14	24	206.66512	191.62894	201.35568
2003	 1	15	24	206.53911	192.30891	201.51427
2003	 1	16	24	206.45303	193.02449	201.71127
2003	 1	17	24	206.42650	193.55252	201.88055
2003	 1	18	24	206.52069	194.17863	202.16258
2003	 1	19	24	206.65662	194.89929	202.50497
2003	 1	20	24	206.75827	195.45335	202.76639
2003	 1	21	24	206.96552	196.19530	203.16243
2003	 1	22	24	207.16391	196.93503	203.55199
2003	 1	23	24	206.50296	196.02499	202.80307
2003	 1	24	24	206.47540	196.63339	203.00008
2003	 1	25	24	206.61560	197.35535	203.34570
2003	 1	26	24	206.80759	198.07564	203.72424
2003	 1	27	24	206.13112	194.08084	201.87604
2003	 1	28	24	205.55251	190.90710	200.38106
2003	 1	29	24	205.33926	190.43933	200.07794
2003	 1	30	24	205.46167	190.71265	200.25363
2003	 1	31	24	205.69238	191.41553	200.65106
2003	 2	 1	24	205.95909	192.26439	201.12334
2003	 2	 2	24	206.20493	193.11028	201.58105
2003	 2	 3	24	206.13625	193.92194	201.82324
2003	 2	 4	24	206.20657	194.74541	202.15952
2003	 2	 5	24	206.22229	195.59262	202.46884
2003	 2	 6	24	206.50536	196.42929	202.94739
2003	 2	 7	24	206.67812	197.24883	203.34853
2003	 2	 8	24	206.94937	198.04333	203.80455
2003	 2	 9	24	207.21817	198.82442	204.25424
2003	 2	10	24	207.42635	199.57050	204.65236
2003	 2	11	24	207.57356	200.28775	205.00087
2003	 2	12	24	207.64761	200.97624	205.29189
2003	 2	13	24	207.74969	201.63660	205.59109
2003	 2	14	24	207.90686	202.27187	205.91708
2003	 2	15	24	208.21579	202.88457	206.33328
2003	 2	16	24	208.53526	203.47839	206.74963
2003	 2	17	24	208.86491	204.05196	207.16541
2003	 2	18	24	209.20880	204.60628	207.58360
2003	 2	19	24	209.55576	205.15030	208.00014
2003	 2	20	24	209.58813	205.62938	208.19026
2003	 2	21	24	209.50722	205.68196	208.15648
2003	 2	22	24	209.65805	206.04538	208.38237
2003	 2	23	24	209.85849	206.30423	208.60344
2003	 2	24	24	209.98245	205.44489	208.38019
2003	 2	25	24	210.10612	204.36824	208.08002
2003	 2	26	24	210.31857	204.21388	208.16293
2003	 2	27	24	210.47357	203.18216	207.89890
2003	 2	28	24	210.58479	200.94977	207.18256
2003	 3	 1	24	210.71484	198.63347	206.44878
2003	 3	 2	24	210.91628	197.44331	206.15883
2003	 3	 3	24	211.14061	196.59709	206.00514
2003	 3	 4	24	211.40736	196.70314	206.21515
2003	 3	 5	24	211.67183	196.76039	206.40643
2003	 3	 6	24	211.73451	197.02982	206.54213
2003	 3	 7	24	211.83578	197.32018	206.71016
2003	 3	 8	24	211.99913	196.66434	206.58424
2003	 3	 9	24	212.22496	195.17645	206.20494
2003	 3	10	24	212.47916	191.97244	205.23801
2003	 3	11	24	212.21625	188.01387	203.67012
2003	 3	12	24	211.82852	184.32613	202.11713
2003	 3	13	24	211.93680	184.16774	202.13124
2003	 3	14	24	212.16750	184.64011	202.44728
2003	 3	15	24	212.44360	185.34221	202.87381
2003	 3	16	24	212.73094	185.83026	203.23203
2003	 3	17	24	213.01910	186.67825	203.71786
2003	 3	18	24	213.30411	187.41576	204.16264
2003	 3	19	24	213.58783	188.31099	204.66231
2003	 3	20	24	213.87273	189.43576	205.24377
2003	 3	21	24	214.15750	190.49217	205.80101
2003	 3	22	24	214.43831	191.50436	206.34009
2003	 3	23	24	214.71497	192.46684	206.85892
2003	 3	24	24	214.98801	193.38693	207.36043
2003	 3	25	24	215.25957	194.27164	207.84850
2003	 3	26	24	215.52884	195.12582	208.32431
2003	 3	27	24	215.79086	195.94275	208.78227
2003	 3	28	24	216.05545	196.72983	209.23137
2003	 3	29	24	216.31680	197.48412	209.66678
2003	 3	30	24	216.57469	198.20964	210.08980
2003	 3	31	24	216.82968	198.91017	210.50211
2003	 4	 1	24	217.05566	199.58649	210.88710
2003	 4	 2	24	217.18605	200.22876	211.19824
2003	 4	 3	24	217.35739	200.84163	211.52550
2003	 4	 4	24	217.60381	201.46855	211.90627
2003	 4	 5	24	217.83987	202.02341	212.25491
2003	 4	 6	24	217.93150	202.61438	212.52286
2003	 4	 7	24	218.16104	203.18864	212.87413
2003	 4	 8	24	218.36951	203.74541	213.20558
2003	 4	 9	24	218.59134	204.28542	213.53976
2003	 4	10	24	218.73792	204.47389	213.70113
2003	 4	11	24	218.95114	204.96346	214.01193
2003	 4	12	24	219.17647	204.92921	214.14561
2003	 4	13	24	219.40152	205.43440	214.46957
2003	 4	14	24	219.62375	205.93060	214.78854
2003	 4	15	24	219.84300	206.41710	215.10217
2003	 4	16	24	220.05937	206.89439	215.41068
2003	 4	17	24	220.27292	207.35922	215.71295
2003	 4	18	24	219.64240	205.35651	214.59789
2003	 4	19	24	218.92204	201.87177	212.90140
2003	 4	20	24	218.68118	200.99883	212.43735
2003	 4	21	24	218.58607	200.79153	212.30263
2003	 4	22	24	218.53391	200.72536	212.24551
2003	 4	23	24	218.52916	200.93575	212.31673
2003	 4	24	24	218.56117	201.27589	212.45755
2003	 4	25	24	218.61311	201.71344	212.64566
2003	 4	26	24	218.63109	202.12781	212.80360
2003	 4	27	24	218.71584	202.58856	213.02112
2003	 4	28	24	218.83139	203.04350	213.25652
2003	 4	29	24	218.95413	203.48871	213.49312
2003	 4	30	24	219.09525	203.93463	213.74187
2003	 5	 1	24	219.25345	204.38928	214.00475
2003	 5	 2	24	219.42252	204.85686	214.27922
2003	 5	 3	24	219.59726	205.32063	214.55603
2003	 5	 4	24	219.77832	205.78371	214.83667
2003	 5	 5	24	219.96718	206.25980	215.12695
2003	 5	 6	24	220.15794	206.73488	215.41811
2003	 5	 7	24	220.34987	207.20268	215.70746
2003	 5	 8	24	219.88860	205.99179	214.98148
2003	 5	 9	24	219.86856	206.10114	215.00713
2003	 5	10	24	219.96649	206.46693	215.19965
2003	 5	11	24	220.09651	206.90385	215.43803
2003	 5	12	24	220.25224	207.32773	215.68846
2003	 5	13	24	220.38205	207.78261	215.93304
2003	 5	14	24	220.58360	208.23561	216.22339
2003	 5	15	24	220.77415	208.65311	216.49408
2003	 5	16	24	220.97467	209.08434	216.77606
2003	 5	17	24	221.15659	209.49953	217.04034
2003	 5	18	24	221.08679	208.80956	216.75157
2003	 5	19	24	220.83511	207.62041	216.16885
2003	 5	20	24	220.93556	207.75481	216.28130
2003	 5	21	24	221.09766	208.04648	216.48914
2003	 5	22	24	221.29292	208.39590	216.73885
2003	 5	23	24	221.49124	208.76982	216.99918
2003	 5	24	24	221.68848	209.16481	217.26624
2003	 5	25	24	221.88335	209.57730	217.53795
2003	 5	26	24	221.72194	209.29710	217.33459
2003	 5	27	24	221.84590	209.65215	217.54015
2003	 5	28	24	222.01714	210.05490	217.79314
2003	 5	29	24	222.20673	210.45367	218.05659
2003	 5	30	24	222.39383	210.84479	218.31573
2003	 5	31	24	222.57368	211.22198	218.56528
2003	 6	 1	24	222.75932	211.59760	218.81799
2003	 6	 2	24	222.94289	211.96529	219.06657
2003	 6	 3	24	223.12442	212.32611	219.31142
2003	 6	 4	24	223.30397	212.67972	219.55243
2003	 6	 5	24	223.20428	213.01564	219.60657
2003	 6	 6	24	223.32135	213.35539	219.80226
2003	 6	 7	24	223.48369	213.68823	220.02481
2003	 6	 8	24	223.65230	213.98518	220.23874
2003	 6	 9	24	223.82646	214.30699	220.46503
2003	 6	10	24	223.99878	214.62257	220.68794
2003	 6	11	24	224.16882	214.93307	220.90758
2003	 6	12	24	223.96866	213.52505	220.28091
2003	 6	13	24	224.06247	213.42746	220.30713
2003	 6	14	24	224.20395	213.55409	220.44337
2003	 6	15	24	224.36636	213.73727	220.61311
2003	 6	16	24	224.53346	213.97249	220.80426
2003	 6	17	24	224.69933	214.23669	221.00485
2003	 6	18	24	224.77859	214.35605	221.09828
2003	 6	19	24	224.91199	214.64886	221.28796
2003	 6	20	24	225.07433	214.95546	221.50124
2003	 6	21	24	225.23508	215.25751	221.71188
2003	 6	22	24	225.39427	215.55507	221.91994
2003	 6	23	24	225.45602	214.94208	221.74344
2003	 6	24	24	225.60817	215.11011	221.90118
2003	 6	25	24	225.76392	215.35191	222.08733
2003	 6	26	24	225.91875	215.64307	222.29030
2003	 6	27	24	226.07217	215.93356	222.49213
2003	 6	28	24	226.22432	216.21976	222.69160
2003	 6	29	24	226.36974	216.49959	222.88448
2003	 6	30	24	225.96869	214.51039	221.92264
2003	 7	 1	24	225.54427	212.62444	220.98213
2003	 7	 2	24	225.48967	212.07643	220.75331
2003	 7	 3	24	225.45178	211.80031	220.63130
2003	 7	 4	24	225.39616	211.07872	220.34052
2003	 7	 5	24	225.40953	210.89146	220.28305
2003	 7	 6	24	225.47685	210.89975	220.32951
2003	 7	 7	24	225.56050	210.98454	220.41357
2003	 7	 8	24	225.65274	211.12395	220.52246
2003	 7	 9	24	225.71141	211.28764	220.61823
2003	 7	10	24	225.82718	211.49594	220.76666
2003	 7	11	24	225.95322	211.71948	220.92712
2003	 7	12	24	226.08913	211.96248	221.10086
2003	 7	13	24	226.23085	212.21359	221.28120
2003	 7	14	24	226.37502	212.47339	221.46620
2003	 7	15	24	226.52139	212.73433	221.65303
2003	 7	16	24	226.66780	212.99608	221.84016
2003	 7	17	24	226.54762	212.74109	221.67238
2003	 7	18	24	226.63870	212.96356	221.80986
2003	 7	19	24	226.76208	213.23454	221.98537
2003	 7	20	24	226.90515	213.50841	222.17462
2003	 7	21	24	227.04395	213.77660	222.35910
2003	 7	22	24	227.18704	214.05473	222.54988
2003	 7	23	24	227.28627	214.31711	222.70671
2003	 7	24	24	226.76010	212.03271	221.55971
2003	 7	25	24	226.64038	211.45236	221.27733
2003	 7	26	24	226.59821	211.29704	221.19521
2003	 7	27	24	226.18283	207.54300	219.60091
2003	 7	28	24	225.97705	205.99533	218.92128
2003	 7	29	24	225.95712	205.15102	218.61026
2003	 7	30	24	225.96907	204.84512	218.50998
2003	 7	31	24	226.00293	204.72066	218.48793
2003	 8	 1	24	226.04535	204.66722	218.49651
2003	 8	 2	24	226.10262	204.69865	218.54465
2003	 8	 3	24	226.16516	204.85693	218.64099
2003	 8	 4	24	226.23672	205.07018	218.76259
2003	 8	 5	24	226.31259	205.33783	218.90617
2003	 8	 6	24	226.39613	205.63211	219.06413
2003	 8	 7	24	226.49104	205.96899	219.24448
2003	 8	 8	24	226.59772	206.30908	219.43358
2003	 8	 9	24	226.71474	206.66461	219.63481
2003	 8	10	24	226.84129	207.01993	219.84215
2003	 8	11	24	226.97481	207.36772	220.05133
2003	 8	12	24	227.11101	207.70830	220.25970
2003	 8	13	24	227.11607	207.71634	220.26581
2003	 8	14	24	227.23376	208.05145	220.46028
2003	 8	15	24	227.37216	208.38712	220.66833
2003	 8	16	24	227.51074	208.72232	220.87634
2003	 8	17	24	227.64951	209.05946	221.08516
2003	 8	18	24	227.78484	209.39574	221.29144
2003	 8	19	24	227.89787	209.71162	221.47610
2003	 8	20	24	228.03624	210.05594	221.68719
2003	 8	21	24	228.17355	210.39781	221.89674
2003	 8	22	24	228.30989	210.73772	222.10497
2003	 8	23	24	228.44188	211.07370	222.30899
2003	 8	24	24	228.57666	211.41275	222.51590
2003	 8	25	24	228.71053	211.74985	222.72153
2003	 8	26	24	228.84340	212.08337	222.92525
2003	 8	27	24	228.97531	212.41437	223.12746
2003	 8	28	24	229.09772	212.74057	223.32182
2003	 8	29	24	229.18515	213.04840	223.48709
2003	 8	30	24	229.30905	213.36957	223.68065
2003	 8	31	24	229.42574	213.68292	223.86678
2003	 9	 1	24	229.48248	213.94870	223.99733
2003	 9	 2	24	229.58708	214.25098	224.17174
2003	 9	 3	24	229.71364	214.55829	224.36212
2003	 9	 4	24	229.83922	214.86186	224.55055
2003	 9	 5	24	229.96408	215.16240	224.73744
2003	 9	 6	24	230.08827	215.46030	224.92297
2003	 9	 7	24	230.21196	215.75560	225.10725
2003	 9	 8	24	230.33488	216.04617	225.28938
2003	 9	 9	24	230.39206	216.21069	225.38446
2003	 9	10	24	230.27420	215.48837	225.05316
2003	 9	11	24	230.11821	215.38629	224.91621
2003	 9	12	24	229.87996	215.09975	224.66090
2003	 9	13	24	229.73831	215.17538	224.59598
2003	 9	14	24	229.76956	215.40347	224.69673
2003	 9	15	24	229.82167	215.63646	224.81271
2003	 9	16	24	229.88713	215.87805	224.94037
2003	 9	17	24	229.95888	216.13469	225.07741
2003	 9	18	24	230.03531	216.40895	225.22369
2003	 9	19	24	230.12379	216.68784	225.37941
2003	 9	20	24	230.22482	216.96397	225.54227
2003	 9	21	24	230.32915	217.23605	225.70583
2003	 9	22	24	230.43936	217.50368	225.87163
2003	 9	23	24	230.54449	217.76524	226.03200
2003	 9	24	24	230.65796	218.02441	226.19691
2003	 9	25	24	230.77318	218.27956	226.36154
2003	 9	26	24	230.88922	218.53105	226.52542
2003	 9	27	24	231.00543	218.77896	226.68813
2003	 9	28	24	231.09445	219.00595	226.82587
2003	 9	29	24	231.20436	219.24228	226.98042
2003	 9	30	24	231.31995	219.47937	227.13892
2003	10	 1	24	231.43501	219.71385	227.29614
2003	10	 2	24	231.53091	219.93259	227.43542
2003	10	 3	24	231.62982	220.14278	227.57362
2003	10	 4	24	231.71584	220.33781	227.69814
2003	10	 5	24	231.63495	219.95222	227.50966
2003	10	 6	24	231.48537	219.90224	227.39523
2003	10	 7	24	231.10460	218.44431	226.63411
2003	10	 8	24	230.52359	215.11197	225.08157
2003	10	 9	24	230.15817	213.00951	224.10280
2003	10	10	24	229.97612	211.78960	223.55426
2003	10	11	24	229.81104	210.92860	223.14345
2003	10	12	24	229.73859	210.16782	222.82793
2003	10	13	24	229.68887	209.65970	222.61635
2003	10	14	24	229.64360	209.37115	222.48518
2003	10	15	24	229.59808	209.17314	222.38582
2003	10	16	24	229.55844	209.05991	222.32019
2003	10	17	24	229.52991	208.96062	222.26666
2003	10	18	24	229.51448	208.87868	222.22775
2003	10	19	24	229.50836	208.82071	222.20332
2003	10	20	24	229.50963	208.80026	222.19693
2003	10	21	24	229.33200	208.81859	222.08849
2003	10	22	24	229.31332	208.95190	222.12349
2003	10	23	24	229.33781	209.12709	222.20119
2003	10	24	24	229.37865	209.31979	222.29565
2003	10	25	24	229.38739	209.51422	222.36996
2003	10	26	24	229.42001	209.66803	222.44537
2003	10	27	24	229.47173	209.92987	222.57129
2003	10	28	24	229.52544	210.21338	222.70613
2003	10	29	24	229.16940	209.21638	222.12378
2003	10	30	24	229.06429	209.02292	221.98746
2003	10	31	24	229.06885	209.04776	221.99918
2003	11	 1	24	229.11359	209.35179	222.13548
2003	11	 2	24	229.16870	209.65027	222.27654
2003	11	 3	24	229.20276	209.91949	222.39363
2003	11	 4	24	229.25832	210.20932	222.53191
2003	11	 5	24	229.31473	210.49506	222.66930
2003	11	 6	24	229.37201	210.77644	222.80571
2003	11	 7	24	229.43207	211.05426	222.94266
2003	11	 8	24	229.49330	211.32831	223.07904
2003	11	 9	24	229.55588	211.59789	223.21472
2003	11	10	24	229.62082	211.86310	223.35037
2003	11	11	24	229.69022	212.12408	223.48743
2003	11	12	24	229.76366	212.38188	223.62596
2003	11	13	24	229.83963	212.63687	223.76515
2003	11	14	24	229.91760	212.88989	223.90494
2003	11	15	24	229.99825	213.14017	224.04547
2003	11	16	24	229.93672	213.12482	224.00026
2003	11	17	24	229.83026	211.88846	223.49481
2003	11	18	24	229.86847	211.77809	223.48056
2003	11	19	24	229.94701	211.97839	223.60210
2003	11	20	24	230.03169	212.23927	223.74899
2003	11	21	24	230.11917	212.50305	223.89873
2003	11	22	24	230.21024	212.76453	224.04997
2003	11	23	24	230.30385	213.02510	224.20253
2003	11	24	24	230.39883	213.28412	224.35544
2003	11	25	24	230.49275	213.54263	224.50748
2003	11	26	24	230.57008	213.77943	224.64113
2003	11	27	24	230.67084	214.03641	224.79704
2003	11	28	24	230.54208	213.76045	224.61630
2003	11	29	24	230.37668	213.08990	224.27254
2003	11	30	24	230.42422	213.29074	224.37421
2003	12	 1	24	230.49309	213.53876	224.50633
2003	12	 2	24	230.58653	213.79982	224.65897
2003	12	 3	24	230.68726	214.06161	224.81656
2003	12	 4	24	230.78880	214.32582	224.97554
2003	12	 5	24	230.78923	214.55035	225.05510
2003	12	 6	24	230.55530	213.70547	224.60544
2003	12	 7	24	230.56795	213.80998	224.65053
2003	12	 8	24	230.62065	213.96329	224.73875
2003	12	 9	24	230.70030	214.16580	224.86179
2003	12	10	24	230.79552	214.42236	225.01398
2003	12	11	24	230.84814	214.52089	225.08281
2003	12	12	24	230.79506	214.76913	225.13612
2003	12	13	24	230.26126	211.61169	223.67589
2003	12	14	24	229.71494	208.23158	222.12892
2003	12	15	24	229.46861	206.76692	221.45239
2003	12	16	24	229.32903	205.69109	220.98221
2003	12	17	24	229.14735	204.87332	220.57593
2003	12	18	24	228.89577	203.97441	220.09576
2003	12	19	24	228.78825	203.24998	219.77042
2003	12	20	24	228.72307	202.56032	219.48471
2003	12	21	24	228.56619	202.07005	219.21011
2003	12	22	24	228.43861	201.97015	219.09232
2003	12	23	24	228.26907	201.94055	218.97218
2003	12	24	24	228.14902	202.04709	218.93214
2003	12	25	24	228.06828	202.21733	218.94003
2003	12	26	24	228.04160	202.38197	218.98090
2003	12	27	24	228.03365	202.68077	219.08127
2003	12	28	24	228.03606	202.96765	219.18413
2003	12	29	24	228.06026	203.27249	219.30743
2003	12	30	24	228.09238	203.59679	219.44272
2003	12	31	24	228.10626	203.97525	219.58534
2004	 1	 1	24	228.13829	204.34624	219.73706
2004	 1	 2	24	228.17482	204.71335	219.89032
2004	 1	 3	24	228.22633	205.08240	220.05396
2004	 1	 4	24	228.28050	205.46872	220.22542
2004	 1	 5	24	228.33569	205.85080	220.39603
2004	 1	 6	24	228.11330	206.22467	220.38419
2004	 1	 7	24	227.93939	206.59297	220.40173
2004	 1	 8	24	227.77821	206.95630	220.42577
2004	 1	 9	24	227.58405	207.31615	220.42723
2004	 1	10	24	227.09265	206.37628	219.77748
2004	 1	11	24	226.54173	204.67863	218.82164
2004	 1	12	24	226.06787	202.94794	217.90398
2004	 1	13	24	225.49854	201.07333	216.87373
2004	 1	14	24	225.00954	200.23840	216.26257
2004	 1	15	24	224.65491	200.21535	216.02502
2004	 1	16	24	224.32442	200.45641	215.89636
2004	 1	17	24	224.02258	200.64886	215.76907
2004	 1	18	24	223.84540	201.01512	215.78378
2004	 1	19	24	223.46747	201.41960	215.68213
2004	 1	20	24	223.27531	201.85072	215.71005
2004	 1	21	24	223.23555	202.28239	215.83676
2004	 1	22	24	223.20049	202.72701	215.97107
2004	 1	23	24	223.15111	203.20151	216.10669
2004	 1	24	24	223.03499	203.67482	216.19870
2004	 1	25	24	222.98022	204.14854	216.33055
2004	 1	26	24	222.86217	204.61421	216.41861
2004	 1	27	24	222.85143	205.07288	216.57362
2004	 1	28	24	222.84346	205.52414	216.72781
2004	 1	29	24	222.76941	205.96556	216.83578
2004	 1	30	24	222.66748	206.39706	216.92223
2004	 1	31	24	222.42297	206.82327	216.91455
2004	 2	 1	24	221.78275	204.75323	215.76944
2004	 2	 2	24	220.99452	199.20499	213.30040
2004	 2	 3	24	220.28510	195.21826	211.43372
2004	 2	 4	24	219.63536	190.98242	209.51770
2004	 2	 5	24	219.14835	186.09996	207.47861
2004	 2	 6	24	218.72607	181.57536	205.60776
2004	 2	 7	24	218.34949	177.69878	203.99529
2004	 2	 8	24	217.75572	175.77451	202.93170
2004	 2	 9	24	217.49300	174.95802	202.47343
2004	 2	10	24	217.26936	175.63704	202.56854
2004	 2	11	24	217.12010	177.11327	202.99326
2004	 2	12	24	217.00777	178.82460	203.52487
2004	 2	13	24	216.72150	180.56027	203.95258
2004	 2	14	24	216.41203	181.91573	204.23102
2004	 2	15	24	216.18484	183.36639	204.59630
2004	 2	16	24	215.99612	184.66039	204.93114
2004	 2	17	24	215.70946	185.39294	205.00436
2004	 2	18	24	215.54466	186.65646	205.34392
2004	 2	19	24	215.47285	187.84039	205.71553
2004	 2	20	24	215.24765	188.85732	205.92894
2004	 2	21	24	215.10373	189.80623	206.17090
2004	 2	22	24	215.04065	190.88847	206.51225
2004	 2	23	24	215.00317	191.90367	206.84648
2004	 2	24	24	214.91095	192.85713	207.12350
2004	 2	25	24	214.85803	193.76001	207.40810
2004	 2	26	24	214.77629	194.62032	207.65900
2004	 2	27	24	214.77139	195.45094	207.94913
2004	 2	28	24	214.78499	196.26340	208.24481
2004	 2	29	24	214.84480	197.06029	208.56490
2004	 3	 1	24	214.81458	197.83148	208.81766
2004	 3	 2	24	214.44887	198.45956	208.80287
2004	 3	 3	24	214.39679	199.18045	209.02373
2004	 3	 4	24	214.45773	199.87758	209.30933
2004	 3	 5	24	214.33626	200.54185	209.46530
2004	 3	 6	24	214.24011	201.18677	209.63083
2004	 3	 7	24	214.10260	201.73227	209.73450
2004	 3	 8	24	214.14093	202.34814	209.97678
2004	 3	 9	24	214.01025	202.94536	210.10312
2004	 3	10	24	214.00420	203.52449	210.30370
2004	 3	11	24	213.82216	203.94334	210.33385
2004	 3	12	24	213.48143	204.17603	210.19559
2004	 3	13	24	213.28485	203.67255	209.89064
2004	 3	14	24	213.22540	202.02734	209.27124
2004	 3	15	24	213.15872	199.57635	208.36264
2004	 3	16	24	213.08299	196.29514	207.15501
2004	 3	17	24	212.98605	191.65753	205.45473
2004	 3	18	24	212.92282	186.39220	203.55457
2004	 3	19	24	212.89500	180.76862	201.55083
2004	 3	20	24	212.73618	175.26901	199.50612
2004	 3	21	24	212.79672	171.70148	198.28554
2004	 3	22	24	212.87111	169.70007	197.62694
2004	 3	23	24	212.47893	169.26097	197.21820
2004	 3	24	24	211.61559	168.74448	196.47733
2004	 3	25	24	211.37305	171.58635	197.32393
2004	 3	26	24	211.24811	174.37378	198.22739
2004	 3	27	24	211.21471	176.77014	199.05196
2004	 3	28	24	211.26109	177.67912	199.40294
2004	 3	29	24	211.36386	177.21802	199.30659
2004	 3	30	24	211.48082	177.17017	199.36536
2004	 3	31	24	211.60226	177.60353	199.59694
2004	 4	 1	24	211.72723	178.38298	199.95302
2004	 4	 2	24	211.85365	179.60548	200.46648
2004	 4	 3	24	211.98534	181.56981	201.24529
2004	 4	 4	24	212.11356	183.38586	201.96950
2004	 4	 5	24	212.20526	185.03639	202.61163
2004	 4	 6	24	212.33253	186.58743	203.24165
2004	 4	 7	24	212.45203	188.03268	203.82928
2004	 4	 8	24	212.57880	189.37119	204.38394
2004	 4	 9	24	212.71248	190.63699	204.91739
2004	 4	10	24	212.83308	191.81186	205.41026
2004	 4	11	24	212.98203	192.90892	205.89400
2004	 4	12	24	213.13403	193.93585	206.35495
2004	 4	13	24	213.28699	194.91100	206.79822
2004	 4	14	24	213.43892	195.84171	207.22514
2004	 4	15	24	213.59000	196.72920	207.63626
2004	 4	16	24	213.74132	197.57408	208.03249
2004	 4	17	24	213.89296	198.38145	208.41568
2004	 4	18	24	214.01836	197.45711	208.17039
2004	 4	19	24	213.97505	197.51138	208.16154
2004	 4	20	24	214.13150	198.25394	208.52496
2004	 4	21	24	214.28978	199.02702	208.90033
2004	 4	22	24	214.44778	199.77414	209.26636
2004	 4	23	24	214.57771	200.48141	209.60016
2004	 4	24	24	214.26335	199.36482	209.00252
2004	 4	25	24	214.40146	199.89546	209.27924
2004	 4	26	24	214.55315	200.55344	209.60970
2004	 4	27	24	214.71092	201.23816	209.95354
2004	 4	28	24	214.86816	201.89838	210.28839
2004	 4	29	24	215.02426	202.53418	210.61388
2004	 4	30	24	215.17914	203.14647	210.93027
2004	 5	 1	24	215.32484	203.72452	211.22864
2004	 5	 2	24	215.33206	204.07089	211.35562
2004	 5	 3	24	214.82739	202.59892	210.50938
2004	 5	 4	24	214.88116	202.86461	210.63799
2004	 5	 5	24	214.34781	203.07208	210.36623
2004	 5	 6	24	213.52455	199.12045	208.43831
2004	 5	 7	24	213.22607	198.07130	207.87476
2004	 5	 8	24	213.15797	197.90736	207.77281
2004	 5	 9	24	213.14857	198.09262	207.83215
2004	 5	10	24	212.22009	193.54262	205.62488
2004	 5	11	24	211.91286	192.78786	205.15961
2004	 5	12	24	211.82066	192.84106	205.11876
2004	 5	13	24	211.78336	193.39330	205.28963
2004	 5	14	24	211.85925	194.12169	205.59593
2004	 5	15	24	211.06744	190.24155	203.71359
2004	 5	16	24	210.93060	190.22636	203.61971
2004	 5	17	24	211.01562	191.05325	203.96669
2004	 5	18	24	211.16142	191.96037	204.38132
2004	 5	19	24	211.32867	192.82555	204.79501
2004	 5	20	24	211.50388	193.64766	205.19865
2004	 5	21	24	211.50545	194.04347	205.33943
2004	 5	22	24	211.18564	193.48837	204.93654
2004	 5	23	24	210.51222	190.04990	203.28676
2004	 5	24	24	210.54675	190.11241	203.33116
2004	 5	25	24	210.70988	191.05844	203.77075
2004	 5	26	24	210.90068	191.98219	204.22035
2004	 5	27	24	211.09410	192.87479	204.66066
2004	 5	28	24	211.28552	193.74495	205.09175
2004	 5	29	24	211.47626	194.59747	205.51617
2004	 5	30	24	211.67015	195.44005	205.93912
2004	 5	31	24	211.85239	196.25285	206.34402
2004	 6	 1	24	211.87598	196.69843	206.51662
2004	 6	 2	24	211.95956	196.49805	206.49994
2004	 6	 3	24	212.15352	197.27307	206.89906
2004	 6	 4	24	212.32037	197.90990	207.23187
2004	 6	 5	24	212.43887	198.47803	207.50914
2004	 6	 6	24	212.64468	199.21896	207.90392
2004	 6	 7	24	212.85223	199.94559	208.29475
2004	 6	 8	24	213.05798	200.64413	208.67451
2004	 6	 9	24	213.26207	201.31413	209.04312
2004	 6	10	24	213.45837	201.96230	209.39899
2004	 6	11	24	213.22563	200.07175	208.58086
2004	 6	12	24	213.34622	200.31758	208.74567
2004	 6	13	24	213.55019	200.82896	209.05818
2004	 6	14	24	213.75629	201.43440	209.40529
2004	 6	15	24	213.93069	201.98415	209.71223
2004	 6	16	24	214.13588	202.61681	210.06837
2004	 6	17	24	214.25500	202.42264	210.07687
2004	 6	18	24	214.44740	203.00296	210.40625
2004	 6	19	24	214.63866	203.50877	210.70857
2004	 6	20	24	214.83939	204.09212	211.04440
2004	 6	21	24	215.04053	204.63808	211.36731
2004	 6	22	24	215.15984	205.16513	211.63060
2004	 6	23	24	215.36139	205.69254	211.94720
2004	 6	24	24	215.56981	206.20721	212.26378
2004	 6	25	24	215.77856	206.70787	212.57561
2004	 6	26	24	215.98608	207.19426	212.88159
2004	 6	27	24	216.18080	207.66397	213.17342
2004	 6	28	24	216.38504	208.12141	213.46706
2004	 6	29	24	216.58693	208.56471	213.75420
2004	 6	30	24	216.79248	209.00096	214.04121
2004	 7	 1	24	216.63307	209.29742	214.04277
2004	 7	 2	24	216.77948	209.71188	214.28383
2004	 7	 3	24	216.93533	210.04199	214.50122
2004	 7	 4	24	217.13463	210.43398	214.76855
2004	 7	 5	24	217.32629	210.81145	215.02583
2004	 7	 6	24	217.53639	211.19678	215.29781
2004	 7	 7	24	217.74536	211.57393	215.56616
2004	 7	 8	24	216.97260	206.31097	213.20786
2004	 7	 9	24	216.72101	203.32635	211.99121
2004	 7	10	24	216.65472	201.37189	211.25819
2004	 7	11	24	216.64507	199.91859	210.73877
2004	 7	12	24	216.52756	198.52156	210.16945
2004	 7	13	24	216.57231	197.89337	209.97658
2004	 7	14	24	216.66655	197.56781	209.92258
2004	 7	15	24	216.79506	197.38499	209.94115
2004	 7	16	24	216.94188	197.27858	209.99855
2004	 7	17	24	217.09895	197.31535	210.11314
2004	 7	18	24	217.25403	197.56624	210.30205
2004	 7	19	24	217.43033	197.93597	210.54666
2004	 7	20	24	217.51637	198.32684	210.74034
2004	 7	21	24	217.70490	198.83058	211.04018
2004	 7	22	24	217.04736	194.66386	209.14351
2004	 7	23	24	216.87268	193.82620	208.73471
2004	 7	24	24	216.87314	193.98878	208.79242
2004	 7	25	24	216.96590	194.57350	209.05890
2004	 7	26	24	216.92818	194.94366	209.16521
2004	 7	27	24	217.06773	195.63046	209.49800
2004	 7	28	24	217.22665	196.32037	209.84442
2004	 7	29	24	217.40526	196.98486	210.19460
2004	 7	30	24	217.59442	197.62379	210.54257
2004	 7	31	24	217.78951	198.23846	210.88582
2004	 8	 1	24	217.99565	198.83066	211.22829
2004	 8	 2	24	218.20738	199.40520	211.56813
2004	 8	 3	24	218.42021	199.96553	211.90366
2004	 8	 4	24	218.63239	200.51245	212.23404
2004	 8	 5	24	218.84445	201.05042	212.56119
2004	 8	 6	24	219.05566	201.58334	212.88600
2004	 8	 7	24	219.26505	202.11000	213.20741
2004	 8	 8	24	219.47258	202.62840	213.52472
2004	 8	 9	24	219.67860	203.14394	213.84003
2004	 8	10	24	219.88228	203.65387	214.15186
2004	 8	11	24	220.08420	204.15584	214.45972
2004	 8	12	24	219.61066	200.72942	212.94348
2004	 8	13	24	219.58258	200.02464	212.67645
2004	 8	14	24	219.63278	199.98840	212.69614
2004	 8	15	24	219.74983	200.28958	212.87820
2004	 8	16	24	219.90240	200.75017	213.13954
2004	 8	17	24	219.78081	201.23395	213.23170
2004	 8	18	24	219.91957	201.74017	213.50023
2004	 8	19	24	220.07800	202.21730	213.77119
2004	 8	20	24	220.25232	202.76167	214.07619
2004	 8	21	24	220.43469	203.29442	214.38228
2004	 8	22	24	220.62909	203.81990	214.69359
2004	 8	23	24	220.82442	204.33318	215.00117
2004	 8	24	24	220.54070	202.48166	214.16385
2004	 8	25	24	220.62308	202.63359	214.27080
2004	 8	26	24	220.33502	199.89630	213.11789
2004	 8	27	24	220.40852	199.74490	213.11197
2004	 8	28	24	220.52487	200.07777	213.30478
2004	 8	29	24	220.67830	200.55174	213.57140
2004	 8	30	24	220.68484	200.23755	213.46468
2004	 8	31	24	220.86311	200.77858	213.77104
2004	 9	 1	24	221.04880	201.33281	214.08687
2004	 9	 2	24	221.23903	201.89552	214.40863
2004	 9	 3	24	221.42897	202.46652	214.73312
2004	 9	 4	24	221.61824	203.03268	215.05548
2004	 9	 5	24	221.80669	203.58809	215.37350
2004	 9	 6	24	221.99374	204.13188	215.68652
2004	 9	 7	24	222.18022	204.66283	215.99464
2004	 9	 8	24	222.36491	205.17995	216.29671
2004	 9	 9	24	222.54781	205.68506	216.59338
2004	 9	10	24	222.72928	206.18269	216.88651
2004	 9	11	24	222.89699	206.66151	217.16406
2004	 9	12	24	222.79384	206.45195	217.02335
2004	 9	13	24	222.92775	206.91100	217.27206
2004	 9	14	24	223.08525	207.37830	217.53896
2004	 9	15	24	223.25462	207.83936	217.81133
2004	 9	16	24	223.42824	208.29102	218.08311
2004	 9	17	24	223.60197	208.73215	218.35127
2004	 9	18	24	223.77477	209.16272	218.61510
2004	 9	19	24	223.94441	209.58391	218.87357
2004	 9	20	24	224.11388	209.99774	219.12932
2004	 9	21	24	223.77472	207.49243	218.02527
2004	 9	22	24	223.31593	205.02927	216.85872
2004	 9	23	24	222.93289	202.46658	215.70601
2004	 9	24	24	222.58582	200.41805	214.75813
2004	 9	25	24	222.29382	198.97995	214.06145
2004	 9	26	24	222.21931	198.68242	213.90817
2004	 9	27	24	222.16685	198.36580	213.76244
2004	 9	28	24	222.14586	198.29831	213.72502
2004	 9	29	24	221.76566	196.60255	212.88029
2004	 9	30	24	221.75899	196.75284	212.92905
2004	10	 1	24	221.79114	197.12108	213.07986
2004	10	 2	24	221.77695	196.98947	213.02422
2004	10	 3	24	221.85309	197.49738	213.25282
2004	10	 4	24	221.94269	198.05452	213.50752
2004	10	 5	24	222.04118	198.64375	213.77930
2004	10	 6	24	221.98090	198.98337	213.86021
2004	10	 7	24	222.08362	199.54942	214.12654
2004	10	 8	24	222.16319	200.06824	214.36122
2004	10	 9	24	222.27272	200.59962	214.61972
2004	10	10	24	222.38895	201.12027	214.87874
2004	10	11	24	222.50981	201.63167	215.13751
2004	10	12	24	222.63612	202.13324	215.39633
2004	10	13	24	222.76755	202.62933	215.65652
2004	10	14	24	222.89883	203.12227	215.91551
2004	10	15	24	222.88835	203.24753	215.95296
2004	10	16	24	222.93733	202.82463	215.83531
2004	10	17	24	223.07442	203.32275	216.09988
2004	10	18	24	223.21567	203.82521	216.36868
2004	10	19	24	223.36177	204.31552	216.63634
2004	10	20	24	223.48567	204.76558	216.87540
2004	10	21	24	223.63820	205.23395	217.13945
2004	10	22	24	223.79352	205.70079	217.40479
2004	10	23	24	223.95143	206.16254	217.66998
2004	10	24	24	224.11098	206.61725	217.93375
2004	10	25	24	224.24443	206.81322	218.08928
2004	10	26	24	223.99075	205.78174	217.56096
2004	10	27	24	224.04179	206.06627	217.69444
2004	10	28	24	224.15587	206.46327	217.90842
2004	10	29	24	224.22607	206.06830	217.81436
2004	10	30	24	224.33995	205.37935	217.64476
2004	10	31	24	224.50365	205.77327	217.88974
2004	11	 1	24	224.65826	206.19914	218.14015
2004	11	 2	24	224.80798	206.64824	218.39558
2004	11	 3	24	224.97105	207.11443	218.66568
2004	11	 4	24	225.11426	207.56390	218.91704
2004	11	 5	24	225.24338	207.63043	219.02405
2004	11	 6	24	224.89624	205.11769	217.91222
2004	11	 7	24	224.51103	203.76430	217.18513
2004	11	 8	24	224.09509	203.40175	216.78804
2004	11	 9	24	223.51668	203.23753	216.35590
2004	11	10	24	223.24878	203.48036	216.26834
2004	11	11	24	223.06520	201.89085	215.58830
2004	11	12	24	222.85387	200.14146	214.83386
2004	11	13	24	222.65990	199.67241	214.54277
2004	11	14	24	222.61601	200.01097	214.63393
2004	11	15	24	222.56075	200.26968	214.68953
2004	11	16	24	222.16319	197.24113	213.36295
2004	11	17	24	221.96283	193.51656	211.91814
2004	11	18	24	221.22775	186.37819	208.92200
2004	11	19	24	220.74373	184.31284	207.87958
2004	11	20	24	220.48367	183.78308	207.52429
2004	11	21	24	220.28833	183.65797	207.35374
2004	11	22	24	219.56335	179.42004	205.38832
2004	11	23	24	218.99181	177.24460	204.25041
2004	11	24	24	218.78741	178.33017	204.50153
2004	11	25	24	218.68011	179.62207	204.88829
2004	11	26	24	218.56978	180.31543	205.06175
2004	11	27	24	218.36955	179.37828	204.60130
2004	11	28	24	218.27490	180.18889	204.82631
2004	11	29	24	218.20401	180.91570	205.03709
2004	11	30	24	218.16241	182.19925	205.46342
2004	12	 1	24	218.06091	181.82860	205.26689
2004	12	 2	24	218.04883	183.19246	205.74066
2004	12	 3	24	218.04933	184.53720	206.21584
2004	12	 4	24	218.06000	185.51199	206.56694
2004	12	 5	24	218.07489	186.47757	206.91753
2004	12	 6	24	218.10207	187.39622	207.25949
2004	12	 7	24	218.14337	188.51376	207.68083
2004	12	 8	24	218.19698	189.21532	207.96324
2004	12	 9	24	218.26543	190.10287	208.32092
2004	12	10	24	218.34274	189.34146	208.10208
2004	12	11	24	218.42500	189.24693	208.12190
2004	12	12	24	218.51117	190.36116	208.57109
2004	12	13	24	218.60280	191.47681	209.02431
2004	12	14	24	218.69809	192.54620	209.46358
2004	12	15	24	218.79671	193.53087	209.87506
2004	12	16	24	218.88699	194.49998	210.27568
2004	12	17	24	218.77136	195.42740	210.52835
2004	12	18	24	218.37311	196.30807	210.58171
2004	12	19	24	218.35130	197.14534	210.86325
2004	12	20	24	218.32593	197.93625	211.12611
2004	12	21	24	218.34489	198.62131	211.38028
2004	12	22	24	218.41077	199.37514	211.68907
2004	12	23	24	218.30045	198.29987	211.23802
2004	12	24	24	218.26997	196.57704	210.60997
2004	12	25	24	218.09181	194.59669	209.79543
2004	12	26	24	217.50784	194.26729	209.30135
2004	12	27	24	217.33974	194.81319	209.38536
2004	12	28	24	217.31900	195.43791	209.59254
2004	12	29	24	217.30652	196.10222	209.81905
2004	12	30	24	217.31903	196.53993	209.98170
2004	12	31	24	217.15674	195.18376	209.39784
2005	 1	 1	24	217.14622	193.56197	208.81836
2005	 1	 2	24	217.20044	193.19008	208.72212
2005	 1	 3	24	216.75580	193.61841	208.58574
2005	 1	 4	24	216.66154	193.00826	208.30931
2005	 1	 5	24	216.46765	191.47386	207.64207
2005	 1	 6	24	216.50034	191.07329	207.52177
2005	 1	 7	24	216.56584	188.83759	206.77469
2005	 1	 8	24	216.65097	186.15273	205.88171
2005	 1	 9	24	216.76170	185.64731	205.77487
2005	 1	10	24	216.88144	184.27107	205.36636
2005	 1	11	24	217.00763	184.08467	205.38217
2005	 1	12	24	217.12781	183.30495	205.18459
2005	 1	13	24	217.05672	183.60295	205.24382
2005	 1	14	24	217.17241	184.95505	205.79611
2005	 1	15	24	217.30650	186.28439	206.35226
2005	 1	16	24	217.44943	187.45935	206.85960
2005	 1	17	24	217.59729	188.80707	207.43115
2005	 1	18	24	217.74243	190.10378	207.98293
2005	 1	19	24	217.76888	191.18712	208.38257
2005	 1	20	24	216.90862	185.07375	205.66737
2005	 1	21	24	216.23666	183.83792	204.79631
2005	 1	22	24	215.84357	184.19138	204.66684
2005	 1	23	24	215.62067	185.12804	204.85339
2005	 1	24	24	215.52254	186.30397	205.20514
2005	 1	25	24	215.45293	187.64172	205.63249
2005	 1	26	24	215.41748	188.91214	206.05815
2005	 1	27	24	215.41405	190.17059	206.50031
2005	 1	28	24	215.44540	191.40938	206.95802
2005	 1	29	24	215.50629	192.57494	207.40898
2005	 1	30	24	215.59676	193.66100	207.85100
2005	 1	31	24	215.13792	194.67859	207.91351
2005	 2	 1	24	215.07182	195.63463	208.20834
2005	 2	 2	24	214.75009	196.42232	208.27835
2005	 2	 3	24	214.66382	197.22031	208.50432
2005	 2	 4	24	214.67714	197.99477	208.78641
2005	 2	 5	24	214.58589	198.75502	208.99583
2005	 2	 6	24	214.52420	199.51309	209.22362
2005	 2	 7	24	214.49052	200.23521	209.45682
2005	 2	 8	24	214.47997	200.93866	209.69838
2005	 2	 9	24	214.35249	201.57767	209.84157
2005	 2	10	24	213.80756	201.18718	209.35117
2005	 2	11	24	213.20668	199.16643	208.24892
2005	 2	12	24	212.36700	194.72833	206.13860
2005	 2	13	24	211.83003	192.82242	205.11824
2005	 2	14	24	211.71289	192.46919	204.91772
2005	 2	15	24	211.63588	192.71558	204.95491
2005	 2	16	24	211.65346	193.23389	205.14931
2005	 2	17	24	211.74365	193.89217	205.44009
2005	 2	18	24	211.86813	194.57933	205.76328
2005	 2	19	24	212.00981	195.31458	206.11455
2005	 2	20	24	212.09651	196.02527	206.42159
2005	 2	21	24	212.13275	196.73430	206.69539
2005	 2	22	24	212.29387	197.45088	207.05264
2005	 2	23	24	212.43724	198.15434	207.39380
2005	 2	24	24	212.58318	198.85635	207.73608
2005	 2	25	24	212.72946	199.59666	208.09213
2005	 2	26	24	212.83101	200.31786	208.41248
2005	 2	27	24	213.00386	201.01169	208.76929
2005	 2	28	24	213.18083	201.67694	209.11868
2005	 3	 1	24	213.31964	202.32527	209.43741
2005	 3	 2	24	213.29889	202.95782	209.64734
2005	 3	 3	24	213.27812	203.56866	209.84961
2005	 3	 4	24	213.31027	204.15964	210.07909
2005	 3	 5	24	213.30757	204.73232	210.27956
2005	 3	 6	24	213.48334	205.28584	210.58871
2005	 3	 7	24	213.57953	205.82111	210.83995
2005	 3	 8	24	213.60876	206.33974	211.04199
2005	 3	 9	24	213.50938	206.84317	211.15547
2005	 3	10	24	213.39839	207.33240	211.25642
2005	 3	11	24	213.02870	207.80779	211.18513
2005	 3	12	24	212.71530	208.27185	211.14627
2005	 3	13	24	212.64496	208.71329	211.25664
2005	 3	14	24	212.45378	209.05844	211.25485
2005	 3	15	24	211.96320	207.75479	210.47716
2005	 3	16	24	211.22534	204.62584	208.89499
2005	 3	17	24	210.42459	200.04344	206.75890
2005	 3	18	24	209.62933	194.44440	204.26736
2005	 3	19	24	209.25253	191.46748	202.97244
2005	 3	20	24	208.96561	189.19510	201.98442
2005	 3	21	24	208.68806	187.28755	201.13132
2005	 3	22	24	208.40904	185.15062	200.19624
2005	 3	23	24	208.12735	182.35760	199.02777
2005	 3	24	24	207.85225	178.39951	197.45216
2005	 3	25	24	207.56520	173.48029	195.52945
2005	 3	26	24	207.40984	169.68594	194.08911
2005	 3	27	24	207.29961	167.13947	193.11862
2005	 3	28	24	207.23990	165.28766	192.42610
2005	 3	29	24	207.21671	164.01579	191.96199
2005	 3	30	24	207.25574	163.98853	191.97762
2005	 3	31	24	207.34184	165.39885	192.53131
2005	 4	 1	24	207.45680	166.14368	192.86868
2005	 4	 2	24	207.59093	165.59030	192.76006
2005	 4	 3	24	207.74521	163.95058	192.28085
2005	 4	 4	24	207.91974	162.90544	192.02470
2005	 4	 5	24	208.09956	164.07330	192.55341
2005	 4	 6	24	208.27119	165.45511	193.15237
2005	 4	 7	24	208.47203	167.81242	194.11469
2005	 4	 8	24	208.65948	170.87529	195.31747
2005	 4	 9	24	208.58582	171.96953	195.65620
2005	 4	10	24	208.80373	174.96597	196.85524
2005	 4	11	24	209.02911	177.34196	197.84004
2005	 4	12	24	209.26512	179.66550	198.81317
2005	 4	13	24	209.50453	181.84363	199.73717
2005	 4	14	24	209.74788	183.77980	200.57826
2005	 4	15	24	209.99561	185.51184	201.35013
2005	 4	16	24	210.24216	187.08617	202.06552
2005	 4	17	24	210.46463	188.45657	202.69334
2005	 4	18	24	210.71266	189.80634	203.33041
2005	 4	19	24	210.95995	191.05931	203.93282
2005	 4	20	24	211.20488	192.22925	204.50438
2005	 4	21	24	211.44841	193.32202	205.04779
2005	 4	22	24	211.68896	194.35074	205.56665
2005	 4	23	24	211.92647	195.32289	206.06357
2005	 4	24	24	212.16171	196.24297	206.54063
2005	 4	25	24	212.36389	196.86803	206.89214
2005	 4	26	24	212.58755	197.71669	207.33649
2005	 4	27	24	212.72472	198.25790	207.61633
2005	 4	28	24	212.95634	199.06381	208.05074
2005	 4	29	24	213.18747	199.84950	208.47769
2005	 4	30	24	213.41968	200.60925	208.89618
2005	 5	 1	24	213.65085	201.34586	209.30582
2005	 5	 2	24	213.88147	202.05478	209.70534
2005	 5	 3	24	213.69641	201.01036	209.21683
2005	 5	 4	24	213.31062	199.52434	208.44254
2005	 5	 5	24	213.45169	199.90628	208.66866
2005	 5	 6	24	213.40347	199.67998	208.55756
2005	 5	 7	24	213.16631	198.31123	207.92082
2005	 5	 8	24	213.32166	198.71039	208.16226
2005	 5	 9	24	213.53873	199.29561	208.50932
2005	 5	10	24	213.77231	199.91095	208.87772
2005	 5	11	24	213.97916	200.27574	209.14034
2005	 5	12	24	214.21713	200.91641	209.52051
2005	 5	13	24	214.45464	201.58340	209.90967
2005	 5	14	24	214.65935	202.22345	210.26810
2005	 5	15	24	214.87994	202.87134	210.63957
2005	 5	16	24	214.27345	199.59756	209.09123
2005	 5	17	24	214.23944	199.13426	208.90564
2005	 5	18	24	214.36389	199.23795	209.02275
2005	 5	19	24	214.55028	199.67697	209.29836
2005	 5	20	24	214.77943	200.21733	209.63739
2005	 5	21	24	215.01143	200.73947	209.97185
2005	 5	22	24	215.16705	200.81799	210.10025
2005	 5	23	24	214.58733	197.93851	208.70845
2005	 5	24	24	214.58788	197.79820	208.65926
2005	 5	25	24	214.72151	198.24870	208.90479
2005	 5	26	24	214.91920	198.83896	209.24109
2005	 5	27	24	215.15479	199.43356	209.60345
2005	 5	28	24	215.39964	200.06921	209.98630
2005	 5	29	24	215.64510	200.70259	210.36873
2005	 5	30	24	215.87231	201.32083	210.73402
2005	 5	31	24	216.11513	201.97850	211.12334
2005	 6	 1	24	216.35532	202.62280	211.50621
2005	 6	 2	24	216.59259	203.26167	211.88530
2005	 6	 3	24	216.82672	203.88246	212.25597
2005	 6	 4	24	217.05797	204.48756	212.61922
2005	 6	 5	24	217.27095	205.07092	212.96298
2005	 6	 6	24	217.12971	204.19733	212.56314
2005	 6	 7	24	217.19594	203.94334	212.51630
2005	 6	 8	24	217.40910	204.38612	212.81055
2005	 6	 9	24	217.64008	204.91245	213.14581
2005	 6	10	24	217.84084	205.44617	213.46414
2005	 6	11	24	218.06761	205.99876	213.80597
2005	 6	12	24	218.29088	206.54153	214.14206
2005	 6	13	24	218.51230	207.06721	214.47092
2005	 6	14	24	217.79361	201.58780	212.07117
2005	 6	15	24	217.61513	198.79768	210.97049
2005	 6	16	24	217.57970	197.12370	210.35646
2005	 6	17	24	217.54906	196.23792	210.02386
2005	 6	18	24	217.62929	195.91106	209.96034
2005	 6	19	24	217.74696	195.72768	209.97171
2005	 6	20	24	217.89757	195.70145	210.05988
2005	 6	21	24	218.06650	195.98372	210.26883
2005	 6	22	24	218.26201	196.43192	210.55356
2005	 6	23	24	218.46077	196.99120	210.87962
2005	 6	24	24	218.64346	197.59023	211.20934
2005	 6	25	24	218.36690	196.65546	210.70035
2005	 6	26	24	218.47591	197.26413	210.98579
2005	 6	27	24	218.63596	197.89165	211.31091
2005	 6	28	24	218.83795	198.49641	211.65514
2005	 6	29	24	219.05042	199.07962	211.99850
2005	 6	30	24	219.12498	199.32690	212.13406
2005	 7	 1	24	218.77315	198.09315	211.47081
2005	 7	 2	24	218.84305	198.65955	211.71603
2005	 7	 3	24	218.99348	199.25368	212.02315
2005	 7	 4	24	219.11143	199.10042	212.04533
2005	 7	 5	24	218.52692	195.91919	210.54388
2005	 7	 6	24	218.43581	195.79193	210.44000
2005	 7	 7	24	218.38831	196.14598	210.53430
2005	 7	 8	24	217.88980	193.17966	209.16438
2005	 7	 9	24	217.88232	193.34325	209.21732
2005	 7	10	24	217.95915	193.99261	209.49631
2005	 7	11	24	218.07104	194.75789	209.83891
2005	 7	12	24	218.20728	195.51169	210.19322
2005	 7	13	24	218.36101	196.26840	210.55986
2005	 7	14	24	218.53386	197.00708	210.93253
2005	 7	15	24	218.70447	197.71935	211.29439
2005	 7	16	24	218.91052	198.43274	211.67960
2005	 7	17	24	219.12184	199.12486	212.06068
2005	 7	18	24	219.33179	199.79604	212.43350
2005	 7	19	24	218.89641	197.30656	211.27280
2005	 7	20	24	218.75366	196.55522	210.91515
2005	 7	21	24	218.48082	194.04420	209.85199
2005	 7	22	24	218.49704	193.99049	209.84351
2005	 7	23	24	218.60785	194.58798	210.12617
2005	 7	24	24	218.71976	195.13647	210.39224
2005	 7	25	24	218.87772	195.87154	210.75398
2005	 7	26	24	219.06119	196.61571	211.13544
2005	 7	27	24	219.25536	197.37268	211.52835
2005	 7	28	24	219.45746	198.12891	211.92612
2005	 7	29	24	219.14256	196.04303	210.98587
2005	 7	30	24	219.05537	195.64182	210.78780
2005	 7	31	24	219.18773	196.23738	211.08371
2005	 8	 1	24	219.34804	197.00154	211.45724
2005	 8	 2	24	219.43755	197.73384	211.77373
2005	 8	 3	24	219.57132	198.46925	212.11995
2005	 8	 4	24	219.75650	199.20554	212.49973
2005	 8	 5	24	219.38460	197.29233	211.58357
2005	 8	 6	24	219.36833	197.53235	211.65781
2005	 8	 7	24	219.47514	198.08235	211.92111
2005	 8	 8	24	219.60928	198.77109	212.25108
2005	 8	 9	24	219.79617	199.50781	212.63213
2005	 8	10	24	219.99208	200.22729	213.01292
2005	 8	11	24	220.19885	200.92613	213.39345
2005	 8	12	24	219.95572	200.11916	212.95122
2005	 8	13	24	220.06168	200.69264	213.22226
2005	 8	14	24	220.19754	201.23067	213.50014
2005	 8	15	24	220.30138	200.10597	213.17017
2005	 8	16	24	220.50513	200.62125	213.48392
2005	 8	17	24	220.71175	201.25909	213.84280
2005	 8	18	24	220.91713	201.91985	214.20898
2005	 8	19	24	221.12061	202.55948	214.56647
2005	 8	20	24	220.73404	200.08379	213.44221
2005	 8	21	24	220.76099	200.07199	213.45547
2005	 8	22	24	220.16432	195.75735	211.54596
2005	 8	23	24	219.95131	194.78778	211.06580
2005	 8	24	24	219.92578	194.76852	211.04248
2005	 8	25	24	219.94513	195.16107	211.19360
2005	 8	26	24	220.04164	195.74921	211.46371
2005	 8	27	24	220.14951	196.40604	211.76543
2005	 8	28	24	220.27309	197.06982	212.07976
2005	 8	29	24	220.40901	197.72020	212.39734
2005	 8	30	24	220.56207	198.37262	212.72673
2005	 8	31	24	220.73665	199.03352	213.07304
2005	 9	 1	24	220.92458	199.70007	213.42998
2005	 9	 2	24	221.12019	200.37088	213.79338
2005	 9	 3	24	221.31783	201.04524	214.15935
2005	 9	 4	24	221.51634	201.71680	214.52490
2005	 9	 5	24	221.71297	202.36987	214.88271
2005	 9	 6	24	221.90822	203.00612	215.23369
2005	 9	 7	24	222.10164	203.62442	215.57713
2005	 9	 8	24	222.29298	204.22285	215.91223
2005	 9	 9	24	222.48256	204.80325	216.23981
2005	 9	10	24	221.80400	200.47456	214.27234
2005	 9	11	24	221.58298	199.04422	213.62430
2005	 9	12	24	220.92056	194.89821	211.73178
2005	 9	13	24	220.74445	194.11446	211.34111
2005	 9	14	24	220.66129	193.86632	211.19969
2005	 9	15	24	220.46210	192.88707	210.72505
2005	 9	16	24	220.10191	191.37248	209.95724
2005	 9	17	24	219.95862	191.69527	209.97852
2005	 9	18	24	219.94312	192.25902	210.16756
2005	 9	19	24	219.95493	192.96594	210.42482
2005	 9	20	24	219.99390	193.72890	210.71944
2005	 9	21	24	220.04906	194.50581	211.02946
2005	 9	22	24	220.11674	195.24834	211.33543
2005	 9	23	24	220.19724	195.95828	211.63820
2005	 9	24	24	220.29095	196.64441	211.94110
2005	 9	25	24	220.39108	197.31512	212.24271
2005	 9	26	24	220.49646	197.97775	212.54486
2005	 9	27	24	220.60699	198.62706	212.84564
2005	 9	28	24	220.68434	199.27318	213.12383
2005	 9	29	24	220.44089	197.29665	212.26840
2005	 9	30	24	220.52505	197.65231	212.44844
2005	10	 1	24	220.29095	197.20958	212.14067
2005	10	 2	24	220.10864	196.43095	211.74779
2005	10	 3	24	220.21609	197.10759	212.05623
2005	10	 4	24	220.34401	197.81355	212.38826
2005	10	 5	24	220.47643	198.51988	212.72333
2005	10	 6	24	220.61380	199.20575	213.05438
2005	10	 7	24	220.75644	199.87411	213.38266
2005	10	 8	24	220.91362	200.53462	213.71758
2005	10	 9	24	221.07799	201.17828	214.05118
2005	10	10	24	221.24696	201.81413	214.38503
2005	10	11	24	221.41940	202.44568	214.71957
2005	10	12	24	221.59340	203.06174	215.04967
2005	10	13	24	221.76781	203.66161	215.37431
2005	10	14	24	221.94290	204.24347	215.69304
2005	10	15	24	222.11943	204.81145	216.00780
2005	10	16	24	222.29759	205.36658	216.31906
2005	10	17	24	222.47691	205.90817	216.62631
2005	10	18	24	222.65533	206.43651	216.92828
2005	10	19	24	222.83221	206.95093	217.22437
2005	10	20	24	223.00858	207.45018	217.51474
2005	10	21	24	223.18584	207.93456	217.80045
2005	10	22	24	223.35237	208.40385	218.07388
2005	10	23	24	223.32492	207.93782	217.89157
2005	10	24	24	223.48663	208.30264	218.12500
2005	10	25	24	223.65019	208.70821	218.37401
2005	10	26	24	223.82468	209.15427	218.64439
2005	10	27	24	223.99763	209.59303	218.91121
2005	10	28	24	224.16913	210.02153	219.17346
2005	10	29	24	224.33937	210.43935	219.43112
2005	10	30	24	224.50876	210.84700	219.68465
2005	10	31	24	224.67680	211.24478	219.93381
2005	11	 1	24	224.83875	211.62683	220.17348
2005	11	 2	24	225.00410	212.00758	220.41489
2005	11	 3	24	225.16173	212.36980	220.64476
2005	11	 4	24	225.32014	212.72813	220.87376
2005	11	 5	24	225.36841	212.50867	220.82750
2005	11	 6	24	225.51941	212.81702	221.03406
2005	11	 7	24	225.67857	213.16226	221.25893
2005	11	 8	24	225.83644	213.51076	221.48410
2005	11	 9	24	225.99280	213.85262	221.70596
2005	11	10	24	226.14769	214.18785	221.92455
2005	11	11	24	226.30139	214.51654	222.14003
2005	11	12	24	226.45403	214.83907	222.35266
2005	11	13	24	226.60509	215.15344	222.56139
2005	11	14	24	226.75520	215.46468	222.76840
2005	11	15	24	226.75113	215.60759	222.81622
2005	11	16	24	226.53027	214.70374	222.35419
2005	11	17	24	226.32491	214.76775	222.24394
2005	11	18	24	226.30840	214.95178	222.29825
2005	11	19	24	226.34856	215.18092	222.40514
2005	11	20	24	225.92747	215.30309	222.17589
2005	11	21	24	225.74864	215.55481	222.14909
2005	11	22	24	225.69466	215.82481	222.20950
2005	11	23	24	225.70886	216.09746	222.31497
2005	11	24	24	225.74181	216.37248	222.43340
2005	11	25	24	225.78236	216.65027	222.55772
2005	11	26	24	225.64958	216.91478	222.56523
2005	11	27	24	225.69748	217.19086	222.69370
2005	11	28	24	225.73689	217.46686	222.81665
2005	11	29	24	225.74921	217.71974	222.91391
2005	11	30	24	225.80104	217.97348	223.03705
2005	12	 1	24	225.81288	218.20360	223.12596
2005	12	 2	24	225.88983	218.46484	223.26799
2005	12	 3	24	225.75624	218.72238	223.27251
2005	12	 4	24	225.54112	218.86108	223.18233
2005	12	 5	24	225.50873	219.05035	223.22821
2005	12	 6	24	225.46739	218.57434	223.03339
2005	12	 7	24	225.50375	218.69128	223.09819
2005	12	 8	24	225.47121	218.59253	223.04227
2005	12	 9	24	225.55420	218.76971	223.15852
2005	12	10	24	225.64856	218.96005	223.28677
2005	12	11	24	225.75136	219.18489	223.43266
2005	12	12	24	225.75531	218.45741	223.17834
2005	12	13	24	225.80704	218.46640	223.21498
2005	12	14	24	225.77493	218.57834	223.23373
2005	12	15	24	225.22450	216.96805	222.30905
2005	12	16	24	224.75060	216.66460	221.89534
2005	12	17	24	224.58174	216.58224	221.75703
2005	12	18	24	224.50206	216.62479	221.72050
2005	12	19	24	224.32259	216.75047	221.64879
2005	12	20	24	223.86992	216.89960	221.40862
2005	12	21	24	223.72522	217.06465	221.37331
2005	12	22	24	223.42514	217.16278	221.21384
2005	12	23	24	223.06805	216.86491	220.87766
2005	12	24	24	222.61342	215.83012	220.21817
2005	12	25	24	222.48055	215.73262	220.09778
2005	12	26	24	222.36942	215.85609	220.06949
2005	12	27	24	222.34004	216.02829	220.11130
2005	12	28	24	222.33646	216.22147	220.17719
2005	12	29	24	222.34351	216.42384	220.25320
2005	12	30	24	222.28539	216.62921	220.28813
2005	12	31	24	222.24791	216.83868	220.33786
2006	 1	 1	24	222.10910	217.03629	220.31784
2006	 1	 2	24	222.04533	217.19278	220.33185
2006	 1	 3	24	222.00972	217.40530	220.38385
2006	 1	 4	24	222.06068	217.62065	220.49286
2006	 1	 5	24	222.11549	217.84183	220.60641
2006	 1	 6	24	222.15292	218.00484	220.68819
2006	 1	 7	24	222.20180	218.23206	220.80003
2006	 1	 8	24	222.27080	218.46317	220.92628
2006	 1	 9	24	222.16470	218.63669	220.91893
2006	 1	10	24	222.04710	218.43907	220.77307
2006	 1	11	24	221.83846	217.56770	220.33040
2006	 1	12	24	221.81824	217.48013	220.28641
2006	 1	13	24	221.84056	217.62318	220.35136
2006	 1	14	24	221.80605	217.65219	220.33928
2006	 1	15	24	221.85922	217.82776	220.43567
2006	 1	16	24	221.92188	218.02554	220.54604
2006	 1	17	24	221.81847	218.24001	220.55487
2006	 1	18	24	221.84242	218.45714	220.64705
2006	 1	19	24	221.93709	218.67554	220.78540
2006	 1	20	24	221.42473	218.04643	220.23181
2006	 1	21	24	220.88086	217.43471	219.66399
2006	 1	22	24	220.76476	217.49582	219.61046
2006	 1	23	24	220.74022	217.62122	219.63887
2006	 1	24	24	220.65337	217.77547	219.63715
2006	 1	25	24	220.67690	217.95528	219.71587
2006	 1	26	24	220.73915	218.14876	219.82445
2006	 1	27	24	220.77386	218.36620	219.92369
2006	 1	28	24	220.68172	217.79488	219.66234
2006	 1	29	24	220.67801	217.59723	219.59015
2006	 1	30	24	220.69060	217.40036	219.52878
2006	 1	31	24	220.71172	217.09695	219.43530
2006	 2	 1	24	220.63455	215.53159	218.83264
2006	 2	 2	24	220.61311	214.68214	218.51883
2006	 2	 3	24	220.67516	214.51157	218.49872
2006	 2	 4	24	220.75955	214.41682	218.51987
2006	 2	 5	24	220.85429	214.50720	218.61307
2006	 2	 6	24	220.71268	214.64540	218.57025
2006	 2	 7	24	220.03070	212.21170	217.26973
2006	 2	 8	24	219.54114	211.28032	216.62415
2006	 2	 9	24	219.11942	210.91463	216.22221
2006	 2	10	24	218.74359	210.74768	215.92015
2006	 2	11	24	218.61086	210.75854	215.83812
2006	 2	12	24	218.48798	210.88841	215.80449
2006	 2	13	24	218.32785	211.01135	215.74431
2006	 2	14	24	218.10591	210.93045	215.57217
2006	 2	15	24	217.92906	211.13548	215.53018
2006	 2	16	24	217.65514	210.94771	215.28667
2006	 2	17	24	217.43823	210.33293	214.92928
2006	 2	18	24	217.33636	210.11751	214.78731
2006	 2	19	24	217.23283	209.28046	214.42476
2006	 2	20	24	217.21172	209.19609	214.38132
2006	 2	21	24	217.25194	209.28598	214.43907
2006	 2	22	24	217.32574	209.49622	214.56105
2006	 2	23	24	217.39754	209.73318	214.69118
2006	 2	24	24	217.43542	209.84566	214.75540
2006	 2	25	24	217.52324	210.08510	214.89674
2006	 2	26	24	217.63048	210.32796	215.05188
2006	 2	27	24	217.67009	210.57623	215.16518
2006	 2	28	24	217.52115	210.84523	215.16380
2006	 3	 1	24	217.38594	211.11803	215.17267
2006	 3	 2	24	217.29599	211.36591	215.20201
2006	 3	 3	24	217.20464	211.63214	215.23692
2006	 3	 4	24	217.28964	211.89513	215.38478
2006	 3	 5	24	217.23238	212.08719	215.41556
2006	 3	 6	24	217.16229	212.32671	215.45479
2006	 3	 7	24	217.05090	212.58940	215.47549
2006	 3	 8	24	216.95607	212.87051	215.51341
2006	 3	 9	24	216.48778	213.03447	215.26837
2006	 3	10	24	216.11066	212.10162	214.69502
2006	 3	11	24	215.76465	212.15819	214.49117
2006	 3	12	24	215.76408	212.36850	214.56506
2006	 3	13	24	215.81119	212.63185	214.68852
2006	 3	14	24	215.84511	212.93369	214.81705
2006	 3	15	24	215.93190	213.23952	214.98119
2006	 3	16	24	215.94464	213.54770	215.09825
2006	 3	17	24	216.00694	213.85182	215.24594
2006	 3	18	24	216.03062	214.03099	215.32454
2006	 3	19	24	215.68324	213.36327	214.86403
2006	 3	20	24	215.37459	212.34741	214.30566
2006	 3	21	24	215.16856	211.58232	213.90222
2006	 3	22	24	215.16693	211.18170	213.75970
2006	 3	23	24	215.21217	210.87833	213.68184
2006	 3	24	24	215.25197	210.32457	213.51205
2006	 3	25	24	215.17848	208.63533	212.86803
2006	 3	26	24	214.71474	204.70601	211.18054
2006	 3	27	24	214.63089	201.16458	209.87579
2006	 3	28	24	214.60489	197.96576	208.72943
2006	 3	29	24	214.58252	194.70044	207.56194
2006	 3	30	24	213.99580	189.82063	205.45929
2006	 3	31	24	213.85533	185.81204	203.95294
2006	 4	 1	24	213.80658	181.54012	202.41293
2006	 4	 2	24	213.77995	177.18799	200.85893
2006	 4	 3	24	213.73473	173.90735	199.67125
2006	 4	 4	24	213.79233	171.93065	199.01051
2006	 4	 5	24	213.87352	171.75188	198.99991
2006	 4	 6	24	213.95274	172.07495	199.16524
2006	 4	 7	24	214.03116	171.63832	199.06178
2006	 4	 8	24	214.10883	169.65103	198.41029
2006	 4	 9	24	214.19347	168.99068	198.23187
2006	 4	10	24	213.96153	169.97800	198.43047
2006	 4	11	24	214.06308	172.19855	199.28026
2006	 4	12	24	214.17151	174.26978	200.08177
2006	 4	13	24	214.20599	172.95677	199.64044
2006	 4	14	24	214.19095	170.22717	198.66685
2006	 4	15	24	214.29799	168.72691	198.20634
2006	 4	16	24	214.23378	165.36063	196.97614
2006	 4	17	24	214.34219	164.45364	196.72600
2006	 4	18	24	214.47525	164.75642	196.91899
2006	 4	19	24	214.61325	165.18140	197.15833
2006	 4	20	24	214.75314	165.25153	197.27357
2006	 4	21	24	214.89546	165.98351	197.62411
2006	 4	22	24	215.01665	167.81964	198.35088
2006	 4	23	24	215.13722	170.58681	199.40599
2006	 4	24	24	215.28114	173.57536	200.55438
2006	 4	25	24	215.42868	176.62813	201.72778
2006	 4	26	24	215.56677	178.51288	202.48264
2006	 4	27	24	215.71024	180.86638	203.40649
2006	 4	28	24	215.72113	182.77261	204.08665
2006	 4	29	24	215.34789	180.49762	203.04187
