YY	MM	DD	HH	"1"	"2"	tot_average
Interflowspeicher in mm je Zone soil_model
--	--	--	--	0.6468891	0.3531109	1.0000
2000	 8	 1	24	0.09990	0.04084	0.07905
2000	 8	 2	24	0.07845	0.03207	0.06207
2000	 8	 3	24	0.06162	0.02520	0.04876
2000	 8	 4	24	0.04842	0.01980	0.03832
2000	 8	 5	24	0.03806	0.01556	0.03011
2000	 8	 6	24	0.02992	0.01223	0.02367
2000	 8	 7	24	0.02352	0.00962	0.01861
2000	 8	 8	24	0.01849	0.00756	0.01463
2000	 8	 9	24	0.01454	0.00595	0.01151
2000	 8	10	24	0.01144	0.00468	0.00905
2000	 8	11	24	0.00900	0.00368	0.00712
2000	 8	12	24	0.00707	0.00289	0.00560
2000	 8	13	24	0.00556	0.00228	0.00440
2000	 8	14	24	0.00438	0.00179	0.00346
2000	 8	15	24	0.00344	0.00141	0.00272
2000	 8	16	24	0.00271	0.00111	0.00214
2000	 8	17	24	0.00213	0.00087	0.00169
2000	 8	18	24	0.00168	0.00069	0.00133
2000	 8	19	24	0.00132	0.00054	0.00104
2000	 8	20	24	0.15273	0.00042	0.09895
2000	 8	21	24	6.17957	1.54857	4.54431
2000	 8	22	24	4.51944	1.83188	3.57043
2000	 8	23	24	3.28524	1.55548	2.67444
2000	 8	24	24	2.41614	1.17212	1.97686
2000	 8	25	24	1.80929	0.88168	1.48174
2000	 8	26	24	1.37193	0.66867	1.12360
2000	 8	27	24	1.04966	0.51175	0.85972
2000	 8	28	24	0.95156	0.39425	0.75477
2000	 8	29	24	0.73272	0.30522	0.58176
2000	 8	30	24	0.56707	0.23716	0.45058
2000	 8	31	24	0.44053	0.18479	0.35023
2000	 9	 1	24	0.36657	0.14860	0.28960
2000	 9	 2	24	0.30852	0.11710	0.24093
2000	 9	 3	24	9.87700	7.59907	9.07264
2000	 9	 4	24	6.91937	5.81822	6.53054
2000	 9	 5	24	4.90481	4.20778	4.65868
2000	 9	 6	24	5.82568	5.70190	5.78197
2000	 9	 7	24	4.23137	4.35373	4.27458
2000	 9	 8	24	3.09394	2.97792	3.05298
2000	 9	 9	24	2.30825	2.12512	2.24358
2000	 9	10	24	1.74604	1.56220	1.68112
2000	 9	11	24	1.33367	1.16840	1.27531
2000	 9	12	24	1.02590	0.88527	0.97625
2000	 9	13	24	0.79375	0.67697	0.75251
2000	 9	14	24	0.61618	0.52117	0.58263
2000	 9	15	24	0.47976	0.40324	0.45274
2000	 9	16	24	0.37440	0.31317	0.35278
2000	 9	17	24	0.29269	0.24392	0.27547
2000	 9	18	24	0.22912	0.19040	0.21545
2000	 9	19	24	0.17955	0.14888	0.16872
2000	 9	20	24	0.14082	0.11656	0.13225
2000	 9	21	24	0.11052	0.09136	0.10375
2000	 9	22	24	0.08678	0.07166	0.08144
2000	 9	23	24	0.06816	0.05624	0.06395
2000	 9	24	24	0.05356	0.04416	0.05024
2000	 9	25	24	0.04209	0.03469	0.03948
2000	 9	26	24	0.03309	0.02726	0.03103
2000	 9	27	24	0.02601	0.02142	0.02439
2000	 9	28	24	0.02045	0.01684	0.01918
2000	 9	29	24	0.01608	0.01324	0.01508
2000	 9	30	24	0.01265	0.01041	0.01186
2000	10	 1	24	2.80929	2.91806	2.84769
2000	10	 2	24	2.26419	3.35944	2.65094
2000	10	 3	24	1.69880	2.76591	2.07561
2000	10	 4	24	1.27685	2.11745	1.57367
2000	10	 5	24	1.41965	1.75104	1.53667
2000	10	 6	24	4.19282	2.71207	3.66995
2000	10	 7	24	13.98980	6.76138	11.43737
2000	10	 8	24	9.81331	5.21845	8.19082
2000	10	 9	24	6.91932	3.45876	5.69736
2000	10	10	24	5.03131	2.42660	4.11156
2000	10	11	24	3.74736	1.76434	3.04714
2000	10	12	24	2.83350	1.31161	2.29610
2000	10	13	24	2.16371	0.98962	1.74913
2000	10	14	24	1.66211	0.75445	1.34161
2000	10	15	24	1.28225	0.57948	1.03410
2000	10	16	24	0.98961	0.44753	0.79819
2000	10	17	24	0.76494	0.34706	0.61738
2000	10	18	24	1.15566	0.28995	0.84997
2000	10	19	24	0.91582	0.30476	0.70005
2000	10	20	24	0.70885	0.23633	0.54200
2000	10	21	24	0.55074	0.18387	0.42119
2000	10	22	24	0.42852	0.14342	0.32785
2000	10	23	24	0.33387	0.11208	0.25555
2000	10	24	24	0.26065	0.08771	0.19959
2000	10	25	24	0.20383	0.06872	0.15612
2000	10	26	24	0.66407	0.05389	0.44861
2000	10	27	24	0.56858	0.04229	0.38274
2000	10	28	24	0.44260	0.03321	0.29804
2000	10	29	24	0.34535	0.02608	0.23261
2000	10	30	24	0.26962	0.02049	0.18165
2000	10	31	24	0.21061	0.01611	0.14193
2000	11	 1	24	0.16480	0.01266	0.11108
2000	11	 2	24	0.12907	0.00995	0.08701
2000	11	 3	24	0.47576	0.00783	0.31052
2000	11	 4	24	0.40417	0.01037	0.26511
2000	11	 5	24	0.31515	0.00813	0.20674
2000	11	 6	24	0.24605	0.00638	0.16142
2000	11	 7	24	0.26291	0.00501	0.17184
2000	11	 8	24	0.20548	0.00394	0.13431
2000	11	 9	24	0.16072	0.00309	0.10506
2000	11	10	24	0.12576	0.00243	0.08221
2000	11	11	24	0.09848	0.00191	0.06438
2000	11	12	24	0.07719	0.00150	0.05047
2000	11	13	24	0.06055	0.00118	0.03959
2000	11	14	24	0.09022	0.00093	0.05869
2000	11	15	24	0.07107	0.00073	0.04623
2000	11	16	24	0.05585	0.00057	0.03633
2000	11	17	24	0.58118	0.00153	0.37650
2000	11	18	24	0.50625	0.00138	0.32797
2000	11	19	24	0.39421	0.00109	0.25540
2000	11	20	24	0.30766	0.00100	0.19937
2000	11	21	24	0.24080	0.00610	0.15793
2000	11	22	24	0.18855	0.00479	0.12366
2000	11	23	24	0.14779	0.00377	0.09693
2000	11	24	24	1.43590	0.16850	0.98836
2000	11	25	24	2.96822	0.57845	2.12437
2000	11	26	24	3.31892	1.03326	2.51183
2000	11	27	24	2.58093	0.98785	2.01839
2000	11	28	24	2.00878	0.85753	1.60226
2000	11	29	24	1.53539	0.66128	1.22673
2000	11	30	24	1.18216	0.51267	0.94576
2000	12	 1	24	0.91495	0.39894	0.73274
2000	12	 2	24	0.71067	0.31126	0.56964
2000	12	 3	24	0.55346	0.24333	0.44395
2000	12	 4	24	0.43191	0.19050	0.34666
2000	12	 5	24	0.33761	0.14930	0.27112
2000	12	 6	24	0.26421	0.11711	0.21227
2000	12	 7	24	0.20699	0.09191	0.16636
2000	12	 8	24	0.16230	0.07218	0.13048
2000	12	 9	24	0.12739	0.05670	0.10243
2000	12	10	24	0.13134	0.05237	0.10346
2000	12	11	24	0.34245	0.56975	0.42271
2000	12	12	24	0.53829	0.76905	0.61977
2000	12	13	24	0.42373	0.60023	0.48606
2000	12	14	24	0.43683	0.76375	0.55227
2000	12	15	24	3.23942	1.76279	2.71800
2000	12	16	24	3.79906	1.60547	3.02448
2000	12	17	24	2.95729	1.22734	2.34643
2000	12	18	24	2.35722	0.97919	1.87062
2000	12	19	24	1.82998	0.80378	1.46762
2000	12	20	24	1.41708	0.62593	1.13772
2000	12	21	24	1.10097	0.48865	0.88475
2000	12	22	24	0.85787	0.38216	0.68989
2000	12	23	24	0.66973	0.29929	0.53892
2000	12	24	24	0.52343	0.23462	0.42145
2000	12	25	24	0.41055	0.18407	0.33058
2000	12	26	24	0.32183	0.14450	0.25921
2000	12	27	24	0.25247	0.11348	0.20339
2000	12	28	24	0.20240	0.08916	0.16241
2000	12	29	24	0.19721	0.07006	0.15231
2000	12	30	24	0.36351	0.05507	0.25460
2000	12	31	24	0.36957	0.04329	0.25436
2001	 1	 1	24	0.55844	0.03404	0.37327
2001	 1	 2	24	0.75154	0.02677	0.49561
2001	 1	 3	24	0.71578	0.02105	0.47047
2001	 1	 4	24	0.65796	0.01841	0.43213
2001	 1	 5	24	3.47766	0.27759	2.34768
2001	 1	 6	24	3.66524	1.15859	2.78011
2001	 1	 7	24	2.93927	1.91996	2.57934
2001	 1	 8	24	2.24257	1.83356	2.09814
2001	 1	 9	24	1.72809	1.45349	1.63113
2001	 1	10	24	1.56279	1.16061	1.42078
2001	 1	11	24	1.22677	0.90361	1.11266
2001	 1	12	24	0.95610	0.70532	0.86755
2001	 1	13	24	0.74679	0.55157	0.67786
2001	 1	14	24	0.58426	0.43193	0.53047
2001	 1	15	24	0.45766	0.33859	0.41562
2001	 1	16	24	0.35881	0.26563	0.32591
2001	 1	17	24	0.28143	0.20852	0.25568
2001	 1	18	24	0.22083	0.16376	0.20068
2001	 1	19	24	0.17336	0.12865	0.15758
2001	 1	20	24	0.13614	0.10110	0.12377
2001	 1	21	24	0.10697	0.07947	0.09726
2001	 1	22	24	0.08510	0.06247	0.07711
2001	 1	23	24	0.13313	0.04912	0.10346
2001	 1	24	24	1.79494	0.03862	1.17477
2001	 1	25	24	3.19277	0.03037	2.07609
2001	 1	26	24	3.00162	0.02389	1.95015
2001	 1	27	24	2.60935	0.01879	1.69460
2001	 1	28	24	2.27413	0.01520	1.47648
2001	 1	29	24	1.82176	0.01278	1.18299
2001	 1	30	24	1.71294	0.01005	1.11163
2001	 1	31	24	1.39388	0.00791	0.90448
2001	 2	 1	24	1.21365	0.00622	0.78729
2001	 2	 2	24	1.04397	0.00489	0.67706
2001	 2	 3	24	0.81885	0.00385	0.53106
2001	 2	 4	24	1.28378	0.00303	0.83153
2001	 2	 5	24	5.23558	0.12228	3.43001
2001	 2	 6	24	10.28284	1.80166	7.28804
2001	 2	 7	24	14.15161	4.66083	10.80032
2001	 2	 8	24	14.95408	5.78024	11.71470
2001	 2	 9	24	13.14535	6.66707	10.85780
2001	 2	10	24	9.78917	5.31433	8.20906
2001	 2	11	24	8.04426	4.90384	6.93534
2001	 2	12	24	8.10014	7.64933	7.94096
2001	 2	13	24	6.25735	6.99401	6.51747
2001	 2	14	24	4.85168	5.92953	5.23228
2001	 2	15	24	3.94949	7.18565	5.09221
2001	 2	16	24	2.99328	6.66746	4.29067
2001	 2	17	24	2.26496	5.22842	3.31139
2001	 2	18	24	1.76836	3.94153	2.53573
2001	 2	19	24	1.59300	3.00808	2.09268
2001	 2	20	24	1.47178	2.38950	1.79584
2001	 2	21	24	2.82614	1.95481	2.51847
2001	 2	22	24	8.93011	1.52232	6.31434
2001	 2	23	24	6.96969	1.18855	4.92831
2001	 2	24	24	5.30641	0.92966	3.76093
2001	 2	25	24	4.07405	0.72814	2.89257
2001	 2	26	24	3.31149	0.57087	2.34375
2001	 2	27	24	3.28326	0.44791	2.28207
2001	 2	28	24	3.81824	0.35164	2.59414
2001	 3	 1	24	4.96382	0.27618	3.30856
2001	 3	 2	24	5.00408	0.21699	3.31370
2001	 3	 3	24	6.24895	0.17053	4.10260
2001	 3	 4	24	7.56474	0.13404	4.94088
2001	 3	 5	24	6.24929	0.10538	4.07981
2001	 3	 6	24	6.21797	0.08286	4.05159
2001	 3	 7	24	7.50119	0.06516	4.87545
2001	 3	 8	24	12.38069	0.24160	8.09424
2001	 3	 9	24	17.30859	2.21083	11.97741
2001	 3	10	24	20.44041	5.74081	15.24982
2001	 3	11	24	21.07399	9.46463	16.97460
2001	 3	12	24	23.54940	13.63013	20.04680
2001	 3	13	24	21.22273	13.46953	18.48499
2001	 3	14	24	18.28075	12.19743	16.13267
2001	 3	15	24	15.62298	10.33731	13.75655
2001	 3	16	24	13.40806	9.82837	12.14403
2001	 3	17	24	16.48953	11.99641	14.90296
2001	 3	18	24	15.60580	12.99561	14.68411
2001	 3	19	24	14.86944	12.17607	13.91838
2001	 3	20	24	11.75522	9.56584	10.98213
2001	 3	21	24	9.63804	7.51834	8.88955
2001	 3	22	24	11.66177	5.91109	9.63114
2001	 3	23	24	13.54618	5.07368	10.55445
2001	 3	24	24	19.19438	11.47193	16.46750
2001	 3	25	24	19.11844	13.41642	17.10499
2001	 3	26	24	15.08899	10.82309	13.58266
2001	 3	27	24	11.84133	8.50973	10.66490
2001	 3	28	24	9.65785	6.69194	8.61055
2001	 3	29	24	7.59242	5.26296	6.76986
2001	 3	30	24	6.01315	4.13937	5.35149
2001	 3	31	24	4.72693	3.25563	4.20740
2001	 4	 1	24	3.70007	2.55198	3.29467
2001	 4	 2	24	2.83277	1.95534	2.52294
2001	 4	 3	24	2.12944	1.45380	1.89086
2001	 4	 4	24	2.42634	1.09670	1.95683
2001	 4	 5	24	1.88309	0.84010	1.51480
2001	 4	 6	24	1.44099	0.64524	1.16000
2001	 4	 7	24	1.75623	0.50020	1.31271
2001	 4	 8	24	2.26774	0.39344	1.60590
2001	 4	 9	24	1.78374	0.30949	1.26316
2001	 4	10	24	1.39568	0.24259	0.98851
2001	 4	11	24	1.08652	0.19004	0.76996
2001	 4	12	24	1.11680	0.14901	0.77507
2001	 4	13	24	2.47088	0.11706	1.63972
2001	 4	14	24	4.13433	0.09199	2.70694
2001	 4	15	24	6.49418	0.07230	4.22655
2001	 4	16	24	8.42354	0.05684	5.46916
2001	 4	17	24	7.72057	0.04471	5.01014
2001	 4	18	24	7.45685	0.04055	4.83807
2001	 4	19	24	6.34180	0.10745	4.14038
2001	 4	20	24	6.64142	0.37494	4.42866
2001	 4	21	24	8.25242	0.58250	5.54409
2001	 4	22	24	7.08003	0.48937	4.75280
2001	 4	23	24	5.57017	0.38507	3.73926
2001	 4	24	24	4.37574	0.30142	2.93706
2001	 4	25	24	4.49524	0.39296	3.04668
2001	 4	26	24	3.50359	0.40159	2.40824
2001	 4	27	24	2.67917	0.30342	1.84027
2001	 4	28	24	2.06272	0.23124	1.41600
2001	 4	29	24	1.60178	0.17775	1.09894
2001	 4	30	24	1.23959	0.13721	0.85033
2001	 5	 1	24	0.95485	0.10638	0.65525
2001	 5	 2	24	0.73913	0.08275	0.50735
2001	 5	 3	24	1.48479	0.06454	0.98328
2001	 5	 4	24	16.04523	4.06220	11.81389
2001	 5	 5	24	15.61893	5.91346	12.19182
2001	 5	 6	24	11.88798	4.92258	9.42842
2001	 5	 7	24	9.10108	3.71854	7.20045
2001	 5	 8	24	7.02737	2.76948	5.52386
2001	 5	 9	24	5.44576	2.08039	4.25741
2001	 5	10	24	4.16119	1.54524	3.23747
2001	 5	11	24	3.07475	1.14701	2.39404
2001	 5	12	24	2.29928	0.86484	1.79276
2001	 5	13	24	1.74233	0.65919	1.35986
2001	 5	14	24	1.33264	0.50633	1.04086
2001	 5	15	24	4.35946	0.39236	2.95863
2001	 5	16	24	3.25544	0.31615	2.21755
2001	 5	17	24	2.65741	0.25498	1.80908
2001	 5	18	24	1.96792	0.19859	1.34315
2001	 5	19	24	1.48213	0.15501	1.01351
2001	 5	20	24	1.12899	0.12121	0.77313
2001	 5	21	24	0.86688	0.09490	0.59429
2001	 5	22	24	0.66949	0.07438	0.45935
2001	 5	23	24	0.51927	0.05834	0.35651
2001	 5	24	24	0.40406	0.04579	0.27755
2001	 5	25	24	0.31517	0.03596	0.21658
2001	 5	26	24	0.24631	0.02825	0.16931
2001	 5	27	24	0.19276	0.02220	0.13253
2001	 5	28	24	0.79948	0.05001	0.53483
2001	 5	29	24	0.71499	0.13312	0.50952
2001	 5	30	24	0.54950	0.10190	0.39145
2001	 5	31	24	0.67963	0.34231	0.56052
2001	 6	 1	24	0.52182	0.35696	0.46360
2001	 6	 2	24	0.41317	0.37511	0.39973
2001	 6	 3	24	0.70806	0.96396	0.79842
2001	 6	 4	24	3.18768	4.17779	3.53730
2001	 6	 5	24	2.54595	3.71112	2.95738
2001	 6	 6	24	1.87254	2.56100	2.11564
2001	 6	 7	24	1.40403	1.84022	1.55805
2001	 6	 8	24	1.06619	1.35814	1.16928
2001	 6	 9	24	0.81684	1.01983	0.88852
2001	 6	10	24	0.75183	0.77514	0.76006
2001	 6	11	24	0.58748	0.59401	0.58978
2001	 6	12	24	0.45540	0.45804	0.45633
2001	 6	13	24	0.35421	0.35482	0.35443
2001	 6	14	24	0.27620	0.27583	0.27607
2001	 6	15	24	0.21580	0.21499	0.21551
2001	 6	16	24	0.16885	0.16791	0.16852
2001	 6	17	24	0.13228	0.13135	0.13195
2001	 6	18	24	0.13525	0.10287	0.12382
2001	 6	19	24	0.10586	0.08065	0.09696
2001	 6	20	24	0.08291	0.06327	0.07597
2001	 6	21	24	0.91033	0.05110	0.60693
2001	 6	22	24	0.93932	0.19512	0.67654
2001	 6	23	24	0.71048	0.21157	0.53431
2001	 6	24	24	0.54283	0.16030	0.40776
2001	 6	25	24	0.41772	0.12265	0.31353
2001	 6	26	24	0.32313	0.09450	0.24240
2001	 6	27	24	0.25093	0.07317	0.18816
2001	 6	28	24	0.19557	0.05687	0.14660
2001	 6	29	24	0.15266	0.04432	0.11440
2001	 6	30	24	0.11947	0.03461	0.08951
2001	 7	 1	24	0.09354	0.02718	0.07011
2001	 7	 2	24	0.07331	0.02129	0.05494
2001	 7	 3	24	0.05750	0.01669	0.04309
2001	 7	 4	24	0.04513	0.01309	0.03382
2001	 7	 5	24	0.03544	0.01028	0.02655
2001	 7	 6	24	0.02784	0.00807	0.02086
2001	 7	 7	24	5.01498	1.06811	3.62130
2001	 7	 8	24	4.27500	1.56013	3.31635
2001	 7	 9	24	3.17721	1.25852	2.49970
2001	 7	10	24	2.34197	0.93070	1.84364
2001	 7	11	24	1.75180	0.69276	1.37784
2001	 7	12	24	1.32772	0.52331	1.04367
2001	 7	13	24	1.01565	0.39937	0.79804
2001	 7	14	24	0.78216	0.30703	0.61439
2001	 7	15	24	3.23435	0.93561	2.42264
2001	 7	16	24	4.83902	1.43384	3.63661
2001	 7	17	24	4.48772	1.54004	3.44686
2001	 7	18	24	3.24536	1.15723	2.50801
2001	 7	19	24	2.39742	0.86783	1.85730
2001	 7	20	24	5.31401	3.83456	4.79160
2001	 7	21	24	3.95364	3.54748	3.81022
2001	 7	22	24	2.88592	2.49944	2.74945
2001	 7	23	24	2.15140	1.80842	2.03029
2001	 7	24	24	1.62660	1.34023	1.52548
2001	 7	25	24	1.24204	1.00912	1.15979
2001	 7	26	24	0.95520	0.76824	0.88918
2001	 7	27	24	0.73849	0.58952	0.68589
2001	 7	28	24	0.57322	0.45502	0.53148
2001	 7	29	24	0.44628	0.35274	0.41325
2001	 7	30	24	0.34825	0.27436	0.32216
2001	 7	31	24	0.27223	0.21394	0.25165
2001	 8	 1	24	0.21310	0.16714	0.19687
2001	 8	 2	24	0.16699	0.13078	0.15420
2001	 8	 3	24	0.13097	0.10245	0.12090
2001	 8	 4	24	0.10278	0.08032	0.09485
2001	 8	 5	24	0.08070	0.06302	0.07446
2001	 8	 6	24	0.06339	0.04948	0.05848
2001	 8	 7	24	0.04981	0.03886	0.04594
2001	 8	 8	24	0.03915	0.03053	0.03610
2001	 8	 9	24	0.03077	0.02399	0.02838
2001	 8	10	24	0.02419	0.01886	0.02231
2001	 8	11	24	0.01902	0.01483	0.01754
2001	 8	12	24	0.01496	0.01166	0.01379
2001	 8	13	24	0.01176	0.00917	0.01085
2001	 8	14	24	0.00925	0.00721	0.00853
2001	 8	15	24	0.00728	0.00567	0.00671
2001	 8	16	24	0.00572	0.00446	0.00528
2001	 8	17	24	0.01160	0.00351	0.00874
2001	 8	18	24	0.01263	0.00276	0.00914
2001	 8	19	24	4.36828	0.00217	2.82656
2001	 8	20	24	8.87660	1.30707	6.20372
2001	 8	21	24	6.15537	1.67934	4.57484
2001	 8	22	24	4.34759	1.39435	3.30477
2001	 8	23	24	3.14843	1.03920	2.40364
2001	 8	24	24	2.33287	0.78257	1.78544
2001	 8	25	24	1.75650	0.59590	1.34668
2001	 8	26	24	1.98971	2.74170	2.25525
2001	 8	27	24	1.68407	2.67094	2.03255
2001	 8	28	24	1.27770	1.93252	1.50892
2001	 8	29	24	0.97829	1.42508	1.13606
2001	 8	30	24	0.75398	1.06947	0.86538
2001	 8	31	24	0.97420	0.89837	0.94742
2001	 9	 1	24	10.10810	6.27687	8.75525
2001	 9	 2	24	6.97315	5.14398	6.32725
2001	 9	 3	24	5.08026	3.76389	4.61544
2001	 9	 4	24	3.68633	2.63172	3.31394
2001	 9	 5	24	2.72945	1.89826	2.43595
2001	 9	 6	24	2.05274	1.40383	1.82361
2001	 9	 7	24	5.40113	3.47248	4.72010
2001	 9	 8	24	5.84180	4.99106	5.54139
2001	 9	 9	24	10.38703	7.64349	9.41825
2001	 9	10	24	14.92272	12.53487	14.07954
2001	 9	11	24	9.75396	8.52099	9.31859
2001	 9	12	24	8.84570	6.84042	8.13762
2001	 9	13	24	9.09076	6.50355	8.17719
2001	 9	14	24	6.50384	4.88335	5.93163
2001	 9	15	24	4.74836	3.53266	4.31908
2001	 9	16	24	3.54905	2.63177	3.22515
2001	 9	17	24	2.69189	1.99390	2.44542
2001	 9	18	24	2.77064	1.57079	2.34696
2001	 9	19	24	2.70544	1.69884	2.35000
2001	 9	20	24	2.54430	1.77959	2.27428
2001	 9	21	24	2.29094	1.41064	1.98010
2001	 9	22	24	1.76255	1.09485	1.52678
2001	 9	23	24	1.54065	0.86749	1.30295
2001	 9	24	24	1.38521	0.83082	1.18945
2001	 9	25	24	1.49847	0.72045	1.22374
2001	 9	26	24	1.21417	0.56494	0.98492
2001	 9	27	24	1.07581	0.44348	0.85253
2001	 9	28	24	0.86390	0.34821	0.68180
2001	 9	29	24	0.67669	0.27352	0.53433
2001	 9	30	24	0.78282	0.21468	0.58220
2001	10	 1	24	3.50994	0.42813	2.42172
2001	10	 2	24	2.80468	0.41905	1.96229
2001	10	 3	24	6.04155	1.37530	4.39384
2001	10	 4	24	5.32281	1.58878	4.00428
2001	10	 5	24	3.97789	1.22224	3.00484
2001	10	 6	24	3.00772	0.94355	2.27884
2001	10	 7	24	2.28911	0.72688	1.73747
2001	10	 8	24	1.75016	0.56007	1.32993
2001	10	 9	24	1.34613	0.43051	1.02282
2001	10	10	24	1.03561	0.32919	0.78616
2001	10	11	24	0.79870	0.25290	0.60597
2001	10	12	24	0.61868	0.19540	0.46922
2001	10	13	24	0.48095	0.15161	0.36466
2001	10	14	24	0.37489	0.11800	0.28418
2001	10	15	24	0.29282	0.09206	0.22193
2001	10	16	24	0.22908	0.07196	0.17360
2001	10	17	24	0.17943	0.05632	0.13596
2001	10	18	24	0.14067	0.04413	0.10658
2001	10	19	24	0.11036	0.03461	0.08361
2001	10	20	24	0.08664	0.02716	0.06564
2001	10	21	24	0.06804	0.02133	0.05155
2001	10	22	24	0.06126	0.01675	0.04555
2001	10	23	24	0.04926	0.01316	0.03651
2001	10	24	24	0.05486	0.01034	0.03914
2001	10	25	24	0.04485	0.00813	0.03189
2001	10	26	24	0.03519	0.00639	0.02502
2001	10	27	24	0.04223	0.00503	0.02909
2001	10	28	24	0.30742	0.00395	0.20026
2001	10	29	24	0.26780	0.00311	0.17433
2001	10	30	24	0.21010	0.00244	0.13678
2001	10	31	24	0.17724	0.00192	0.11533
2001	11	 1	24	0.46107	0.00181	0.29890
2001	11	 2	24	0.51973	0.00310	0.33730
2001	11	 3	24	0.40772	0.00244	0.26461
2001	11	 4	24	0.32005	0.00192	0.20771
2001	11	 5	24	0.25118	0.00151	0.16302
2001	11	 6	24	0.26996	0.00427	0.17614
2001	11	 7	24	2.81672	0.15411	1.87652
2001	11	 8	24	13.71006	3.17555	9.99021
2001	11	 9	24	9.52717	3.27374	7.31902
2001	11	10	24	6.90927	2.66057	5.40901
2001	11	11	24	5.11622	2.01870	4.02245
2001	11	12	24	5.33786	1.98460	4.15379
2001	11	13	24	4.12627	1.54074	3.21329
2001	11	14	24	3.15158	1.19064	2.45915
2001	11	15	24	2.53206	0.92916	1.96606
2001	11	16	24	1.96183	0.72405	1.52476
2001	11	17	24	1.52571	0.56551	1.18666
2001	11	18	24	1.23553	0.44243	0.95548
2001	11	19	24	2.62424	0.53410	1.88619
2001	11	20	24	2.14009	0.52733	1.57061
2001	11	21	24	1.76326	0.51434	1.32225
2001	11	22	24	10.63177	3.80117	8.21981
2001	11	23	24	7.94314	3.64839	6.42662
2001	11	24	24	5.94632	2.71937	4.80685
2001	11	25	24	4.87491	2.05538	3.87930
2001	11	26	24	7.80170	3.79010	6.38516
2001	11	27	24	7.39649	3.82723	6.13615
2001	11	28	24	7.88599	3.03868	6.17435
2001	11	29	24	10.43351	3.00958	7.81204
2001	11	30	24	7.90546	2.41990	5.96845
2001	12	 1	24	5.98631	1.86537	4.53116
2001	12	 2	24	4.60783	1.46062	3.49652
2001	12	 3	24	3.57381	1.17355	2.72625
2001	12	 4	24	3.13988	0.91603	2.35461
2001	12	 5	24	16.77611	5.86123	12.92195
2001	12	 6	24	22.92859	11.16879	18.77608
2001	12	 7	24	17.30486	9.31606	14.48393
2001	12	 8	24	13.18109	6.98392	10.99280
2001	12	 9	24	10.14646	5.29975	8.43503
2001	12	10	24	8.57869	4.06835	6.98604
2001	12	11	24	8.18541	3.14807	6.40667
2001	12	12	24	9.13451	2.44838	6.77356
2001	12	13	24	7.14798	1.91116	5.29880
2001	12	14	24	5.57941	1.49475	4.13707
2001	12	15	24	4.36463	1.17071	3.23682
2001	12	16	24	3.41931	0.91784	2.53602
2001	12	17	24	2.68143	0.72013	1.98887
2001	12	18	24	2.10429	0.56532	1.56087
2001	12	19	24	3.85506	0.44399	2.65058
2001	12	20	24	3.03620	0.34881	2.08725
2001	12	21	24	2.67876	0.27411	1.82965
2001	12	22	24	2.76471	0.21545	1.86454
2001	12	23	24	2.16468	0.16937	1.46011
2001	12	24	24	1.81595	0.13316	1.22174
2001	12	25	24	4.32040	0.10471	2.83179
2001	12	26	24	4.59349	0.08234	3.00055
2001	12	27	24	5.60825	0.06475	3.65078
2001	12	28	24	10.09973	0.05093	6.55139
2001	12	29	24	10.30033	0.04005	6.67731
2001	12	30	24	8.59171	0.03150	5.56901
2001	12	31	24	6.72710	0.02478	4.36044
2002	 1	 1	24	5.27521	0.01949	3.41936
2002	 1	 2	24	4.34072	0.01533	2.81338
2002	 1	 3	24	3.47786	0.01206	2.25405
2002	 1	 4	24	3.14458	0.00949	2.03754
2002	 1	 5	24	3.47089	0.00746	2.24791
2002	 1	 6	24	4.68291	0.00587	3.03140
2002	 1	 7	24	4.61322	0.00462	2.98587
2002	 1	 8	24	4.15859	0.00363	2.69143
2002	 1	 9	24	5.16002	0.00286	3.33897
2002	 1	10	24	5.95727	0.00225	3.85448
2002	 1	11	24	6.54823	0.00177	4.23660
2002	 1	12	24	7.58937	0.00139	4.90997
2002	 1	13	24	7.12776	0.00109	4.61126
2002	 1	14	24	7.50525	0.00086	4.85537
2002	 1	15	24	6.02171	0.00068	3.89562
2002	 1	16	24	4.95999	0.00053	3.20875
2002	 1	17	24	4.39393	0.00042	2.84254
2002	 1	18	24	4.08542	0.00033	2.64293
2002	 1	19	24	6.46165	0.00026	4.18006
2002	 1	20	24	12.20243	0.00020	7.89369
2002	 1	21	24	16.52979	0.00910	10.69615
2002	 1	22	24	18.70722	0.68334	12.34279
2002	 1	23	24	19.83401	1.29934	13.28922
2002	 1	24	24	22.33216	3.35790	15.63214
2002	 1	25	24	21.33014	4.05735	15.23093
2002	 1	26	24	23.18873	5.51837	16.94913
2002	 1	27	24	25.45597	10.97307	20.34190
2002	 1	28	24	25.70486	12.83358	21.15987
2002	 1	29	24	25.16605	13.39149	21.00832
2002	 1	30	24	23.96427	13.69926	20.33958
2002	 1	31	24	21.60439	13.88754	18.87949
2002	 2	 1	24	18.95615	13.98992	17.20252
2002	 2	 2	24	16.70233	14.12314	15.79159
2002	 2	 3	24	14.48027	14.13009	14.35662
2002	 2	 4	24	12.42487	13.98705	12.97649
2002	 2	 5	24	10.72769	13.93454	11.86007
2002	 2	 6	24	9.20097	13.80641	10.82720
2002	 2	 7	24	7.66906	12.03020	9.20902
2002	 2	 8	24	6.41858	10.07961	7.71133
2002	 2	 9	24	8.35330	12.61045	9.85654
2002	 2	10	24	8.75759	12.84955	10.20251
2002	 2	11	24	8.12996	12.08883	9.52788
2002	 2	12	24	18.16898	14.12361	16.74052
2002	 2	13	24	15.80680	13.60438	15.02911
2002	 2	14	24	12.45211	10.70042	11.83357
2002	 2	15	24	9.79514	8.41612	9.30819
2002	 2	16	24	7.67955	6.61344	7.30310
2002	 2	17	24	5.93068	5.15485	5.65672
2002	 2	18	24	4.54301	3.99861	4.35077
2002	 2	19	24	4.07910	3.09238	3.73068
2002	 2	20	24	8.56416	2.42459	6.39621
2002	 2	21	24	6.95002	1.90723	5.16936
2002	 2	22	24	8.58286	1.50027	6.08192
2002	 2	23	24	11.98271	1.18015	8.16821
2002	 2	24	24	11.72776	0.92834	7.91436
2002	 2	25	24	13.73564	0.73025	9.14330
2002	 2	26	24	18.81189	0.57444	12.37205
2002	 2	27	24	22.04426	0.53039	14.44748
2002	 2	28	24	21.98321	1.01516	14.57916
2002	 3	 1	24	20.16100	1.24809	13.48264
2002	 3	 2	24	15.96968	0.98178	10.67729
2002	 3	 3	24	12.63306	0.77230	8.44490
2002	 3	 4	24	10.33993	0.60751	6.90331
2002	 3	 5	24	9.08976	0.88975	6.19425
2002	 3	 6	24	8.30436	2.29065	6.18085
2002	 3	 7	24	7.44673	5.40392	6.72539
2002	 3	 8	24	5.98787	6.61270	6.20851
2002	 3	 9	24	4.70472	7.25977	5.60694
2002	 3	10	24	3.66236	5.98980	4.48421
2002	 3	11	24	2.81152	4.68724	3.47386
2002	 3	12	24	2.12669	3.58949	2.64322
2002	 3	13	24	1.60642	2.68251	1.98640
2002	 3	14	24	1.22380	1.97964	1.49070
2002	 3	15	24	0.94002	1.48090	1.13101
2002	 3	16	24	0.72627	1.12078	0.86558
2002	 3	17	24	0.56352	0.85418	0.66615
2002	 3	18	24	0.43863	0.65464	0.51491
2002	 3	19	24	0.34223	0.50393	0.39933
2002	 3	20	24	0.33207	0.39237	0.35336
2002	 3	21	24	0.30060	0.30769	0.30311
2002	 3	22	24	1.01273	0.31508	0.76638
2002	 3	23	24	2.85395	0.29420	1.95007
2002	 3	24	24	3.28740	0.23142	2.20830
2002	 3	25	24	2.65823	0.18204	1.78386
2002	 3	26	24	2.11777	0.14320	1.42053
2002	 3	27	24	2.20887	0.11264	1.46867
2002	 3	28	24	3.96188	0.08861	2.59418
2002	 3	29	24	4.89260	0.78751	3.44305
2002	 3	30	24	4.49191	4.66779	4.55402
2002	 3	31	24	3.41047	4.74539	3.88185
2002	 4	 1	24	2.55657	3.63285	2.93662
2002	 4	 2	24	1.90503	2.70955	2.18912
2002	 4	 3	24	1.42905	1.98805	1.62643
2002	 4	 4	24	1.08520	1.45740	1.21663
2002	 4	 5	24	0.83152	1.08545	0.92119
2002	 4	 6	24	0.64123	0.82034	0.70448
2002	 4	 7	24	0.49682	0.62630	0.54254
2002	 4	 8	24	0.38627	0.48164	0.41995
2002	 4	 9	24	0.30112	0.37237	0.32628
2002	 4	10	24	0.23522	0.28904	0.25422
2002	 4	11	24	0.18402	0.22504	0.19850
2002	 4	12	24	0.14414	0.17561	0.15525
2002	 4	13	24	0.11301	0.13728	0.12158
2002	 4	14	24	1.71430	0.11073	1.14806
2002	 4	15	24	3.50909	0.70174	2.51779
2002	 4	16	24	2.67267	0.65443	1.96001
2002	 4	17	24	1.99477	0.48708	1.46239
2002	 4	18	24	1.50560	0.36790	1.10386
2002	 4	19	24	1.14546	0.28073	0.84012
2002	 4	20	24	0.87893	0.21581	0.64477
2002	 4	21	24	0.67773	0.16680	0.49732
2002	 4	22	24	0.52498	0.12945	0.38531
2002	 4	23	24	0.40809	0.10077	0.29957
2002	 4	24	24	0.31807	0.07863	0.23352
2002	 4	25	24	0.24842	0.06146	0.18240
2002	 4	26	24	0.20457	0.04811	0.14932
2002	 4	27	24	0.16013	0.03770	0.11690
2002	 4	28	24	0.12547	0.02956	0.09160
2002	 4	29	24	0.09839	0.02320	0.07184
2002	 4	30	24	0.07721	0.01822	0.05638
2002	 5	 1	24	0.06062	0.01431	0.04427
2002	 5	 2	24	0.04761	0.01124	0.03477
2002	 5	 3	24	0.03741	0.00884	0.02732
2002	 5	 4	24	0.02940	0.00695	0.02147
2002	 5	 5	24	1.14306	0.00565	0.74143
2002	 5	 6	24	1.79616	0.22084	1.23990
2002	 5	 7	24	1.36512	0.27028	0.97852
2002	 5	 8	24	1.02521	0.20496	0.73557
2002	 5	 9	24	0.77906	0.15688	0.55936
2002	 5	10	24	0.59714	0.12087	0.42896
2002	 5	11	24	0.46056	0.09359	0.33098
2002	 5	12	24	0.36683	0.07272	0.26298
2002	 5	13	24	0.28516	0.05667	0.20448
2002	 5	14	24	0.22227	0.04425	0.15941
2002	 5	15	24	0.17360	0.03461	0.12452
2002	 5	16	24	0.13580	0.02710	0.09742
2002	 5	17	24	0.10637	0.02125	0.07631
2002	 5	18	24	0.08339	0.01667	0.05983
2002	 5	19	24	0.06542	0.01308	0.04694
2002	 5	20	24	0.05135	0.01027	0.03685
2002	 5	21	24	0.04033	0.00807	0.02894
2002	 5	22	24	0.03168	0.00634	0.02274
2002	 5	23	24	0.02725	0.00499	0.01939
2002	 5	24	24	0.02141	0.00392	0.01523
2002	 5	25	24	0.28374	0.00308	0.18464
2002	 5	26	24	0.24589	0.00510	0.16087
2002	 5	27	24	0.21551	0.00399	0.14082
2002	 5	28	24	0.16626	0.00312	0.10865
2002	 5	29	24	0.12885	0.00245	0.08422
2002	 5	30	24	0.10021	0.00192	0.06550
2002	 5	31	24	0.07813	0.00151	0.05107
2002	 6	 1	24	0.06104	0.00118	0.03990
2002	 6	 2	24	0.04776	0.00093	0.03122
2002	 6	 3	24	0.03741	0.00073	0.02446
2002	 6	 4	24	0.02933	0.00057	0.01918
2002	 6	 5	24	0.02302	0.00045	0.01505
2002	 6	 6	24	0.01807	0.00035	0.01181
2002	 6	 7	24	10.41533	2.59395	7.65352
2002	 6	 8	24	14.06023	6.74097	11.47572
2002	 6	 9	24	8.32202	4.98981	7.14538
2002	 6	10	24	5.60894	3.63056	4.91035
2002	 6	11	24	3.97860	2.75732	3.54735
2002	 6	12	24	2.90865	2.01440	2.59288
2002	 6	13	24	2.98777	2.03951	2.65293
2002	 6	14	24	2.25060	1.61611	2.02656
2002	 6	15	24	2.01522	1.27085	1.75238
2002	 6	16	24	1.52633	0.95580	1.32487
2002	 6	17	24	1.16174	0.72701	1.00823
2002	 6	18	24	0.89148	0.55757	0.77357
2002	 6	19	24	0.68816	0.43020	0.59707
2002	 6	20	24	1.31956	0.33342	0.97135
2002	 6	21	24	1.57485	0.25929	1.11031
2002	 6	22	24	1.18003	0.20216	0.83473
2002	 6	23	24	0.89568	0.15793	0.63517
2002	 6	24	24	0.68604	0.12356	0.48742
2002	 6	25	24	0.52888	0.09679	0.37630
2002	 6	26	24	0.40967	0.07588	0.29181
2002	 6	27	24	0.31846	0.05954	0.22703
2002	 6	28	24	0.24822	0.04674	0.17708
2002	 6	29	24	0.19387	0.03671	0.13838
2002	 6	30	24	0.15166	0.02884	0.10829
2002	 7	 1	24	0.11879	0.02266	0.08485
2002	 7	 2	24	0.14124	0.01781	0.09766
2002	 7	 3	24	0.16907	0.01750	0.11555
2002	 7	 4	24	0.13127	0.01383	0.08980
2002	 7	 5	24	0.10224	0.01086	0.06997
2002	 7	 6	24	0.33082	0.01860	0.22057
2002	 7	 7	24	0.25407	0.01456	0.16950
2002	 7	 8	24	0.19622	0.01140	0.13096
2002	 7	 9	24	0.15220	0.00894	0.10161
2002	 7	10	24	0.32110	0.00702	0.21019
2002	 7	11	24	0.24695	0.00551	0.16169
2002	 7	12	24	0.19094	0.00433	0.12505
2002	 7	13	24	1.86780	0.19325	1.27650
2002	 7	14	24	1.44990	0.30067	1.04409
2002	 7	15	24	1.07513	0.22674	0.77556
2002	 7	16	24	5.48045	1.61620	4.11594
2002	 7	17	24	4.03675	1.61781	3.18260
2002	 7	18	24	2.92493	1.17887	2.30838
2002	 7	19	24	2.16197	0.87218	1.70653
2002	 7	20	24	1.62539	0.65619	1.28315
2002	 7	21	24	1.23625	0.49938	0.97605
2002	 7	22	24	0.94807	0.38314	0.74859
2002	 7	23	24	0.73147	0.29571	0.57760
2002	 7	24	24	0.56690	0.22924	0.44767
2002	 7	25	24	0.44084	0.17830	0.34814
2002	 7	26	24	0.34370	0.13904	0.27143
2002	 7	27	24	0.26849	0.10863	0.21204
2002	 7	28	24	0.21006	0.08500	0.16590
2002	 7	29	24	0.16454	0.06658	0.12995
2002	 7	30	24	0.12901	0.05221	0.10189
2002	 7	31	24	0.10122	0.04096	0.07994
2002	 8	 1	24	11.24670	0.03216	7.28672
2002	 8	 2	24	7.01711	0.02526	4.54821
2002	 8	 3	24	4.81364	0.01984	3.12090
2002	 8	 4	24	5.74613	0.24857	3.80488
2002	 8	 5	24	4.16251	0.52111	2.87669
2002	 8	 6	24	3.03635	0.43096	2.11636
2002	 8	 7	24	6.21569	2.10646	4.76468
2002	 8	 8	24	7.15795	2.46293	5.50008
2002	 8	 9	24	5.02463	1.86151	3.90770
2002	 8	10	24	3.60643	1.37080	2.81701
2002	 8	11	24	14.45423	12.35025	13.71129
2002	 8	12	24	28.99077	30.60627	29.56122
2002	 8	13	24	23.09282	28.59673	25.03631
2002	 8	14	24	13.78770	18.72275	15.53032
2002	 8	15	24	9.65777	14.44889	11.34957
2002	 8	16	24	7.07452	11.42628	8.61117
2002	 8	17	24	8.80732	7.82573	8.46071
2002	 8	18	24	6.56557	5.62213	6.23243
2002	 8	19	24	4.97222	4.10968	4.66765
2002	 8	20	24	3.73631	3.03122	3.48734
2002	 8	21	24	2.81850	2.27426	2.62632
2002	 8	22	24	2.15609	1.72819	2.00499
2002	 8	23	24	1.64845	1.32478	1.53416
2002	 8	24	24	1.27236	1.02192	1.18392
2002	 8	25	24	0.98972	0.79193	0.91988
2002	 8	26	24	0.77502	0.61582	0.71881
2002	 8	27	24	0.61067	0.48012	0.56457
2002	 8	28	24	0.48380	0.37507	0.44540
2002	 8	29	24	0.38474	0.29345	0.35251
2002	 8	30	24	0.30519	0.22987	0.27859
2002	 8	31	24	0.29865	0.18022	0.25683
2002	 9	 1	24	0.23431	0.14140	0.20150
2002	 9	 2	24	0.18328	0.11101	0.15776
2002	 9	 3	24	0.14354	0.08718	0.12364
2002	 9	 4	24	0.11253	0.06849	0.09698
2002	 9	 5	24	2.37289	0.05383	1.55400
2002	 9	 6	24	1.90464	0.04231	1.24703
2002	 9	 7	24	1.42805	0.03326	0.93554
2002	 9	 8	24	1.08434	0.02615	0.71068
2002	 9	 9	24	0.83066	0.02056	0.54461
2002	 9	10	24	1.33561	0.01617	0.86970
2002	 9	11	24	1.01164	0.01272	0.65891
2002	 9	12	24	0.77172	0.01000	0.50275
2002	 9	13	24	0.59323	0.00787	0.38653
2002	 9	14	24	0.89407	0.00619	0.58055
2002	 9	15	24	2.01490	0.00487	1.30514
2002	 9	16	24	1.52543	0.00383	0.98814
2002	 9	17	24	1.15040	0.00301	0.74525
2002	 9	18	24	0.87701	0.00237	0.56816
2002	 9	19	24	0.67375	0.00186	0.43650
2002	 9	20	24	0.52051	0.00147	0.33723
2002	 9	21	24	0.40381	0.00115	0.26163
2002	 9	22	24	1.06410	0.00091	0.68868
2002	 9	23	24	1.47184	0.00071	0.95237
2002	 9	24	24	1.11132	0.00056	0.71910
2002	 9	25	24	0.84787	0.00044	0.54863
2002	 9	26	24	9.77815	0.02451	6.33403
2002	 9	27	24	7.10757	0.10755	4.63578
2002	 9	28	24	5.07156	0.10197	3.31675
2002	 9	29	24	3.71676	0.07700	2.43152
2002	 9	30	24	2.77815	0.05867	1.81787
2002	10	 1	24	2.10108	0.04505	1.37508
2002	10	 2	24	1.59900	0.03480	1.04666
2002	10	 3	24	1.22201	0.02699	0.80003
2002	10	 4	24	0.94321	0.02100	0.61757
2002	10	 5	24	1.37981	0.06826	0.91669
2002	10	 6	24	6.87885	1.07079	4.82796
2002	10	 7	24	6.16908	1.31892	4.45643
2002	10	 8	24	4.56957	0.96565	3.29698
2002	10	 9	24	3.38053	0.68838	2.42991
2002	10	10	24	2.54652	0.50560	1.82585
2002	10	11	24	1.94095	0.37846	1.38921
2002	10	12	24	1.49009	0.28694	1.06525
2002	10	13	24	1.15096	0.21955	0.82207
2002	10	14	24	0.89324	0.16910	0.63754
2002	10	15	24	0.88644	0.13088	0.61965
2002	10	16	24	2.88162	0.53629	2.05346
2002	10	17	24	2.22399	0.50867	1.61830
2002	10	18	24	1.68362	0.38115	1.22370
2002	10	19	24	2.28150	0.51561	1.65794
2002	10	20	24	1.74030	0.46639	1.29047
2002	10	21	24	2.48955	0.60460	1.82396
2002	10	22	24	3.77780	1.07745	2.82428
2002	10	23	24	2.83819	0.93919	2.16764
2002	10	24	24	2.14390	0.69273	1.63148
2002	10	25	24	6.36698	3.20820	5.25158
2002	10	26	24	4.77419	3.19292	4.21583
2002	10	27	24	5.91388	4.51368	5.41946
2002	10	28	24	6.64631	5.70618	6.31434
2002	10	29	24	4.85014	4.25162	4.63879
2002	10	30	24	3.60668	3.07083	3.41747
2002	10	31	24	2.72758	2.28844	2.57251
2002	11	 1	24	2.18371	1.73506	2.02529
2002	11	 2	24	3.29885	1.57898	2.69155
2002	11	 3	24	5.49781	1.45666	4.07084
2002	11	 4	24	4.83184	1.12744	3.52377
2002	11	 5	24	3.64777	0.87632	2.66914
2002	11	 6	24	2.80538	0.68317	2.05601
2002	11	 7	24	2.26063	0.53375	1.65085
2002	11	 8	24	9.91525	0.41768	6.56155
2002	11	 9	24	11.23583	0.35692	7.39437
2002	11	10	24	9.75788	0.40634	6.45575
2002	11	11	24	10.43548	1.10516	7.14084
2002	11	12	24	9.06709	2.79098	6.85092
2002	11	13	24	7.57144	4.12287	6.35371
2002	11	14	24	6.25159	4.66532	5.69146
2002	11	15	24	5.66722	6.61375	6.00145
2002	11	16	24	5.08851	9.62237	6.68947
2002	11	17	24	3.85295	9.93749	6.00147
2002	11	18	24	3.17722	10.10165	5.62231
2002	11	19	24	17.22907	12.39634	15.52258
2002	11	20	24	12.25850	10.29483	11.56510
2002	11	21	24	8.96625	7.58062	8.47697
2002	11	22	24	15.35738	7.75537	12.67302
2002	11	23	24	12.74150	8.15238	11.12103
2002	11	24	24	9.58708	6.33129	8.43743
2002	11	25	24	7.31475	4.93615	6.47484
2002	11	26	24	5.63203	3.85809	5.00563
2002	11	27	24	4.43976	3.01992	3.93840
2002	11	28	24	3.48179	2.37037	3.08934
2002	11	29	24	8.11060	2.17505	6.01469
2002	11	30	24	15.01698	4.27689	11.22454
2002	12	 1	24	11.60527	3.94188	8.89924
2002	12	 2	24	8.92870	3.10046	6.87069
2002	12	 3	24	6.94080	2.43872	5.35107
2002	12	 4	24	5.40045	1.91826	4.17085
2002	12	 5	24	4.21622	1.50890	3.26023
2002	12	 6	24	3.29784	1.18691	2.55245
2002	12	 7	24	2.58302	0.93363	2.00061
2002	12	 8	24	2.02516	0.73441	1.56938
2002	12	 9	24	1.58898	0.57770	1.23188
2002	12	10	24	1.24745	0.45443	0.96742
2002	12	11	24	0.97974	0.35746	0.76001
2002	12	12	24	0.76933	0.28119	0.59696
2002	12	13	24	0.60389	0.22119	0.46876
2002	12	14	24	0.47386	0.17399	0.36797
2002	12	15	24	0.37192	0.13687	0.28892
2002	12	16	24	0.29201	0.10766	0.22692
2002	12	17	24	0.23118	0.08469	0.17945
2002	12	18	24	0.18181	0.06662	0.14113
2002	12	19	24	0.14793	0.05241	0.11420
2002	12	20	24	0.21903	0.04122	0.15624
2002	12	21	24	0.33225	0.03243	0.22638
2002	12	22	24	1.13846	0.02551	0.74546
2002	12	23	24	0.98756	0.02007	0.64593
2002	12	24	24	0.77684	0.01578	0.50810
2002	12	25	24	0.87210	0.01242	0.56854
2002	12	26	24	1.20573	0.00977	0.78342
2002	12	27	24	1.91312	0.00768	1.24029
2002	12	28	24	3.19423	0.00604	2.06845
2002	12	29	24	10.46398	0.00475	6.77072
2002	12	30	24	20.06578	0.01807	12.98671
2002	12	31	24	15.66405	0.37598	10.26567
2003	 1	 1	24	12.65037	0.45180	8.34292
2003	 1	 2	24	23.83879	7.37038	18.02362
2003	 1	 3	24	24.56081	11.49111	19.94575
2003	 1	 4	24	19.37116	10.30459	16.16965
2003	 1	 5	24	15.15492	8.24904	12.71638
2003	 1	 6	24	11.86886	6.49084	9.96982
2003	 1	 7	24	9.30545	5.10358	7.82172
2003	 1	 8	24	7.30114	4.01293	6.14004
2003	 1	 9	24	5.77764	3.15565	4.85179
2003	 1	10	24	4.53766	2.48167	3.81167
2003	 1	11	24	3.56485	1.95175	2.99524
2003	 1	12	24	2.80123	1.53504	2.35412
2003	 1	13	24	3.16580	1.20734	2.47425
2003	 1	14	24	5.39241	0.94963	3.82361
2003	 1	15	24	6.69972	0.74697	4.59774
2003	 1	16	24	7.52789	0.58758	5.07719
2003	 1	17	24	7.85829	0.46532	5.24775
2003	 1	18	24	7.25190	0.36901	4.82148
2003	 1	19	24	6.32717	0.29027	4.19547
2003	 1	20	24	5.84529	0.24461	3.86763
2003	 1	21	24	4.77570	0.19242	3.15729
2003	 1	22	24	4.01645	0.15136	2.65164
2003	 1	23	24	8.77089	0.42476	5.82378
2003	 1	24	24	8.62249	0.50323	5.75549
2003	 1	25	24	7.55838	0.39585	5.02921
2003	 1	26	24	6.25895	0.31139	4.15880
2003	 1	27	24	11.22516	3.12426	8.36465
2003	 1	28	24	14.84510	7.36811	12.20489
2003	 1	29	24	13.94654	6.61123	11.35636
2003	 1	30	24	11.50332	5.21743	9.28370
2003	 1	31	24	9.04688	4.10418	7.30156
2003	 2	 1	24	7.11563	3.22846	5.74303
2003	 2	 2	24	5.66964	2.53960	4.56439
2003	 2	 3	24	5.81769	1.99772	4.46882
2003	 2	 4	24	5.84442	1.57146	4.33559
2003	 2	 5	24	6.13813	1.23615	4.40719
2003	 2	 6	24	4.82837	0.97239	3.46679
2003	 2	 7	24	4.17544	0.76491	2.97114
2003	 2	 8	24	3.28908	0.60170	2.34014
2003	 2	 9	24	2.59732	0.47331	1.84731
2003	 2	10	24	2.16703	0.37232	1.53330
2003	 2	11	24	2.11869	0.29288	1.47397
2003	 2	12	24	2.48155	0.23039	1.68664
2003	 2	13	24	2.70654	0.18123	1.81483
2003	 2	14	24	2.67912	0.14256	1.78343
2003	 2	15	24	2.10073	0.11214	1.39854
2003	 2	16	24	1.64775	0.08821	1.09706
2003	 2	17	24	1.29270	0.06939	0.86074
2003	 2	18	24	1.01468	0.05459	0.67566
2003	 2	19	24	0.79658	0.04294	0.53046
2003	 2	20	24	0.70731	0.03378	0.46948
2003	 2	21	24	1.55529	0.02657	1.01548
2003	 2	22	24	1.97880	0.02090	1.28744
2003	 2	23	24	2.03749	0.01644	1.32384
2003	 2	24	24	2.23202	0.01293	1.44843
2003	 2	25	24	2.48897	0.01328	1.61478
2003	 2	26	24	2.43452	0.19142	1.64246
2003	 2	27	24	2.62270	0.71411	1.94876
2003	 2	28	24	3.06799	3.05228	3.06244
2003	 3	 1	24	3.22495	5.99373	4.20264
2003	 3	 2	24	2.87246	6.90515	4.29644
2003	 3	 3	24	2.48293	7.02649	4.08731
2003	 3	 4	24	2.01120	6.18771	3.48597
2003	 3	 5	24	1.67722	5.45302	3.01049
2003	 3	 6	24	1.46882	4.51814	2.54557
2003	 3	 7	24	1.29366	3.63825	2.12156
2003	 3	 8	24	1.40739	3.98879	2.31891
2003	 3	 9	24	1.36622	5.29613	2.75392
2003	 3	10	24	1.33982	8.74250	3.95379
2003	 3	11	24	1.84436	12.32403	5.54484
2003	 3	12	24	3.82095	13.03551	7.07471
2003	 3	13	24	3.21596	11.43370	6.11774
2003	 3	14	24	2.51590	8.99279	4.80296
2003	 3	15	24	1.97116	7.09108	3.77906
2003	 3	16	24	1.54368	5.69642	3.01006
2003	 3	17	24	1.20644	4.49092	2.36622
2003	 3	18	24	0.94112	3.52191	1.85243
2003	 3	19	24	0.73252	2.75250	1.44579
2003	 3	20	24	0.56758	2.13170	1.11989
2003	 3	21	24	0.44045	1.65148	0.86807
2003	 3	22	24	0.34149	1.26304	0.66690
2003	 3	23	24	0.26562	0.95733	0.50987
2003	 3	24	24	0.20714	0.73158	0.39233
2003	 3	25	24	0.16185	0.56293	0.30347
2003	 3	26	24	0.12665	0.43539	0.23567
2003	 3	27	24	0.09922	0.33805	0.18355
2003	 3	28	24	0.07780	0.26325	0.14328
2003	 3	29	24	0.06105	0.20546	0.11204
2003	 3	30	24	0.04793	0.16063	0.08772
2003	 3	31	24	0.03764	0.12575	0.06876
2003	 4	 1	24	0.02958	0.09855	0.05393
2003	 4	 2	24	0.02324	0.07730	0.04233
2003	 4	 3	24	0.01827	0.06066	0.03324
2003	 4	 4	24	0.01436	0.04763	0.02611
2003	 4	 5	24	0.01129	0.03742	0.02052
2003	 4	 6	24	0.00888	0.02940	0.01613
2003	 4	 7	24	0.00698	0.02311	0.01268
2003	 4	 8	24	0.00549	0.01816	0.00997
2003	 4	 9	24	0.00432	0.01428	0.00784
2003	 4	10	24	0.00340	0.01123	0.00616
2003	 4	11	24	0.00267	0.00883	0.00485
2003	 4	12	24	0.00210	0.00694	0.00381
2003	 4	13	24	0.00165	0.00546	0.00300
2003	 4	14	24	0.00130	0.00430	0.00236
2003	 4	15	24	0.00102	0.00338	0.00185
2003	 4	16	24	0.00080	0.00266	0.00146
2003	 4	17	24	0.00063	0.00209	0.00115
2003	 4	18	24	0.34690	0.00164	0.22499
2003	 4	19	24	6.15617	0.02552	3.99137
2003	 4	20	24	4.54098	0.10633	2.97505
2003	 4	21	24	3.30190	0.10923	2.17453
2003	 4	22	24	2.41963	0.08506	1.59527
2003	 4	23	24	1.79807	0.06522	1.18618
2003	 4	24	24	1.35520	0.05032	0.89443
2003	 4	25	24	1.03268	0.03900	0.68180
2003	 4	26	24	0.80341	0.03032	0.53043
2003	 4	27	24	0.62023	0.02364	0.40957
2003	 4	28	24	0.48091	0.01847	0.31762
2003	 4	29	24	0.37411	0.01445	0.24711
2003	 4	30	24	0.29176	0.01132	0.19273
2003	 5	 1	24	0.22797	0.00888	0.15060
2003	 5	 2	24	0.17839	0.00696	0.11786
2003	 5	 3	24	0.13975	0.00547	0.09234
2003	 5	 4	24	0.10958	0.00429	0.07240
2003	 5	 5	24	0.08599	0.00337	0.05681
2003	 5	 6	24	0.06751	0.00265	0.04460
2003	 5	 7	24	0.05302	0.00208	0.03503
2003	 5	 8	24	1.04643	0.00164	0.67750
2003	 5	 9	24	0.92867	0.00472	0.60241
2003	 5	10	24	0.70938	0.00370	0.46020
2003	 5	11	24	0.54580	0.00290	0.35409
2003	 5	12	24	0.42215	0.00227	0.27389
2003	 5	13	24	0.33609	0.00178	0.21804
2003	 5	14	24	0.26160	0.00140	0.16972
2003	 5	15	24	0.20411	0.00110	0.13242
2003	 5	16	24	0.15954	0.00086	0.10351
2003	 5	17	24	0.12488	0.00068	0.08102
2003	 5	18	24	0.26126	0.00074	0.16927
2003	 5	19	24	0.92252	0.14275	0.64718
2003	 5	20	24	0.75299	0.15745	0.54270
2003	 5	21	24	0.57703	0.11907	0.41532
2003	 5	22	24	0.44500	0.09095	0.31998
2003	 5	23	24	0.34478	0.06996	0.24774
2003	 5	24	24	0.26807	0.05410	0.19251
2003	 5	25	24	0.20897	0.04200	0.15001
2003	 5	26	24	0.53856	0.04934	0.36581
2003	 5	27	24	0.42556	0.04450	0.29100
2003	 5	28	24	0.32851	0.03459	0.22473
2003	 5	29	24	0.25472	0.02696	0.17429
2003	 5	30	24	0.19815	0.02106	0.13562
2003	 5	31	24	0.15454	0.01647	0.10579
2003	 6	 1	24	0.12075	0.01290	0.08267
2003	 6	 2	24	0.09449	0.01012	0.06470
2003	 6	 3	24	0.07403	0.00794	0.05069
2003	 6	 4	24	0.05805	0.00623	0.03975
2003	 6	 5	24	0.14977	0.00489	0.09861
2003	 6	 6	24	0.11933	0.00384	0.07855
2003	 6	 7	24	0.09305	0.00302	0.06126
2003	 6	 8	24	0.07270	0.00237	0.04787
2003	 6	 9	24	0.05689	0.00187	0.03746
2003	 6	10	24	0.04457	0.00147	0.02935
2003	 6	11	24	0.03494	0.00115	0.02301
2003	 6	12	24	0.35873	0.00425	0.23356
2003	 6	13	24	0.29296	0.03523	0.20195
2003	 6	14	24	0.22647	0.02799	0.15639
2003	 6	15	24	0.17578	0.02179	0.12141
2003	 6	16	24	0.13685	0.01700	0.09453
2003	 6	17	24	0.10679	0.01329	0.07378
2003	 6	18	24	0.08351	0.01040	0.05769
2003	 6	19	24	0.06537	0.00815	0.04516
2003	 6	20	24	0.05123	0.00639	0.03539
2003	 6	21	24	0.04018	0.00502	0.02776
2003	 6	22	24	0.03153	0.00394	0.02179
2003	 6	23	24	0.02571	0.05950	0.03764
2003	 6	24	24	0.02019	0.06312	0.03535
2003	 6	25	24	0.01586	0.04863	0.02743
2003	 6	26	24	0.01247	0.03765	0.02136
2003	 6	27	24	0.00980	0.02925	0.01667
2003	 6	28	24	0.00770	0.02279	0.01303
2003	 6	29	24	0.00606	0.01779	0.01020
2003	 6	30	24	0.60938	0.41823	0.54188
2003	 7	 1	24	2.42174	1.46585	2.08421
2003	 7	 2	24	1.85639	1.25699	1.64474
2003	 7	 3	24	1.37024	0.95161	1.22242
2003	 7	 4	24	1.12884	1.04469	1.09913
2003	 7	 5	24	0.87013	0.90313	0.88178
2003	 7	 6	24	0.66430	0.67578	0.66835
2003	 7	 7	24	0.51087	0.50667	0.50939
2003	 7	 8	24	0.39498	0.38459	0.39131
2003	 7	 9	24	0.30837	0.29451	0.30348
2003	 7	10	24	0.24006	0.22697	0.23544
2003	 7	11	24	0.18731	0.17575	0.18323
2003	 7	12	24	0.14642	0.13658	0.14295
2003	 7	13	24	0.11461	0.10643	0.11172
2003	 7	14	24	0.08981	0.08311	0.08745
2003	 7	15	24	0.07044	0.06500	0.06852
2003	 7	16	24	0.05528	0.05091	0.05373
2003	 7	17	24	0.14758	0.04147	0.11011
2003	 7	18	24	0.12042	0.03554	0.09045
2003	 7	19	24	0.09390	0.02788	0.07059
2003	 7	20	24	0.07336	0.02188	0.05519
2003	 7	21	24	0.05741	0.01718	0.04320
2003	 7	22	24	0.04497	0.01350	0.03386
2003	 7	23	24	0.04271	0.01061	0.03137
2003	 7	24	24	2.73926	1.13969	2.17443
2003	 7	25	24	2.18489	1.22269	1.84513
2003	 7	26	24	1.63858	0.97251	1.40338
2003	 7	27	24	3.81134	5.66814	4.46699
2003	 7	28	24	3.56681	4.40529	3.86288
2003	 7	29	24	2.63029	3.24568	2.84759
2003	 7	30	24	1.94766	2.41028	2.11102
2003	 7	31	24	1.46621	1.74681	1.56529
2003	 8	 1	24	1.11630	1.28649	1.17640
2003	 8	 2	24	0.85674	0.96459	0.89483
2003	 8	 3	24	0.66139	0.73222	0.68640
2003	 8	 4	24	0.51282	0.56072	0.52973
2003	 8	 5	24	0.39892	0.43214	0.41065
2003	 8	 6	24	0.31110	0.33463	0.31941
2003	 8	 7	24	0.24308	0.26006	0.24908
2003	 8	 8	24	0.19021	0.20265	0.19461
2003	 8	 9	24	0.14901	0.15825	0.15228
2003	 8	10	24	0.11684	0.12377	0.11929
2003	 8	11	24	0.09168	0.09693	0.09353
2003	 8	12	24	0.07198	0.07598	0.07339
2003	 8	13	24	0.05807	0.05961	0.05861
2003	 8	14	24	0.04561	0.04679	0.04603
2003	 8	15	24	0.03584	0.03674	0.03616
2003	 8	16	24	0.02817	0.02886	0.02842
2003	 8	17	24	0.02215	0.02268	0.02234
2003	 8	18	24	0.01741	0.01783	0.01756
2003	 8	19	24	0.01369	0.01402	0.01381
2003	 8	20	24	0.01077	0.01102	0.01086
2003	 8	21	24	0.00847	0.00866	0.00854
2003	 8	22	24	0.00666	0.00681	0.00671
2003	 8	23	24	0.00524	0.00536	0.00528
2003	 8	24	24	0.00412	0.00421	0.00415
2003	 8	25	24	0.00324	0.00331	0.00327
2003	 8	26	24	0.00255	0.00261	0.00257
2003	 8	27	24	0.00200	0.00205	0.00202
2003	 8	28	24	0.00158	0.00161	0.00159
2003	 8	29	24	0.00124	0.00127	0.00125
2003	 8	30	24	0.00098	0.00100	0.00098
2003	 8	31	24	0.00077	0.00078	0.00077
2003	 9	 1	24	0.00060	0.00062	0.00061
2003	 9	 2	24	0.00047	0.00049	0.00048
2003	 9	 3	24	0.00037	0.00038	0.00038
2003	 9	 4	24	0.00029	0.00030	0.00030
2003	 9	 5	24	0.00023	0.00024	0.00023
2003	 9	 6	24	0.00018	0.00019	0.00018
2003	 9	 7	24	0.00014	0.00015	0.00014
2003	 9	 8	24	0.00011	0.00012	0.00011
2003	 9	 9	24	0.00009	0.00009	0.00009
2003	 9	10	24	0.00734	0.00007	0.00477
2003	 9	11	24	0.05298	0.00006	0.03429
2003	 9	12	24	0.44836	0.00004	0.29006
2003	 9	13	24	0.79191	0.00003	0.51229
2003	 9	14	24	0.61451	0.00003	0.39753
2003	 9	15	24	0.46785	0.00002	0.30265
2003	 9	16	24	0.35911	0.00002	0.23231
2003	 9	17	24	0.27727	0.00001	0.17937
2003	 9	18	24	0.21502	0.00001	0.13910
2003	 9	19	24	0.16729	0.00001	0.10822
2003	 9	20	24	0.13048	0.00001	0.08441
2003	 9	21	24	0.10196	0.00001	0.06596
2003	 9	22	24	0.07979	0.00000	0.05162
2003	 9	23	24	0.06251	0.00000	0.04044
2003	 9	24	24	0.04902	0.00000	0.03171
2003	 9	25	24	0.03846	0.00000	0.02488
2003	 9	26	24	0.03020	0.00000	0.01954
2003	 9	27	24	0.02372	0.00000	0.01534
2003	 9	28	24	0.01864	0.00000	0.01206
2003	 9	29	24	0.01465	0.00000	0.00947
2003	 9	30	24	0.01151	0.00000	0.00745
2003	10	 1	24	0.00905	0.00000	0.00585
2003	10	 2	24	0.00712	0.00000	0.00460
2003	10	 3	24	0.00560	0.00000	0.00362
2003	10	 4	24	0.00440	0.00000	0.00285
2003	10	 5	24	0.00346	0.00000	0.00224
2003	10	 6	24	0.13794	0.00000	0.08923
2003	10	 7	24	1.90822	0.00000	1.23441
2003	10	 8	24	11.52610	4.39430	9.00778
2003	10	 9	24	8.52708	4.93384	7.25826
2003	10	10	24	6.06334	3.81625	5.26987
2003	10	11	24	4.50390	2.93546	3.95007
2003	10	12	24	3.39314	2.28853	3.00309
2003	10	13	24	2.56517	1.83453	2.30718
2003	10	14	24	1.95399	1.44603	1.77462
2003	10	15	24	1.49940	1.10644	1.36064
2003	10	16	24	1.15878	0.84917	1.04946
2003	10	17	24	0.89742	0.65045	0.81022
2003	10	18	24	0.69502	0.50088	0.62646
2003	10	19	24	0.53909	0.38761	0.48560
2003	10	20	24	0.41934	0.30104	0.37757
2003	10	21	24	0.96786	0.23444	0.70888
2003	10	22	24	0.78878	0.18300	0.57487
2003	10	23	24	0.61363	0.14309	0.44748
2003	10	24	24	0.47860	0.11203	0.34916
2003	10	25	24	0.37401	0.08780	0.27295
2003	10	26	24	0.29269	0.06887	0.21365
2003	10	27	24	0.22934	0.05405	0.16744
2003	10	28	24	0.17986	0.04244	0.13134
2003	10	29	24	2.28364	0.16086	1.53406
2003	10	30	24	2.12843	0.41542	1.52354
2003	10	31	24	1.63824	0.38518	1.19577
2003	11	 1	24	1.25763	0.29679	0.91835
2003	11	 2	24	0.97083	0.22981	0.70917
2003	11	 3	24	0.75195	0.17860	0.54949
2003	11	 4	24	0.58521	0.13918	0.42771
2003	11	 5	24	0.45615	0.10869	0.33346
2003	11	 6	24	0.35601	0.08502	0.26032
2003	11	 7	24	0.27819	0.06658	0.20347
2003	11	 8	24	0.21768	0.05220	0.15925
2003	11	 9	24	0.17051	0.04095	0.12476
2003	11	10	24	0.13368	0.03214	0.09782
2003	11	11	24	0.10488	0.02524	0.07676
2003	11	12	24	0.08233	0.01983	0.06026
2003	11	13	24	0.06466	0.01558	0.04733
2003	11	14	24	0.05080	0.01225	0.03719
2003	11	15	24	0.03992	0.00963	0.02922
2003	11	16	24	0.04458	0.00757	0.03151
2003	11	17	24	0.15875	0.01792	0.10902
2003	11	18	24	0.13259	0.07265	0.11143
2003	11	19	24	0.10375	0.05824	0.08768
2003	11	20	24	0.08128	0.04536	0.06859
2003	11	21	24	0.06373	0.03541	0.05373
2003	11	22	24	0.04998	0.02768	0.04210
2003	11	23	24	0.03919	0.02168	0.03301
2003	11	24	24	0.03075	0.01699	0.02589
2003	11	25	24	0.02414	0.01333	0.02032
2003	11	26	24	0.01896	0.01046	0.01596
2003	11	27	24	0.01490	0.00821	0.01254
2003	11	28	24	0.11490	0.00772	0.07706
2003	11	29	24	0.52419	0.09239	0.37172
2003	11	30	24	0.44291	0.13420	0.33390
2003	12	 1	24	0.34485	0.10484	0.26010
2003	12	 2	24	0.26915	0.08203	0.20308
2003	12	 3	24	0.21044	0.06426	0.15882
2003	12	 4	24	0.16475	0.05038	0.12437
2003	12	 5	24	0.17461	0.05050	0.13079
2003	12	 6	24	1.03323	0.21017	0.74259
2003	12	 7	24	0.87093	0.26597	0.65731
2003	12	 8	24	0.67816	0.29454	0.54270
2003	12	 9	24	0.52631	0.32068	0.45370
2003	12	10	24	0.40948	0.29088	0.36760
2003	12	11	24	0.33063	0.34417	0.33541
2003	12	12	24	0.56903	0.27238	0.46428
2003	12	13	24	6.39279	5.16154	5.95802
2003	12	14	24	11.46452	9.92362	10.92041
2003	12	15	24	7.85367	7.07627	7.57916
2003	12	16	24	5.66152	5.21637	5.50433
2003	12	17	24	4.94645	4.00515	4.61407
2003	12	18	24	5.52729	3.94004	4.96681
2003	12	19	24	4.67321	3.74253	4.34458
2003	12	20	24	3.63982	3.51429	3.59549
2003	12	21	24	3.51855	3.18835	3.40195
2003	12	22	24	3.26306	2.46316	2.98061
2003	12	23	24	3.46686	1.88513	2.90833
2003	12	24	24	3.21379	1.45368	2.59228
2003	12	25	24	2.97621	1.14923	2.33109
2003	12	26	24	2.37106	0.98380	1.88120
2003	12	27	24	1.83496	0.76838	1.45834
2003	12	28	24	1.42420	0.61361	1.13797
2003	12	29	24	1.10717	0.49207	0.88997
2003	12	30	24	0.86209	0.39400	0.69680
2003	12	31	24	0.72096	0.30917	0.57555
2004	 1	 1	24	0.60119	0.24273	0.47462
2004	 1	 2	24	0.49505	0.19066	0.38756
2004	 1	 3	24	0.38896	0.14980	0.30451
2004	 1	 4	24	0.30546	0.11773	0.23917
2004	 1	 5	24	0.23997	0.09254	0.18791
2004	 1	 6	24	1.73733	0.07276	1.14955
2004	 1	 7	24	2.50254	0.05721	1.63907
2004	 1	 8	24	3.01491	0.04499	1.96620
2004	 1	 9	24	3.84519	0.03538	2.49990
2004	 1	10	24	7.80718	0.03933	5.06426
2004	 1	11	24	13.34281	0.65354	8.86209
2004	 1	12	24	12.78266	2.30447	9.08269
2004	 1	13	24	16.05891	4.63093	12.02357
2004	 1	14	24	15.00406	4.76640	11.38903
2004	 1	15	24	13.25659	3.85724	9.93758
2004	 1	16	24	12.15848	2.90964	8.89261
2004	 1	17	24	11.32419	2.31239	8.14203
2004	 1	18	24	9.13587	1.77918	6.53814
2004	 1	19	24	10.51537	1.37720	7.28858
2004	 1	20	24	9.32615	1.07044	6.41097
2004	 1	21	24	7.13203	0.83447	4.90829
2004	 1	22	24	5.48676	0.65192	3.77953
2004	 1	23	24	4.36029	0.51012	3.00075
2004	 1	24	24	4.19496	0.39965	2.85480
2004	 1	25	24	3.57814	0.31338	2.42532
2004	 1	26	24	3.74642	0.24591	2.51035
2004	 1	27	24	2.94185	0.19307	1.97123
2004	 1	28	24	2.37202	0.15165	1.58798
2004	 1	29	24	2.58781	0.11915	1.71610
2004	 1	30	24	3.11588	0.09364	2.04869
2004	 1	31	24	4.95768	0.07361	3.23306
2004	 2	 1	24	11.81076	0.10822	7.67846
2004	 2	 2	24	24.97051	10.95104	20.02008
2004	 2	 3	24	22.88704	11.95932	19.02834
2004	 2	 4	24	22.04159	12.38462	18.63161
2004	 2	 5	24	19.16072	12.79010	16.91119
2004	 2	 6	24	16.39241	12.88798	15.15495
2004	 2	 7	24	14.09132	12.47572	13.52083
2004	 2	 8	24	15.93771	10.92619	14.16809
2004	 2	 9	24	13.91020	8.12145	11.86613
2004	 2	10	24	12.14027	6.14910	10.02472
2004	 2	11	24	10.01214	4.71428	8.14141
2004	 2	12	24	7.98529	3.64024	6.45101
2004	 2	13	24	8.45698	2.82364	6.46779
2004	 2	14	24	9.26007	2.19709	6.76605
2004	 2	15	24	8.94773	1.71879	6.39511
2004	 2	16	24	8.27420	1.34746	5.82830
2004	 2	17	24	8.91673	1.05762	6.14160
2004	 2	18	24	8.07567	0.83078	5.51742
2004	 2	19	24	6.42230	0.65281	4.38503
2004	 2	20	24	6.97772	0.51309	4.69499
2004	 2	21	24	6.80438	0.40337	4.54411
2004	 2	22	24	5.56563	0.31718	3.71234
2004	 2	23	24	4.35765	0.24942	2.90699
2004	 2	24	24	3.96442	0.19616	2.63381
2004	 2	25	24	3.35449	0.15427	2.22446
2004	 2	26	24	3.29990	0.12134	2.17752
2004	 2	27	24	2.70429	0.09544	1.78308
2004	 2	28	24	2.25572	0.07507	1.48570
2004	 2	29	24	1.77316	0.05904	1.16789
2004	 3	 1	24	1.97534	0.04644	1.29423
2004	 3	 2	24	4.90029	0.03653	3.18284
2004	 3	 3	24	5.14333	0.02874	3.33731
2004	 3	 4	24	4.23864	0.02260	2.74991
2004	 3	 5	24	4.94716	0.01778	3.20654
2004	 3	 6	24	5.44804	0.01399	3.52922
2004	 3	 7	24	6.19495	0.01100	4.01133
2004	 3	 8	24	5.31789	0.00865	3.44314
2004	 3	 9	24	5.79275	0.00681	3.74967
2004	 3	10	24	5.43572	0.00536	3.51820
2004	 3	11	24	6.42936	0.00421	4.16057
2004	 3	12	24	8.62304	0.00331	5.57932
2004	 3	13	24	9.33206	0.00261	6.03773
2004	 3	14	24	8.47698	0.00205	5.48439
2004	 3	15	24	7.83779	0.24769	5.15764
2004	 3	16	24	7.45102	1.80237	5.45642
2004	 3	17	24	7.42555	6.34661	7.04456
2004	 3	18	24	6.60829	10.68110	8.04645
2004	 3	19	24	5.56428	12.51390	8.01827
2004	 3	20	24	5.21779	13.54014	8.15650
2004	 3	21	24	4.09459	13.92959	7.56744
2004	 3	22	24	3.17421	13.48354	6.81454
2004	 3	23	24	4.96998	12.66881	7.68852
2004	 3	24	24	16.10516	12.52553	14.84115
2004	 3	25	24	13.02326	9.84249	11.90010
2004	 3	26	24	11.15912	7.73697	9.95072
2004	 3	27	24	9.38155	6.08304	8.21681
2004	 3	28	24	7.65223	4.78358	6.63928
2004	 3	29	24	6.08386	3.91642	5.31851
2004	 3	30	24	4.72088	3.77655	4.38742
2004	 3	31	24	3.57764	3.57501	3.57671
2004	 4	 1	24	2.67065	2.97867	2.77941
2004	 4	 2	24	2.01218	2.30311	2.11491
2004	 4	 3	24	1.53132	1.75016	1.60859
2004	 4	 4	24	1.17489	1.31927	1.22587
2004	 4	 5	24	0.90679	0.99760	0.93886
2004	 4	 6	24	0.70296	0.76629	0.72533
2004	 4	 7	24	0.54677	0.59351	0.56327
2004	 4	 8	24	0.42635	0.46080	0.43852
2004	 4	 9	24	0.33311	0.35940	0.34239
2004	 4	10	24	0.26064	0.28040	0.26762
2004	 4	11	24	0.20418	0.21858	0.20926
2004	 4	12	24	0.16009	0.17039	0.16373
2004	 4	13	24	0.12561	0.13306	0.12824
2004	 4	14	24	0.09861	0.10408	0.10054
2004	 4	15	24	0.07745	0.08152	0.07889
2004	 4	16	24	0.06085	0.06390	0.06193
2004	 4	17	24	0.04782	0.05013	0.04864
2004	 4	18	24	0.03759	0.03935	0.03821
2004	 4	19	24	0.02956	0.03091	0.03003
2004	 4	20	24	0.02324	0.02428	0.02361
2004	 4	21	24	0.01827	0.01908	0.01856
2004	 4	22	24	0.01437	0.01500	0.01459
2004	 4	23	24	0.01130	0.01179	0.01147
2004	 4	24	24	0.20341	0.00927	0.13486
2004	 4	25	24	0.17359	0.00729	0.11486
2004	 4	26	24	0.13312	0.00573	0.08814
2004	 4	27	24	0.10272	0.00451	0.06804
2004	 4	28	24	0.07962	0.00355	0.05276
2004	 4	29	24	0.06193	0.00279	0.04105
2004	 4	30	24	0.04829	0.00219	0.03202
2004	 5	 1	24	0.03773	0.00173	0.02502
2004	 5	 2	24	0.03833	0.00136	0.02527
2004	 5	 3	24	1.36850	0.00107	0.88564
2004	 5	 4	24	1.12102	0.00084	0.72547
2004	 5	 5	24	3.82547	0.00066	2.47489
2004	 5	 6	24	10.99186	0.15490	7.16521
2004	 5	 7	24	7.85938	0.27579	5.18153
2004	 5	 8	24	5.58440	0.25673	3.70314
2004	 5	 9	24	4.13136	0.19137	2.74011
2004	 5	10	24	16.29812	2.42192	11.39828
2004	 5	11	24	10.99225	2.32636	7.93223
2004	 5	12	24	7.72422	1.62598	5.57086
2004	 5	13	24	5.75384	1.15350	4.12941
2004	 5	14	24	4.31095	0.84492	3.08706
2004	 5	15	24	10.81360	3.05995	8.07570
2004	 5	16	24	8.11788	2.93425	6.28748
2004	 5	17	24	6.00204	2.04299	4.60405
2004	 5	18	24	4.48005	1.47337	3.41836
2004	 5	19	24	3.33406	1.08685	2.54054
2004	 5	20	24	2.47378	0.81513	1.88809
2004	 5	21	24	2.05548	0.61891	1.54821
2004	 5	22	24	3.23124	0.47730	2.25879
2004	 5	23	24	7.89927	2.78679	6.09400
2004	 5	24	24	5.98507	2.83516	4.87280
2004	 5	25	24	4.44964	2.03138	3.59573
2004	 5	26	24	3.32343	1.48898	2.67567
2004	 5	27	24	2.50247	1.11035	2.01089
2004	 5	28	24	1.88924	0.83876	1.51830
2004	 5	29	24	1.43952	0.63997	1.15719
2004	 5	30	24	1.10543	0.49191	0.88879
2004	 5	31	24	0.85373	0.38016	0.68651
2004	 6	 1	24	0.67236	0.29500	0.53911
2004	 6	 2	24	0.55005	0.22962	0.43690
2004	 6	 3	24	0.42832	0.17915	0.34033
2004	 6	 4	24	0.33453	0.14003	0.26585
2004	 6	 5	24	0.28555	0.10960	0.22342
2004	 6	 6	24	0.22312	0.08588	0.17466
2004	 6	 7	24	0.17461	0.06735	0.13673
2004	 6	 8	24	0.13680	0.05285	0.10716
2004	 6	 9	24	0.10728	0.04150	0.08405
2004	 6	10	24	0.08418	0.03260	0.06597
2004	 6	11	24	0.26425	0.02562	0.17999
2004	 6	12	24	0.24373	0.02314	0.16584
2004	 6	13	24	0.18780	0.01816	0.12790
2004	 6	14	24	0.14543	0.01426	0.09911
2004	 6	15	24	0.11304	0.01120	0.07708
2004	 6	16	24	0.08811	0.00880	0.06010
2004	 6	17	24	0.07030	0.01200	0.04971
2004	 6	18	24	0.05498	0.00989	0.03906
2004	 6	19	24	0.04305	0.00775	0.03059
2004	 6	20	24	0.03375	0.00608	0.02397
2004	 6	21	24	0.02647	0.00477	0.01881
2004	 6	22	24	0.02078	0.00374	0.01476
2004	 6	23	24	0.01632	0.00294	0.01159
2004	 6	24	24	0.01282	0.00231	0.00911
2004	 6	25	24	0.01007	0.00181	0.00716
2004	 6	26	24	0.00792	0.00143	0.00563
2004	 6	27	24	0.00622	0.00112	0.00442
2004	 6	28	24	0.00489	0.00088	0.00348
2004	 6	29	24	0.00385	0.00069	0.00273
2004	 6	30	24	0.00303	0.00055	0.00215
2004	 7	 1	24	0.05297	0.00043	0.03441
2004	 7	 2	24	0.04337	0.00034	0.02817
2004	 7	 3	24	0.03369	0.00027	0.02189
2004	 7	 4	24	0.02616	0.00021	0.01700
2004	 7	 5	24	0.02038	0.00016	0.01324
2004	 7	 6	24	0.01591	0.00013	0.01034
2004	 7	 7	24	0.01244	0.00010	0.00808
2004	 7	 8	24	4.09334	6.04554	4.78268
2004	 7	 9	24	2.99995	5.08510	3.73624
2004	 7	10	24	2.17370	4.09803	2.85320
2004	 7	11	24	1.59649	3.27054	2.18761
2004	 7	12	24	1.55098	2.99209	2.05985
2004	 7	13	24	1.16108	2.45124	1.61665
2004	 7	14	24	0.87889	1.83097	1.21508
2004	 7	15	24	0.67186	1.36535	0.91674
2004	 7	16	24	0.51720	1.02545	0.69667
2004	 7	17	24	0.40018	0.77921	0.53402
2004	 7	18	24	0.31083	0.59708	0.41191
2004	 7	19	24	0.24212	0.46037	0.31919
2004	 7	20	24	0.18990	0.35662	0.24877
2004	 7	21	24	0.14849	0.27721	0.19394
2004	 7	22	24	3.87324	3.86083	3.86886
2004	 7	23	24	3.03012	3.99982	3.37253
2004	 7	24	24	2.21842	2.82471	2.43251
2004	 7	25	24	1.64834	2.01745	1.77868
2004	 7	26	24	1.58132	1.50017	1.55266
2004	 7	27	24	1.19008	1.12236	1.16617
2004	 7	28	24	0.90611	0.85063	0.88652
2004	 7	29	24	0.69553	0.65063	0.67967
2004	 7	30	24	0.53703	0.50098	0.52430
2004	 7	31	24	0.41646	0.38768	0.40630
2004	 8	 1	24	0.32402	0.30112	0.31593
2004	 8	 2	24	0.25272	0.23456	0.24630
2004	 8	 3	24	0.19748	0.18311	0.19241
2004	 8	 4	24	0.15454	0.14318	0.15053
2004	 8	 5	24	0.12108	0.11211	0.11791
2004	 8	 6	24	0.09494	0.08787	0.09244
2004	 8	 7	24	0.07450	0.06892	0.07253
2004	 8	 8	24	0.05849	0.05409	0.05694
2004	 8	 9	24	0.04594	0.04248	0.04472
2004	 8	10	24	0.03610	0.03337	0.03513
2004	 8	11	24	0.02837	0.02622	0.02761
2004	 8	12	24	0.58082	0.13224	0.42242
2004	 8	13	24	0.54209	0.42333	0.50015
2004	 8	14	24	0.43360	0.38531	0.41655
2004	 8	15	24	0.33408	0.29298	0.31957
2004	 8	16	24	0.25868	0.22469	0.24668
2004	 8	17	24	0.74994	0.17338	0.54635
2004	 8	18	24	0.57256	0.13439	0.41783
2004	 8	19	24	0.43692	0.10452	0.31955
2004	 8	20	24	0.33598	0.08150	0.24612
2004	 8	21	24	0.25977	0.06368	0.19053
2004	 8	22	24	0.20167	0.04982	0.14805
2004	 8	23	24	0.15704	0.03903	0.11537
2004	 8	24	24	0.80417	0.10658	0.55784
2004	 8	25	24	0.65728	0.27252	0.52142
2004	 8	26	24	1.91799	2.03123	1.95797
2004	 8	27	24	1.48113	2.09832	1.69907
2004	 8	28	24	1.11542	1.50575	1.25325
2004	 8	29	24	0.84951	1.11089	0.94180
2004	 8	30	24	0.80755	1.02165	0.88315
2004	 8	31	24	0.61859	0.77641	0.67432
2004	 9	 1	24	0.47693	0.58975	0.51677
2004	 9	 2	24	0.36947	0.45191	0.39858
2004	 9	 3	24	0.28723	0.34848	0.30886
2004	 9	 4	24	0.22390	0.26998	0.24017
2004	 9	 5	24	0.17489	0.20990	0.18725
2004	 9	 6	24	0.13682	0.16362	0.14628
2004	 9	 7	24	0.10716	0.12780	0.11445
2004	 9	 8	24	0.08401	0.09998	0.08965
2004	 9	 9	24	0.06591	0.07831	0.07029
2004	 9	10	24	0.05174	0.06140	0.05515
2004	 9	11	24	0.04064	0.04817	0.04330
2004	 9	12	24	0.15750	0.03781	0.11524
2004	 9	13	24	0.12396	0.02970	0.09068
2004	 9	14	24	0.09589	0.02333	0.07027
2004	 9	15	24	0.07447	0.01833	0.05465
2004	 9	16	24	0.05801	0.01441	0.04262
2004	 9	17	24	0.04529	0.01133	0.03330
2004	 9	18	24	0.03542	0.00891	0.02606
2004	 9	19	24	0.02774	0.00700	0.02042
2004	 9	20	24	0.02174	0.00551	0.01601
2004	 9	21	24	0.43279	0.08513	0.31003
2004	 9	22	24	2.80203	2.09415	2.55207
2004	 9	23	24	4.65882	4.87063	4.73361
2004	 9	24	24	5.57404	5.81846	5.66035
2004	 9	25	24	6.02794	5.56348	5.86393
2004	 9	26	24	4.29988	3.93177	4.16990
2004	 9	27	24	3.14212	2.80190	3.02198
2004	 9	28	24	2.34764	2.02226	2.23275
2004	 9	29	24	4.23132	3.08353	3.82603
2004	 9	30	24	3.21064	2.58165	2.98854
2004	10	 1	24	2.39426	1.86522	2.20745
2004	10	 2	24	1.90071	1.53726	1.77237
2004	10	 3	24	1.45344	1.14964	1.34617
2004	10	 4	24	1.11642	0.87096	1.02975
2004	10	 5	24	0.85933	0.66595	0.79104
2004	10	 6	24	0.88797	0.51259	0.75542
2004	10	 7	24	0.68712	0.39661	0.58454
2004	10	 8	24	0.53172	0.30800	0.45272
2004	10	 9	24	0.41483	0.23991	0.35306
2004	10	10	24	0.32382	0.18727	0.27560
2004	10	11	24	0.25277	0.14642	0.21522
2004	10	12	24	0.19748	0.11464	0.16822
2004	10	13	24	0.15451	0.08984	0.13168
2004	10	14	24	0.12104	0.07047	0.10318
2004	10	15	24	0.12230	0.05531	0.09864
2004	10	16	24	0.11720	0.04343	0.09115
2004	10	17	24	0.09190	0.03411	0.07150
2004	10	18	24	0.07212	0.02681	0.05612
2004	10	19	24	0.05658	0.02107	0.04404
2004	10	20	24	0.04436	0.01656	0.03455
2004	10	21	24	0.03483	0.01302	0.02713
2004	10	22	24	0.02734	0.01024	0.02130
2004	10	23	24	0.02148	0.00805	0.01674
2004	10	24	24	0.01687	0.00633	0.01315
2004	10	25	24	0.01326	0.00498	0.01034
2004	10	26	24	0.26792	0.00392	0.17470
2004	10	27	24	0.23449	0.00634	0.15393
2004	10	28	24	0.18275	0.00497	0.11998
2004	10	29	24	0.15871	0.00985	0.10615
2004	10	30	24	0.13722	0.07313	0.11459
2004	10	31	24	0.10721	0.07604	0.09620
2004	11	 1	24	0.08389	0.05845	0.07491
2004	11	 2	24	0.06572	0.04518	0.05847
2004	11	 3	24	0.05153	0.03506	0.04572
2004	11	 4	24	0.04044	0.02729	0.03580
2004	11	 5	24	0.03175	0.02130	0.02806
2004	11	 6	24	0.85448	0.65614	0.78444
2004	11	 7	24	3.00266	1.70512	2.54448
2004	11	 8	24	5.32785	1.79426	4.08010
2004	11	 9	24	11.86788	1.78841	8.30871
2004	11	10	24	8.05687	1.40007	5.70628
2004	11	11	24	6.50827	2.55719	5.11310
2004	11	12	24	5.78176	4.29058	5.25521
2004	11	13	24	5.20685	4.14384	4.83149
2004	11	14	24	3.85997	3.15120	3.60970
2004	11	15	24	2.94834	2.48311	2.78406
2004	11	16	24	5.72891	5.35374	5.59643
2004	11	17	24	5.44748	9.07246	6.72750
2004	11	18	24	16.54586	13.21642	15.37020
2004	11	19	24	12.47453	9.68188	11.48841
2004	11	20	24	9.33334	6.78354	8.43298
2004	11	21	24	7.36227	4.86193	6.47938
2004	11	22	24	15.48905	8.71034	13.09541
2004	11	23	24	15.13608	9.96117	13.30877
2004	11	24	24	10.73932	7.17240	9.47980
2004	11	25	24	7.95084	5.21584	6.98508
2004	11	26	24	6.18204	4.00542	5.41345
2004	11	27	24	5.68500	3.91779	5.06098
2004	11	28	24	4.51360	3.67699	4.21819
2004	11	29	24	3.57121	3.04592	3.38572
2004	11	30	24	2.78284	2.42369	2.65602
2004	12	 1	24	2.57339	2.37326	2.50272
2004	12	 2	24	2.02117	2.00533	2.01558
2004	12	 3	24	1.57704	1.56475	1.57270
2004	12	 4	24	1.24354	1.23919	1.24201
2004	12	 5	24	0.99180	1.02439	1.00331
2004	12	 6	24	0.78331	0.87079	0.81420
2004	12	 7	24	0.61624	0.69961	0.64568
2004	12	 8	24	0.48538	0.61867	0.53245
2004	12	 9	24	0.38091	0.56557	0.44611
2004	12	10	24	0.29862	0.90670	0.51334
2004	12	11	24	0.23322	0.88875	0.46469
2004	12	12	24	0.18203	0.69694	0.36385
2004	12	13	24	0.14230	0.54703	0.28521
2004	12	14	24	0.11138	0.42950	0.22371
2004	12	15	24	0.08728	0.33731	0.17557
2004	12	16	24	0.06859	0.26500	0.13794
2004	12	17	24	0.23612	0.20823	0.22627
2004	12	18	24	2.51185	0.16366	1.68268
2004	12	19	24	2.20149	0.12865	1.46955
2004	12	20	24	2.19544	0.10114	1.45592
2004	12	21	24	2.11582	0.07953	1.39679
2004	12	22	24	1.86498	0.06255	1.22852
2004	12	23	24	2.55608	0.04922	1.67088
2004	12	24	24	2.61034	0.29393	1.79239
2004	12	25	24	3.39032	1.54265	2.73789
2004	12	26	24	8.34731	2.15540	6.16088
2004	12	27	24	7.17891	1.72152	5.25185
2004	12	28	24	5.75065	1.35350	4.19797
2004	12	29	24	4.96215	1.06431	3.58578
2004	12	30	24	4.39100	0.90536	3.16018
2004	12	31	24	5.17413	1.70211	3.94812
2005	 1	 1	24	4.65566	2.96085	4.05720
2005	 1	 2	24	3.86043	3.57872	3.76096
2005	 1	 3	24	7.22867	3.43018	5.88738
2005	 1	 4	24	6.50280	3.78444	5.54292
2005	 1	 5	24	7.05924	5.18038	6.39579
2005	 1	 6	24	5.98793	5.76894	5.91060
2005	 1	 7	24	4.99132	7.48097	5.87044
2005	 1	 8	24	4.09808	10.05787	6.20255
2005	 1	 9	24	3.20551	10.32309	5.71881
2005	 1	10	24	2.48119	10.29006	5.23859
2005	 1	11	24	1.91750	9.29034	4.52093
2005	 1	12	24	1.48509	8.21696	3.86219
2005	 1	13	24	1.50494	7.77539	3.71910
2005	 1	14	24	1.31542	6.17154	3.03017
2005	 1	15	24	1.05004	4.85351	2.39308
2005	 1	16	24	0.82531	3.82062	1.88299
2005	 1	17	24	0.64869	3.00504	1.48074
2005	 1	18	24	0.50890	2.36359	1.16381
2005	 1	19	24	0.71701	1.85911	1.12030
2005	 1	20	24	16.11498	8.56219	13.44801
2005	 1	21	24	17.64467	9.79342	14.87231
2005	 1	22	24	15.59742	8.72380	13.17027
2005	 1	23	24	13.23641	6.87684	10.99078
2005	 1	24	24	10.34240	5.40920	8.60043
2005	 1	25	24	8.08507	4.25486	6.73258
2005	 1	26	24	6.32979	3.34688	5.27649
2005	 1	27	24	4.96139	2.63269	4.13910
2005	 1	28	24	3.89212	2.07091	3.24903
2005	 1	29	24	3.05521	1.62901	2.55160
2005	 1	30	24	2.39937	1.28141	2.00461
2005	 1	31	24	5.68043	1.00798	4.03054
2005	 2	 1	24	5.37531	0.79290	3.75721
2005	 2	 2	24	7.38944	0.62372	5.00039
2005	 2	 3	24	7.40072	0.49063	4.96069
2005	 2	 4	24	6.73391	0.38594	4.49237
2005	 2	 5	24	6.89264	0.30359	4.56597
2005	 2	 6	24	6.86155	0.23881	4.52299
2005	 2	 7	24	6.67566	0.18786	4.38474
2005	 2	 8	24	6.38117	0.14777	4.18009
2005	 2	 9	24	6.96499	0.11624	4.54663
2005	 2	10	24	10.92551	0.09144	7.09988
2005	 2	11	24	14.79469	0.07249	9.59612
2005	 2	12	24	21.96245	3.45391	15.42688
2005	 2	13	24	21.48138	5.82608	15.95332
2005	 2	14	24	16.94308	5.00705	12.72834
2005	 2	15	24	13.30522	3.94680	10.00066
2005	 2	16	24	10.49950	3.10466	7.88830
2005	 2	17	24	8.23267	2.44222	6.18799
2005	 2	18	24	6.46149	1.92111	4.85823
2005	 2	19	24	5.07452	1.51120	3.81627
2005	 2	20	24	4.32708	1.18875	3.21890
2005	 2	21	24	4.10346	0.93511	2.98468
2005	 2	22	24	3.22629	0.73558	2.34679
2005	 2	23	24	2.58274	0.57863	1.87507
2005	 2	24	24	2.10139	0.45517	1.52009
2005	 2	25	24	1.71464	0.35805	1.23561
2005	 2	26	24	1.67379	0.28165	1.18221
2005	 2	27	24	1.31652	0.22155	0.92987
2005	 2	28	24	1.03553	0.17428	0.73141
2005	 3	 1	24	0.89461	0.13709	0.62712
2005	 3	 2	24	1.50308	0.10784	1.01041
2005	 3	 3	24	2.18374	0.08483	1.44259
2005	 3	 4	24	2.53524	0.06673	1.66358
2005	 3	 5	24	2.95892	0.05249	1.93263
2005	 3	 6	24	2.32756	0.04129	1.52025
2005	 3	 7	24	2.17679	0.03248	1.41961
2005	 3	 8	24	2.45717	0.02555	1.59854
2005	 3	 9	24	3.29813	0.02010	2.14062
2005	 3	10	24	4.12262	0.01581	2.67246
2005	 3	11	24	6.69517	0.01244	4.33542
2005	 3	12	24	8.40077	0.00978	5.43782
2005	 3	13	24	7.79901	0.00770	5.04781
2005	 3	14	24	8.20581	0.00605	5.31039
2005	 3	15	24	10.63154	0.00476	6.87911
2005	 3	16	24	16.10538	0.42645	10.56898
2005	 3	17	24	22.32395	7.97456	17.25702
2005	 3	18	24	23.04728	13.01671	19.50538
2005	 3	19	24	20.81992	13.20752	18.13190
2005	 3	20	24	18.82704	12.53347	16.60471
2005	 3	21	24	17.13995	12.31532	15.43632
2005	 3	22	24	15.87498	12.36331	14.63497
2005	 3	23	24	15.10131	13.44985	14.51816
2005	 3	24	24	14.67110	13.90506	14.40060
2005	 3	25	24	13.64797	14.26973	13.86752
2005	 3	26	24	12.28596	14.42734	13.04211
2005	 3	27	24	10.98692	14.57048	12.25231
2005	 3	28	24	9.71257	14.54310	11.41828
2005	 3	29	24	8.49993	14.41426	10.58835
2005	 3	30	24	7.29042	13.79628	9.58771
2005	 3	31	24	6.08591	12.32518	8.28906
2005	 4	 1	24	5.00001	10.98968	7.11503
2005	 4	 2	24	4.02345	11.11891	6.52894
2005	 4	 3	24	3.11975	12.19770	6.32527
2005	 4	 4	24	2.32686	12.72398	5.99820
2005	 4	 5	24	1.71895	11.28841	5.09803
2005	 4	 6	24	1.27878	9.41323	4.15114
2005	 4	 7	24	0.96395	7.45612	3.25641
2005	 4	 8	24	0.73292	5.82414	2.53068
2005	 4	 9	24	0.59913	4.56838	2.00072
2005	 4	10	24	0.46495	3.59298	1.56949
2005	 4	11	24	0.36158	2.82300	1.23074
2005	 4	12	24	0.28119	2.19976	0.95865
2005	 4	13	24	0.21844	1.67907	0.73421
2005	 4	14	24	0.17010	1.26338	0.55615
2005	 4	15	24	0.13277	0.95551	0.42329
2005	 4	16	24	0.10382	0.72976	0.32484
2005	 4	17	24	0.08129	0.56125	0.25077
2005	 4	18	24	0.06371	0.43398	0.19446
2005	 4	19	24	0.04998	0.33689	0.15129
2005	 4	20	24	0.03923	0.26231	0.11800
2005	 4	21	24	0.03081	0.20471	0.09221
2005	 4	22	24	0.02420	0.16004	0.07217
2005	 4	23	24	0.01902	0.12529	0.05654
2005	 4	24	24	0.01495	0.09818	0.04434
2005	 4	25	24	0.01175	0.07701	0.03479
2005	 4	26	24	0.00924	0.06044	0.02732
2005	 4	27	24	0.00726	0.04745	0.02146
2005	 4	28	24	0.00571	0.03728	0.01686
2005	 4	29	24	0.00449	0.02929	0.01325
2005	 4	30	24	0.00353	0.02302	0.01041
2005	 5	 1	24	0.00278	0.01810	0.00819
2005	 5	 2	24	0.00219	0.01423	0.00644
2005	 5	 3	24	0.00301	0.01119	0.00590
2005	 5	 4	24	0.27830	0.00880	0.18313
2005	 5	 5	24	0.23408	0.00692	0.15387
2005	 5	 6	24	0.42898	0.00544	0.27942
2005	 5	 7	24	1.03408	0.00428	0.67045
2005	 5	 8	24	0.80316	0.00337	0.52074
2005	 5	 9	24	0.61027	0.00265	0.39571
2005	 5	10	24	0.46632	0.00208	0.30239
2005	 5	11	24	0.35763	0.00164	0.23193
2005	 5	12	24	0.27671	0.00129	0.17946
2005	 5	13	24	0.21438	0.00101	0.13904
2005	 5	14	24	0.16657	0.00080	0.10803
2005	 5	15	24	0.12978	0.00063	0.08417
2005	 5	16	24	1.94573	0.00103	1.25904
2005	 5	17	24	1.56822	0.00510	1.01626
2005	 5	18	24	1.17260	0.00499	0.76030
2005	 5	19	24	0.88905	0.00384	0.57648
2005	 5	20	24	0.67783	0.00297	0.43953
2005	 5	21	24	0.51999	0.00231	0.33719
2005	 5	22	24	0.40416	0.00425	0.26294
2005	 5	23	24	2.85038	0.21088	1.91834
2005	 5	24	24	2.20408	0.24590	1.51263
2005	 5	25	24	1.62112	0.17860	1.11175
2005	 5	26	24	1.21291	0.13266	0.83146
2005	 5	27	24	0.91945	0.10007	0.63012
2005	 5	28	24	0.70344	0.07630	0.48199
2005	 5	29	24	0.54178	0.05861	0.37117
2005	 5	30	24	0.41933	0.04528	0.28725
2005	 5	31	24	0.32576	0.03513	0.22314
2005	 6	 1	24	0.25379	0.02734	0.17382
2005	 6	 2	24	0.19814	0.02132	0.13570
2005	 6	 3	24	0.15495	0.01667	0.10612
2005	 6	 4	24	0.12133	0.01304	0.08309
2005	 6	 5	24	0.09510	0.01022	0.06513
2005	 6	 6	24	0.08909	0.00801	0.06046
2005	 6	 7	24	0.10405	0.00629	0.06953
2005	 6	 8	24	0.08117	0.00494	0.05425
2005	 6	 9	24	0.06344	0.00388	0.04241
2005	 6	10	24	0.04966	0.00305	0.03320
2005	 6	11	24	0.03892	0.00239	0.02602
2005	 6	12	24	0.03052	0.00188	0.02041
2005	 6	13	24	0.02395	0.00148	0.01602
2005	 6	14	24	3.97319	3.14237	3.67982
2005	 6	15	24	2.96439	2.64147	2.85036
2005	 6	16	24	2.15138	2.11140	2.13726
2005	 6	17	24	1.62308	1.65863	1.63563
2005	 6	18	24	1.21903	1.25725	1.23252
2005	 6	19	24	0.92659	0.92154	0.92481
2005	 6	20	24	0.71030	0.68343	0.70082
2005	 6	21	24	0.54787	0.51471	0.53616
2005	 6	22	24	0.42452	0.39194	0.41301
2005	 6	23	24	0.33007	0.30082	0.31974
2005	 6	24	24	0.25731	0.23223	0.24845
2005	 6	25	24	0.75405	0.28951	0.59002
2005	 6	26	24	0.61725	0.30026	0.50532
2005	 6	27	24	0.47412	0.23055	0.38811
2005	 6	28	24	0.36628	0.17806	0.29982
2005	 6	29	24	0.28417	0.13812	0.23260
2005	 6	30	24	0.23846	0.10748	0.19221
2005	 7	 1	24	1.68869	0.27584	1.18980
2005	 7	 2	24	1.33456	0.35308	0.98799
2005	 7	 3	24	1.00635	0.27053	0.74652
2005	 7	 4	24	0.78159	0.32524	0.62045
2005	 7	 5	24	4.14763	2.33762	3.50850
2005	 7	 6	24	3.09561	2.17593	2.77086
2005	 7	 7	24	2.46310	1.55050	2.14085
2005	 7	 8	24	4.98221	3.13566	4.33017
2005	 7	 9	24	3.60852	2.72332	3.29595
2005	 7	10	24	2.60161	1.88741	2.34942
2005	 7	11	24	1.92429	1.36327	1.72619
2005	 7	12	24	1.44716	1.00936	1.29257
2005	 7	13	24	1.10086	0.75955	0.98034
2005	 7	14	24	0.84431	0.57803	0.75029
2005	 7	15	24	0.65144	0.44345	0.57800
2005	 7	16	24	0.50488	0.34222	0.44744
2005	 7	17	24	0.39261	0.26527	0.34764
2005	 7	18	24	0.30610	0.20631	0.27086
2005	 7	19	24	1.49111	0.21406	1.04017
2005	 7	20	24	1.85051	0.73034	1.45497
2005	 7	21	24	3.10925	2.77116	2.98987
2005	 7	22	24	2.37340	2.71060	2.49247
2005	 7	23	24	1.75824	1.90619	1.81048
2005	 7	24	24	1.32406	1.38853	1.34683
2005	 7	25	24	1.00832	1.03365	1.01726
2005	 7	26	24	0.77400	0.78071	0.77637
2005	 7	27	24	0.59759	0.59569	0.59692
2005	 7	28	24	0.46339	0.45786	0.46144
2005	 7	29	24	1.30209	0.56486	1.04177
2005	 7	30	24	1.59513	1.29757	1.49006
2005	 7	31	24	1.19413	0.97391	1.11637
2005	 8	 1	24	0.90412	0.72994	0.84262
2005	 8	 2	24	0.80924	0.55414	0.71916
2005	 8	 3	24	0.63255	0.42445	0.55907
2005	 8	 4	24	0.48610	0.32721	0.42999
2005	 8	 5	24	2.29897	0.56061	1.68514
2005	 8	 6	24	1.89269	0.83284	1.51844
2005	 8	 7	24	1.41580	0.62913	1.13802
2005	 8	 8	24	1.07335	0.48018	0.86390
2005	 8	 9	24	0.82133	0.36921	0.66168
2005	 8	10	24	0.63270	0.28543	0.51007
2005	 8	11	24	0.48979	0.22155	0.39507
2005	 8	12	24	1.24190	0.18861	0.86998
2005	 8	13	24	0.96919	0.16496	0.68521
2005	 8	14	24	0.73958	0.12841	0.52377
2005	 8	15	24	0.61540	0.31365	0.50885
2005	 8	16	24	0.47466	0.36248	0.43505
2005	 8	17	24	0.36782	0.27751	0.33593
2005	 8	18	24	0.28602	0.21388	0.26055
2005	 8	19	24	0.22299	0.16564	0.20274
2005	 8	20	24	1.53909	1.27046	1.44424
2005	 8	21	24	1.25719	1.51247	1.34733
2005	 8	22	24	5.70278	6.16662	5.86657
2005	 8	23	24	4.62912	5.04067	4.77444
2005	 8	24	24	3.31134	3.42886	3.35283
2005	 8	25	24	2.45175	2.38671	2.42878
2005	 8	26	24	1.82769	1.72752	1.79232
2005	 8	27	24	1.38193	1.28052	1.34612
2005	 8	28	24	1.05530	0.96427	1.02316
2005	 8	29	24	0.81166	0.73415	0.78429
2005	 8	30	24	0.62756	0.56338	0.60490
2005	 8	31	24	0.48715	0.43486	0.46868
2005	 9	 1	24	0.37928	0.33712	0.36440
2005	 9	 2	24	0.29598	0.26222	0.28406
2005	 9	 3	24	0.23138	0.20447	0.22188
2005	 9	 4	24	0.18113	0.15975	0.17358
2005	 9	 5	24	0.14194	0.12499	0.13596
2005	 9	 6	24	0.11132	0.09791	0.10659
2005	 9	 7	24	0.08737	0.07677	0.08362
2005	 9	 8	24	0.06860	0.06024	0.06565
2005	 9	 9	24	0.05388	0.04729	0.05156
2005	 9	10	24	4.98052	1.37097	3.70594
2005	 9	11	24	3.74315	2.19918	3.19795
2005	 9	12	24	9.87665	6.81229	8.79459
2005	 9	13	24	6.52251	5.29871	6.09037
2005	 9	14	24	4.51985	3.52612	4.16896
2005	 9	15	24	3.99737	3.32725	3.76075
2005	 9	16	24	5.58378	4.13293	5.07147
2005	 9	17	24	4.59809	3.09876	4.06866
2005	 9	18	24	3.34441	2.19522	2.93862
2005	 9	19	24	2.47481	1.60534	2.16779
2005	 9	20	24	1.85725	1.19779	1.62438
2005	 9	21	24	1.40944	0.90602	1.23167
2005	 9	22	24	1.07901	0.69200	0.94235
2005	 9	23	24	0.83143	0.53228	0.72580
2005	 9	24	24	0.64375	0.41157	0.56176
2005	 9	25	24	0.50023	0.31949	0.43641
2005	 9	26	24	0.38979	0.24875	0.33998
2005	 9	27	24	0.30437	0.19411	0.26543
2005	 9	28	24	0.23805	0.15175	0.20758
2005	 9	29	24	0.69017	0.11879	0.48841
2005	 9	30	24	0.57163	0.09387	0.40293
2005	10	 1	24	1.64111	0.11121	1.10089
2005	10	 2	24	2.48631	0.41446	1.75471
2005	10	 3	24	1.89408	0.37461	1.35754
2005	10	 4	24	1.43919	0.28541	1.03178
2005	10	 5	24	1.10308	0.21917	0.79096
2005	10	 6	24	0.84918	0.16927	0.60909
2005	10	 7	24	0.65553	0.13128	0.47041
2005	10	 8	24	0.50808	0.10215	0.36474
2005	10	 9	24	0.39513	0.07968	0.28374
2005	10	10	24	0.30808	0.06227	0.22128
2005	10	11	24	0.24068	0.04873	0.17290
2005	10	12	24	0.18832	0.03818	0.13530
2005	10	13	24	0.14751	0.02994	0.10600
2005	10	14	24	0.11566	0.02349	0.08311
2005	10	15	24	0.09075	0.01845	0.06522
2005	10	16	24	0.07124	0.01449	0.05120
2005	10	17	24	0.05595	0.01138	0.04021
2005	10	18	24	0.04396	0.00895	0.03160
2005	10	19	24	0.03455	0.00703	0.02483
2005	10	20	24	0.02715	0.00553	0.01952
2005	10	21	24	0.02135	0.00435	0.01534
2005	10	22	24	0.01678	0.00342	0.01206
2005	10	23	24	0.01320	0.00269	0.00949
2005	10	24	24	0.01038	0.00211	0.00746
2005	10	25	24	0.00816	0.00166	0.00587
2005	10	26	24	0.00642	0.00131	0.00461
2005	10	27	24	0.00505	0.00103	0.00363
2005	10	28	24	0.00397	0.00081	0.00285
2005	10	29	24	0.00312	0.00064	0.00225
2005	10	30	24	0.00246	0.00050	0.00177
2005	10	31	24	0.00193	0.00039	0.00139
2005	11	 1	24	0.00152	0.00031	0.00109
2005	11	 2	24	0.00120	0.00024	0.00086
2005	11	 3	24	0.00094	0.00019	0.00068
2005	11	 4	24	0.00074	0.00015	0.00053
2005	11	 5	24	0.00058	0.00012	0.00042
2005	11	 6	24	0.00046	0.00009	0.00033
2005	11	 7	24	0.00036	0.00007	0.00026
2005	11	 8	24	0.00028	0.00006	0.00020
2005	11	 9	24	0.00022	0.00005	0.00016
2005	11	10	24	0.00018	0.00004	0.00013
2005	11	11	24	0.00014	0.00003	0.00010
2005	11	12	24	0.00011	0.00002	0.00008
2005	11	13	24	0.00009	0.00002	0.00006
2005	11	14	24	0.00007	0.00001	0.00005
2005	11	15	24	0.00005	0.00001	0.00004
2005	11	16	24	0.00293	0.00001	0.00190
2005	11	17	24	0.05956	0.00001	0.03853
2005	11	18	24	0.05841	0.00001	0.03779
2005	11	19	24	0.04585	0.00000	0.02966
2005	11	20	24	1.38607	0.00000	0.89663
2005	11	21	24	1.90773	0.00000	1.23409
2005	11	22	24	1.59046	0.00000	1.02885
2005	11	23	24	1.19617	0.00000	0.77379
2005	11	24	24	0.91002	0.00000	0.58868
2005	11	25	24	0.69851	0.00000	0.45186
2005	11	26	24	1.20189	0.00000	0.77749
2005	11	27	24	0.93400	0.00000	0.60419
2005	11	28	24	0.77712	0.00000	0.50271
2005	11	29	24	0.80112	0.00000	0.51823
2005	11	30	24	0.72304	0.00000	0.46773
2005	12	 1	24	0.75528	0.00000	0.48858
2005	12	 2	24	0.67550	0.00000	0.43697
2005	12	 3	24	1.34370	0.00000	0.86923
2005	12	 4	24	2.39706	0.00000	1.55063
2005	12	 5	24	2.22703	0.00000	1.44064
2005	12	 6	24	2.02470	0.00000	1.30975
2005	12	 7	24	1.75270	0.00000	1.13380
2005	12	 8	24	1.74314	0.00000	1.12762
2005	12	 9	24	1.38419	0.00000	0.89542
2005	12	10	24	1.12065	0.00000	0.72494
2005	12	11	24	0.90642	0.00000	0.58635
2005	12	12	24	1.00682	0.00000	0.65130
2005	12	13	24	0.89157	0.00000	0.57675
2005	12	14	24	1.06424	0.00000	0.68845
2005	12	15	24	6.21066	0.00009	4.01764
2005	12	16	24	10.42514	0.00191	6.74458
2005	12	17	24	7.18008	0.00220	4.64550
2005	12	18	24	5.20095	0.00187	3.36510
2005	12	19	24	4.88578	0.00146	3.16107
2005	12	20	24	8.10744	0.00115	5.24502
2005	12	21	24	6.57711	0.00156	4.25521
2005	12	22	24	7.29503	0.00605	4.72121
2005	12	23	24	8.42975	0.04298	5.46829
2005	12	24	24	10.23972	0.20716	6.69712
2005	12	25	24	8.27277	0.23770	5.43550
2005	12	26	24	6.84267	0.19280	4.49453
2005	12	27	24	5.29377	0.15057	3.47765
2005	12	28	24	4.05960	0.11781	2.66771
2005	12	29	24	3.13629	0.09229	2.06142
2005	12	30	24	2.84096	0.07237	1.86334
2005	12	31	24	2.66573	0.05679	1.74448
2006	 1	 1	24	3.32787	0.04459	2.16851
2006	 1	 2	24	3.36400	0.03561	2.18871
2006	 1	 3	24	3.20493	0.02798	2.08311
2006	 1	 4	24	2.50057	0.02199	1.62536
2006	 1	 5	24	1.97370	0.01729	1.28287
2006	 1	 6	24	1.72573	0.01391	1.12127
2006	 1	 7	24	1.53247	0.01094	0.99520
2006	 1	 8	24	1.25278	0.00860	0.81345
2006	 1	 9	24	1.94351	0.00813	1.26011
2006	 1	10	24	2.62377	0.04979	1.71487
2006	 1	11	24	3.70706	0.18975	2.46506
2006	 1	12	24	3.38723	0.26633	2.28520
2006	 1	13	24	2.96658	0.21270	1.99415
2006	 1	14	24	2.89913	0.26634	1.96946
2006	 1	15	24	2.45055	0.20945	1.65919
2006	 1	16	24	2.08527	0.16472	1.40710
2006	 1	17	24	2.52381	0.12955	1.67837
2006	 1	18	24	2.36778	0.10189	1.56767
2006	 1	19	24	1.85853	0.08014	1.23056
2006	 1	20	24	5.91708	0.26055	3.91969
2006	 1	21	24	10.69295	0.67990	7.15723
2006	 1	22	24	8.27632	0.59863	5.56524
2006	 1	23	24	6.38494	0.46613	4.29495
2006	 1	24	24	5.63508	0.36391	3.77377
2006	 1	25	24	4.45889	0.28463	2.98492
2006	 1	26	24	3.47765	0.22293	2.32837
2006	 1	27	24	3.06808	0.17478	2.04642
2006	 1	28	24	3.20673	0.30405	2.18176
2006	 1	29	24	3.03672	0.52870	2.15111
2006	 1	30	24	2.80092	0.65876	2.04450
2006	 1	31	24	2.56205	0.79711	1.93883
2006	 2	 1	24	3.04422	1.69753	2.56869
2006	 2	 2	24	2.92505	2.10577	2.63575
2006	 2	 3	24	2.24602	1.74360	2.06861
2006	 2	 4	24	1.73210	1.34125	1.59408
2006	 2	 5	24	1.34275	1.03475	1.23399
2006	 2	 6	24	1.67685	0.80133	1.36769
2006	 2	 7	24	11.14553	3.47195	8.43591
2006	 2	 8	24	12.27725	3.61740	9.21936
2006	 2	 9	24	12.98429	3.05778	9.47913
2006	 2	10	24	13.29814	2.34754	9.43137
2006	 2	11	24	11.09578	1.79570	7.81182
2006	 2	12	24	9.54844	1.37999	6.66407
2006	 2	13	24	8.93122	1.09150	6.16293
2006	 2	14	24	9.05189	1.03635	6.22151
2006	 2	15	24	9.13491	0.80916	6.19499
2006	 2	16	24	9.97744	0.91276	6.77661
2006	 2	17	24	10.11823	1.43361	7.05159
2006	 2	18	24	9.04289	1.67767	6.44215
2006	 2	19	24	8.04619	2.23122	5.99286
2006	 2	20	24	6.79558	2.24442	5.18852
2006	 2	21	24	5.53556	1.86880	4.24079
2006	 2	22	24	4.34565	1.44808	3.32249
2006	 2	23	24	3.42566	1.12651	2.61381
2006	 2	24	24	3.02927	0.95160	2.29562
2006	 2	25	24	2.41387	0.74421	1.82429
2006	 2	26	24	1.89791	0.58281	1.43353
2006	 2	27	24	1.81097	0.45688	1.33283
2006	 2	28	24	2.95109	0.35845	2.03560
2006	 3	 1	24	4.06905	0.28138	2.73159
2006	 3	 2	24	4.75679	0.22099	3.15515
2006	 3	 3	24	5.25520	0.17362	3.46084
2006	 3	 4	24	4.36852	0.13644	2.87412
2006	 3	 5	24	4.53503	0.10725	2.97153
2006	 3	 6	24	4.88904	0.08468	3.19257
2006	 3	 7	24	5.31546	0.06669	3.46206
2006	 3	 8	24	5.73602	0.05244	3.72908
2006	 3	 9	24	9.23008	0.05163	5.98907
2006	 3	10	24	10.77252	0.26465	7.06207
2006	 3	11	24	12.00241	0.33463	7.88239
2006	 3	12	24	9.47886	0.26322	6.22472
2006	 3	13	24	7.46443	0.20706	4.90177
2006	 3	14	24	6.09940	0.16288	4.00315
2006	 3	15	24	4.89502	0.12812	3.21178
2006	 3	16	24	4.40124	0.10078	2.88270
2006	 3	17	24	3.82354	0.07928	2.50140
2006	 3	18	24	3.53110	0.06236	2.30625
2006	 3	19	24	5.56395	0.23164	3.68106
2006	 3	20	24	7.25607	0.84792	4.99328
2006	 3	21	24	7.88142	1.43247	5.60423
2006	 3	22	24	6.94964	1.80581	5.13329
2006	 3	23	24	5.96550	1.99277	4.56268
2006	 3	24	24	5.25920	2.34911	4.23162
2006	 3	25	24	5.27566	4.02464	4.83391
2006	 3	26	24	8.46601	10.48032	9.17728
2006	 3	27	24	8.10960	12.51099	9.66378
2006	 3	28	24	7.28793	12.75304	9.21772
2006	 3	29	24	6.57031	12.87825	8.79772
2006	 3	30	24	9.91572	13.59089	11.21346
2006	 3	31	24	8.90655	13.66272	10.58600
2006	 4	 1	24	7.81937	13.83111	9.94218
2006	 4	 2	24	6.80278	13.97732	9.33619
2006	 4	 3	24	6.07869	14.04781	8.89268
2006	 4	 4	24	5.06321	13.35805	7.99221
2006	 4	 5	24	4.13654	11.50969	6.74008
2006	 4	 6	24	3.50979	10.02218	5.80938
2006	 4	 7	24	3.13879	9.61915	5.42708
2006	 4	 8	24	2.98266	11.10681	5.85139
2006	 4	 9	24	2.66922	12.00070	5.96427
2006	 4	10	24	2.94870	10.97821	5.78401
2006	 4	11	24	2.41746	8.79929	4.67096
2006	 4	12	24	1.96347	6.93226	3.71800
2006	 4	13	24	1.86418	6.96999	3.66710
2006	 4	14	24	2.06669	9.84306	4.81261
2006	 4	15	24	1.77971	11.95586	5.37302
2006	 4	16	24	2.07338	13.69196	6.17603
2006	 4	17	24	1.74834	14.10844	6.11283
2006	 4	18	24	1.37374	13.74364	5.74169
2006	 4	19	24	1.06890	12.66819	5.16474
2006	 4	20	24	0.82007	11.34052	4.53495
2006	 4	21	24	0.61797	9.64725	3.80631
2006	 4	22	24	0.46343	7.69147	3.01573
2006	 4	23	24	0.35243	5.92158	2.31895
2006	 4	24	24	0.27040	4.56643	1.78738
2006	 4	25	24	0.20877	3.47483	1.36205
2006	 4	26	24	0.16194	2.56703	1.01120
2006	 4	27	24	0.12604	1.92944	0.76284
2006	 4	28	24	0.10063	1.45424	0.57860
2006	 4	29	24	0.96417	1.11830	1.01859
