YY	MM	DD	HH	"1"	"2"	tot_average
Niederschlagsüberschuss in versiegelten Bereichen in mm je Zone  soil_model
--	--	--	--	0.6468891	0.3531109	1.0000
2000	 8	 1	24	0.00000	0.00000	0.00000
2000	 8	 2	24	0.00000	0.00000	0.00000
2000	 8	 3	24	0.00000	0.00000	0.00000
2000	 8	 4	24	0.00000	0.00000	0.00000
2000	 8	 5	24	0.00000	0.00000	0.00000
2000	 8	 6	24	0.00000	0.00000	0.00000
2000	 8	 7	24	0.00000	0.00000	0.00000
2000	 8	 8	24	0.00000	0.00000	0.00000
2000	 8	 9	24	0.00000	0.00000	0.00000
2000	 8	10	24	0.00000	0.00000	0.00000
2000	 8	11	24	0.00000	0.00000	0.00000
2000	 8	12	24	0.00000	0.00000	0.00000
2000	 8	13	24	0.00000	0.00000	0.00000
2000	 8	14	24	0.00000	0.00000	0.00000
2000	 8	15	24	0.00000	0.00000	0.00000
2000	 8	16	24	0.00000	0.00000	0.00000
2000	 8	17	24	0.00000	0.00000	0.00000
2000	 8	18	24	0.00000	0.00000	0.00000
2000	 8	19	24	0.00000	0.00000	0.00000
2000	 8	20	24	0.01047	0.00000	0.00678
2000	 8	21	24	0.10448	0.08672	0.09820
2000	 8	22	24	0.00000	0.00000	0.00000
2000	 8	23	24	0.00000	0.00000	0.00000
2000	 8	24	24	0.00000	0.00000	0.00000
2000	 8	25	24	0.00000	0.00000	0.00000
2000	 8	26	24	0.00000	0.00000	0.00000
2000	 8	27	24	0.00000	0.00000	0.00000
2000	 8	28	24	0.00000	0.00000	0.00000
2000	 8	29	24	0.00000	0.00000	0.00000
2000	 8	30	24	0.00000	0.00000	0.00000
2000	 8	31	24	0.00000	0.00000	0.00000
2000	 9	 1	24	0.00000	0.00000	0.00000
2000	 9	 2	24	0.00000	0.00000	0.00000
2000	 9	 3	24	0.13641	0.28043	0.18727
2000	 9	 4	24	0.00000	0.00000	0.00000
2000	 9	 5	24	0.00000	0.00000	0.00000
2000	 9	 6	24	0.00000	0.00000	0.00000
2000	 9	 7	24	0.00000	0.00000	0.00000
2000	 9	 8	24	0.00000	0.00000	0.00000
2000	 9	 9	24	0.00000	0.00000	0.00000
2000	 9	10	24	0.00000	0.00000	0.00000
2000	 9	11	24	0.00000	0.00000	0.00000
2000	 9	12	24	0.00000	0.00000	0.00000
2000	 9	13	24	0.00000	0.00000	0.00000
2000	 9	14	24	0.00000	0.00000	0.00000
2000	 9	15	24	0.00000	0.00000	0.00000
2000	 9	16	24	0.00000	0.00000	0.00000
2000	 9	17	24	0.00000	0.00000	0.00000
2000	 9	18	24	0.00000	0.00000	0.00000
2000	 9	19	24	0.00000	0.00000	0.00000
2000	 9	20	24	0.00000	0.00000	0.00000
2000	 9	21	24	0.00000	0.00000	0.00000
2000	 9	22	24	0.00000	0.00000	0.00000
2000	 9	23	24	0.00000	0.00000	0.00000
2000	 9	24	24	0.00000	0.00000	0.00000
2000	 9	25	24	0.00000	0.00000	0.00000
2000	 9	26	24	0.00000	0.00000	0.00000
2000	 9	27	24	0.00000	0.00000	0.00000
2000	 9	28	24	0.00000	0.00000	0.00000
2000	 9	29	24	0.00000	0.00000	0.00000
2000	 9	30	24	0.00000	0.00000	0.00000
2000	10	 1	24	0.04490	0.25233	0.11814
2000	10	 2	24	0.00000	0.00000	0.00000
2000	10	 3	24	0.00000	0.00000	0.00000
2000	10	 4	24	0.00000	0.00000	0.00000
2000	10	 5	24	0.00000	0.00000	0.00000
2000	10	 6	24	0.00002	0.00000	0.00001
2000	10	 7	24	0.12806	0.04761	0.09965
2000	10	 8	24	0.00000	0.00000	0.00000
2000	10	 9	24	0.00000	0.00000	0.00000
2000	10	10	24	0.00000	0.00000	0.00000
2000	10	11	24	0.00000	0.00000	0.00000
2000	10	12	24	0.00000	0.00000	0.00000
2000	10	13	24	0.00000	0.00000	0.00000
2000	10	14	24	0.00000	0.00000	0.00000
2000	10	15	24	0.00000	0.00000	0.00000
2000	10	16	24	0.00000	0.00000	0.00000
2000	10	17	24	0.00000	0.00000	0.00000
2000	10	18	24	0.00000	0.00000	0.00000
2000	10	19	24	0.00000	0.00000	0.00000
2000	10	20	24	0.00000	0.00000	0.00000
2000	10	21	24	0.00000	0.00000	0.00000
2000	10	22	24	0.00000	0.00000	0.00000
2000	10	23	24	0.00000	0.00000	0.00000
2000	10	24	24	0.00000	0.00000	0.00000
2000	10	25	24	0.00000	0.00000	0.00000
2000	10	26	24	0.00000	0.00000	0.00000
2000	10	27	24	0.00000	0.00000	0.00000
2000	10	28	24	0.00000	0.00000	0.00000
2000	10	29	24	0.00000	0.00000	0.00000
2000	10	30	24	0.00000	0.00000	0.00000
2000	10	31	24	0.00000	0.00000	0.00000
2000	11	 1	24	0.00000	0.00000	0.00000
2000	11	 2	24	0.00000	0.00000	0.00000
2000	11	 3	24	0.00000	0.00000	0.00000
2000	11	 4	24	0.00000	0.00000	0.00000
2000	11	 5	24	0.00000	0.00000	0.00000
2000	11	 6	24	0.00000	0.00000	0.00000
2000	11	 7	24	0.00000	0.00000	0.00000
2000	11	 8	24	0.00000	0.00000	0.00000
2000	11	 9	24	0.00000	0.00000	0.00000
2000	11	10	24	0.00000	0.00000	0.00000
2000	11	11	24	0.00000	0.00000	0.00000
2000	11	12	24	0.00000	0.00000	0.00000
2000	11	13	24	0.00000	0.00000	0.00000
2000	11	14	24	0.00000	0.00000	0.00000
2000	11	15	24	0.00000	0.00000	0.00000
2000	11	16	24	0.00000	0.00000	0.00000
2000	11	17	24	0.00000	0.00000	0.00000
2000	11	18	24	0.00000	0.00000	0.00000
2000	11	19	24	0.00000	0.00000	0.00000
2000	11	20	24	0.00000	0.00000	0.00000
2000	11	21	24	0.00000	0.00000	0.00000
2000	11	22	24	0.00000	0.00000	0.00000
2000	11	23	24	0.00000	0.00000	0.00000
2000	11	24	24	0.00000	0.00000	0.00000
2000	11	25	24	0.00000	0.00000	0.00000
2000	11	26	24	0.00000	0.00000	0.00000
2000	11	27	24	0.00000	0.00000	0.00000
2000	11	28	24	0.00000	0.00000	0.00000
2000	11	29	24	0.00000	0.00000	0.00000
2000	11	30	24	0.00000	0.00000	0.00000
2000	12	 1	24	0.00000	0.00000	0.00000
2000	12	 2	24	0.00000	0.00000	0.00000
2000	12	 3	24	0.00000	0.00000	0.00000
2000	12	 4	24	0.00000	0.00000	0.00000
2000	12	 5	24	0.00000	0.00000	0.00000
2000	12	 6	24	0.00000	0.00000	0.00000
2000	12	 7	24	0.00000	0.00000	0.00000
2000	12	 8	24	0.00000	0.00000	0.00000
2000	12	 9	24	0.00000	0.00000	0.00000
2000	12	10	24	0.00000	0.00000	0.00000
2000	12	11	24	0.00000	0.00000	0.00000
2000	12	12	24	0.00000	0.00000	0.00000
2000	12	13	24	0.00000	0.00000	0.00000
2000	12	14	24	0.00000	0.00000	0.00000
2000	12	15	24	0.00000	0.00000	0.00000
2000	12	16	24	0.00000	0.00000	0.00000
2000	12	17	24	0.00000	0.00000	0.00000
2000	12	18	24	0.00000	0.00000	0.00000
2000	12	19	24	0.00000	0.00000	0.00000
2000	12	20	24	0.00000	0.00000	0.00000
2000	12	21	24	0.00000	0.00000	0.00000
2000	12	22	24	0.00000	0.00000	0.00000
2000	12	23	24	0.00000	0.00000	0.00000
2000	12	24	24	0.00000	0.00000	0.00000
2000	12	25	24	0.00000	0.00000	0.00000
2000	12	26	24	0.00000	0.00000	0.00000
2000	12	27	24	0.00000	0.00000	0.00000
2000	12	28	24	0.00000	0.00000	0.00000
2000	12	29	24	0.00000	0.00000	0.00000
2000	12	30	24	0.00000	0.00000	0.00000
2000	12	31	24	0.00000	0.00000	0.00000
2001	 1	 1	24	0.00000	0.00000	0.00000
2001	 1	 2	24	0.00000	0.00000	0.00000
2001	 1	 3	24	0.00000	0.00000	0.00000
2001	 1	 4	24	0.00000	0.00000	0.00000
2001	 1	 5	24	0.00001	0.00000	0.00001
2001	 1	 6	24	0.00000	0.00000	0.00000
2001	 1	 7	24	0.00000	0.00000	0.00000
2001	 1	 8	24	0.00000	0.00000	0.00000
2001	 1	 9	24	0.00000	0.00000	0.00000
2001	 1	10	24	0.00000	0.00000	0.00000
2001	 1	11	24	0.00000	0.00000	0.00000
2001	 1	12	24	0.00000	0.00000	0.00000
2001	 1	13	24	0.00000	0.00000	0.00000
2001	 1	14	24	0.00000	0.00000	0.00000
2001	 1	15	24	0.00000	0.00000	0.00000
2001	 1	16	24	0.00000	0.00000	0.00000
2001	 1	17	24	0.00000	0.00000	0.00000
2001	 1	18	24	0.00000	0.00000	0.00000
2001	 1	19	24	0.00000	0.00000	0.00000
2001	 1	20	24	0.00000	0.00000	0.00000
2001	 1	21	24	0.00000	0.00000	0.00000
2001	 1	22	24	0.00000	0.00000	0.00000
2001	 1	23	24	0.00000	0.00000	0.00000
2001	 1	24	24	0.00000	0.00000	0.00000
2001	 1	25	24	0.00000	0.00000	0.00000
2001	 1	26	24	0.00000	0.00000	0.00000
2001	 1	27	24	0.00000	0.00000	0.00000
2001	 1	28	24	0.00000	0.00000	0.00000
2001	 1	29	24	0.00000	0.00000	0.00000
2001	 1	30	24	0.00000	0.00000	0.00000
2001	 1	31	24	0.00000	0.00000	0.00000
2001	 2	 1	24	0.00000	0.00000	0.00000
2001	 2	 2	24	0.00000	0.00000	0.00000
2001	 2	 3	24	0.00000	0.00000	0.00000
2001	 2	 4	24	0.00000	0.00000	0.00000
2001	 2	 5	24	0.00000	0.00000	0.00000
2001	 2	 6	24	0.00047	0.00000	0.00030
2001	 2	 7	24	0.00487	0.00000	0.00315
2001	 2	 8	24	0.00000	0.00000	0.00000
2001	 2	 9	24	0.00000	0.00000	0.00000
2001	 2	10	24	0.00000	0.00000	0.00000
2001	 2	11	24	0.00000	0.00000	0.00000
2001	 2	12	24	0.00000	0.00007	0.00002
2001	 2	13	24	0.00000	0.00000	0.00000
2001	 2	14	24	0.00000	0.00000	0.00000
2001	 2	15	24	0.00000	0.00000	0.00000
2001	 2	16	24	0.00000	0.00000	0.00000
2001	 2	17	24	0.00000	0.00000	0.00000
2001	 2	18	24	0.00000	0.00000	0.00000
2001	 2	19	24	0.00000	0.00000	0.00000
2001	 2	20	24	0.00000	0.00000	0.00000
2001	 2	21	24	0.00000	0.00000	0.00000
2001	 2	22	24	0.04684	0.00000	0.03030
2001	 2	23	24	0.00000	0.00000	0.00000
2001	 2	24	24	0.00000	0.00000	0.00000
2001	 2	25	24	0.00000	0.00000	0.00000
2001	 2	26	24	0.00000	0.00000	0.00000
2001	 2	27	24	0.00000	0.00000	0.00000
2001	 2	28	24	0.00000	0.00000	0.00000
2001	 3	 1	24	0.00000	0.00000	0.00000
2001	 3	 2	24	0.00000	0.00000	0.00000
2001	 3	 3	24	0.00000	0.00000	0.00000
2001	 3	 4	24	0.00000	0.00000	0.00000
2001	 3	 5	24	0.00000	0.00000	0.00000
2001	 3	 6	24	0.00000	0.00000	0.00000
2001	 3	 7	24	0.00000	0.00000	0.00000
2001	 3	 8	24	0.00191	0.00000	0.00124
2001	 3	 9	24	0.00462	0.00000	0.00299
2001	 3	10	24	0.00763	0.00000	0.00494
2001	 3	11	24	0.01066	0.00000	0.00690
2001	 3	12	24	0.14396	0.29706	0.19802
2001	 3	13	24	0.00124	0.00000	0.00080
2001	 3	14	24	0.00000	0.00000	0.00000
2001	 3	15	24	0.00000	0.00000	0.00000
2001	 3	16	24	0.00000	0.00000	0.00000
2001	 3	17	24	0.00026	0.00000	0.00017
2001	 3	18	24	0.00000	0.00000	0.00000
2001	 3	19	24	0.00000	0.00000	0.00000
2001	 3	20	24	0.00000	0.00000	0.00000
2001	 3	21	24	0.00000	0.00000	0.00000
2001	 3	22	24	0.00000	0.00000	0.00000
2001	 3	23	24	0.00000	0.00000	0.00000
2001	 3	24	24	0.02842	0.20845	0.09199
2001	 3	25	24	0.00109	0.01606	0.00637
2001	 3	26	24	0.00000	0.00000	0.00000
2001	 3	27	24	0.00000	0.00000	0.00000
2001	 3	28	24	0.00000	0.00000	0.00000
2001	 3	29	24	0.00000	0.00000	0.00000
2001	 3	30	24	0.00000	0.00000	0.00000
2001	 3	31	24	0.00000	0.00000	0.00000
2001	 4	 1	24	0.00000	0.00000	0.00000
2001	 4	 2	24	0.00000	0.00000	0.00000
2001	 4	 3	24	0.00000	0.00000	0.00000
2001	 4	 4	24	0.00000	0.00000	0.00000
2001	 4	 5	24	0.00000	0.00000	0.00000
2001	 4	 6	24	0.00000	0.00000	0.00000
2001	 4	 7	24	0.00000	0.00000	0.00000
2001	 4	 8	24	0.00000	0.00000	0.00000
2001	 4	 9	24	0.00000	0.00000	0.00000
2001	 4	10	24	0.00000	0.00000	0.00000
2001	 4	11	24	0.00000	0.00000	0.00000
2001	 4	12	24	0.00000	0.00000	0.00000
2001	 4	13	24	0.00000	0.00000	0.00000
2001	 4	14	24	0.00000	0.00000	0.00000
2001	 4	15	24	0.00000	0.00000	0.00000
2001	 4	16	24	0.00000	0.00000	0.00000
2001	 4	17	24	0.00000	0.00000	0.00000
2001	 4	18	24	0.00000	0.00000	0.00000
2001	 4	19	24	0.00000	0.00000	0.00000
2001	 4	20	24	0.00000	0.00000	0.00000
2001	 4	21	24	0.00000	0.00000	0.00000
2001	 4	22	24	0.00000	0.00000	0.00000
2001	 4	23	24	0.00000	0.00000	0.00000
2001	 4	24	24	0.00000	0.00000	0.00000
2001	 4	25	24	0.00000	0.00000	0.00000
2001	 4	26	24	0.00000	0.00000	0.00000
2001	 4	27	24	0.00000	0.00000	0.00000
2001	 4	28	24	0.00000	0.00000	0.00000
2001	 4	29	24	0.00000	0.00000	0.00000
2001	 4	30	24	0.00000	0.00000	0.00000
2001	 5	 1	24	0.00000	0.00000	0.00000
2001	 5	 2	24	0.00000	0.00000	0.00000
2001	 5	 3	24	0.00000	0.00000	0.00000
2001	 5	 4	24	0.30667	0.31699	0.31032
2001	 5	 5	24	0.00005	0.00000	0.00003
2001	 5	 6	24	0.00000	0.00000	0.00000
2001	 5	 7	24	0.00000	0.00000	0.00000
2001	 5	 8	24	0.00000	0.00000	0.00000
2001	 5	 9	24	0.00000	0.00000	0.00000
2001	 5	10	24	0.00000	0.00000	0.00000
2001	 5	11	24	0.00000	0.00000	0.00000
2001	 5	12	24	0.00000	0.00000	0.00000
2001	 5	13	24	0.00000	0.00000	0.00000
2001	 5	14	24	0.00000	0.00000	0.00000
2001	 5	15	24	0.01514	0.00000	0.00979
2001	 5	16	24	0.00000	0.00000	0.00000
2001	 5	17	24	0.00000	0.00000	0.00000
2001	 5	18	24	0.00000	0.00000	0.00000
2001	 5	19	24	0.00000	0.00000	0.00000
2001	 5	20	24	0.00000	0.00000	0.00000
2001	 5	21	24	0.00000	0.00000	0.00000
2001	 5	22	24	0.00000	0.00000	0.00000
2001	 5	23	24	0.00000	0.00000	0.00000
2001	 5	24	24	0.00000	0.00000	0.00000
2001	 5	25	24	0.00000	0.00000	0.00000
2001	 5	26	24	0.00000	0.00000	0.00000
2001	 5	27	24	0.00000	0.00000	0.00000
2001	 5	28	24	0.00000	0.00000	0.00000
2001	 5	29	24	0.00000	0.00000	0.00000
2001	 5	30	24	0.00000	0.00000	0.00000
2001	 5	31	24	0.00000	0.00000	0.00000
2001	 6	 1	24	0.00000	0.00000	0.00000
2001	 6	 2	24	0.00000	0.00000	0.00000
2001	 6	 3	24	0.00000	0.00000	0.00000
2001	 6	 4	24	0.00015	0.00768	0.00281
2001	 6	 5	24	0.00000	0.00000	0.00000
2001	 6	 6	24	0.00000	0.00000	0.00000
2001	 6	 7	24	0.00000	0.00000	0.00000
2001	 6	 8	24	0.00000	0.00000	0.00000
2001	 6	 9	24	0.00000	0.00000	0.00000
2001	 6	10	24	0.00000	0.00000	0.00000
2001	 6	11	24	0.00000	0.00000	0.00000
2001	 6	12	24	0.00000	0.00000	0.00000
2001	 6	13	24	0.00000	0.00000	0.00000
2001	 6	14	24	0.00000	0.00000	0.00000
2001	 6	15	24	0.00000	0.00000	0.00000
2001	 6	16	24	0.00000	0.00000	0.00000
2001	 6	17	24	0.00000	0.00000	0.00000
2001	 6	18	24	0.00000	0.00000	0.00000
2001	 6	19	24	0.00000	0.00000	0.00000
2001	 6	20	24	0.00000	0.00000	0.00000
2001	 6	21	24	0.00000	0.00000	0.00000
2001	 6	22	24	0.00000	0.00000	0.00000
2001	 6	23	24	0.00000	0.00000	0.00000
2001	 6	24	24	0.00000	0.00000	0.00000
2001	 6	25	24	0.00000	0.00000	0.00000
2001	 6	26	24	0.00000	0.00000	0.00000
2001	 6	27	24	0.00000	0.00000	0.00000
2001	 6	28	24	0.00000	0.00000	0.00000
2001	 6	29	24	0.00000	0.00000	0.00000
2001	 6	30	24	0.00000	0.00000	0.00000
2001	 7	 1	24	0.00000	0.00000	0.00000
2001	 7	 2	24	0.00000	0.00000	0.00000
2001	 7	 3	24	0.00000	0.00000	0.00000
2001	 7	 4	24	0.00000	0.00000	0.00000
2001	 7	 5	24	0.00000	0.00000	0.00000
2001	 7	 6	24	0.00000	0.00000	0.00000
2001	 7	 7	24	0.12647	0.04922	0.09919
2001	 7	 8	24	0.00000	0.00000	0.00000
2001	 7	 9	24	0.00000	0.00000	0.00000
2001	 7	10	24	0.00000	0.00000	0.00000
2001	 7	11	24	0.00000	0.00000	0.00000
2001	 7	12	24	0.00000	0.00000	0.00000
2001	 7	13	24	0.00000	0.00000	0.00000
2001	 7	14	24	0.00000	0.00000	0.00000
2001	 7	15	24	0.00000	0.00000	0.00000
2001	 7	16	24	0.00000	0.00000	0.00000
2001	 7	17	24	0.00000	0.00000	0.00000
2001	 7	18	24	0.00000	0.00000	0.00000
2001	 7	19	24	0.00000	0.00000	0.00000
2001	 7	20	24	0.00170	0.02026	0.00826
2001	 7	21	24	0.00000	0.00000	0.00000
2001	 7	22	24	0.00000	0.00000	0.00000
2001	 7	23	24	0.00000	0.00000	0.00000
2001	 7	24	24	0.00000	0.00000	0.00000
2001	 7	25	24	0.00000	0.00000	0.00000
2001	 7	26	24	0.00000	0.00000	0.00000
2001	 7	27	24	0.00000	0.00000	0.00000
2001	 7	28	24	0.00000	0.00000	0.00000
2001	 7	29	24	0.00000	0.00000	0.00000
2001	 7	30	24	0.00000	0.00000	0.00000
2001	 7	31	24	0.00000	0.00000	0.00000
2001	 8	 1	24	0.00000	0.00000	0.00000
2001	 8	 2	24	0.00000	0.00000	0.00000
2001	 8	 3	24	0.00000	0.00000	0.00000
2001	 8	 4	24	0.00000	0.00000	0.00000
2001	 8	 5	24	0.00000	0.00000	0.00000
2001	 8	 6	24	0.00000	0.00000	0.00000
2001	 8	 7	24	0.00000	0.00000	0.00000
2001	 8	 8	24	0.00000	0.00000	0.00000
2001	 8	 9	24	0.00000	0.00000	0.00000
2001	 8	10	24	0.00000	0.00000	0.00000
2001	 8	11	24	0.00000	0.00000	0.00000
2001	 8	12	24	0.00000	0.00000	0.00000
2001	 8	13	24	0.00000	0.00000	0.00000
2001	 8	14	24	0.00000	0.00000	0.00000
2001	 8	15	24	0.00000	0.00000	0.00000
2001	 8	16	24	0.00000	0.00000	0.00000
2001	 8	17	24	0.00000	0.00000	0.00000
2001	 8	18	24	0.00000	0.00000	0.00000
2001	 8	19	24	0.09138	0.00000	0.05911
2001	 8	20	24	0.02438	0.04002	0.02990
2001	 8	21	24	0.00000	0.00000	0.00000
2001	 8	22	24	0.00000	0.00000	0.00000
2001	 8	23	24	0.00000	0.00000	0.00000
2001	 8	24	24	0.00000	0.00000	0.00000
2001	 8	25	24	0.00000	0.00000	0.00000
2001	 8	26	24	0.00000	0.00041	0.00015
2001	 8	27	24	0.00000	0.00000	0.00000
2001	 8	28	24	0.00000	0.00000	0.00000
2001	 8	29	24	0.00000	0.00000	0.00000
2001	 8	30	24	0.00000	0.00000	0.00000
2001	 8	31	24	0.00000	0.00000	0.00000
2001	 9	 1	24	0.10195	0.13094	0.11219
2001	 9	 2	24	0.00000	0.00000	0.00000
2001	 9	 3	24	0.00000	0.00000	0.00000
2001	 9	 4	24	0.00000	0.00000	0.00000
2001	 9	 5	24	0.00000	0.00000	0.00000
2001	 9	 6	24	0.00000	0.00000	0.00000
2001	 9	 7	24	0.00149	0.00000	0.00097
2001	 9	 8	24	0.00000	0.00000	0.00000
2001	 9	 9	24	0.00011	0.00720	0.00261
2001	 9	10	24	0.03765	0.20277	0.09596
2001	 9	11	24	0.00000	0.00000	0.00000
2001	 9	12	24	0.00000	0.00000	0.00000
2001	 9	13	24	0.00000	0.00000	0.00000
2001	 9	14	24	0.00000	0.00000	0.00000
2001	 9	15	24	0.00000	0.00000	0.00000
2001	 9	16	24	0.00000	0.00000	0.00000
2001	 9	17	24	0.00000	0.00000	0.00000
2001	 9	18	24	0.00000	0.00000	0.00000
2001	 9	19	24	0.00000	0.00000	0.00000
2001	 9	20	24	0.00000	0.00000	0.00000
2001	 9	21	24	0.00000	0.00000	0.00000
2001	 9	22	24	0.00000	0.00000	0.00000
2001	 9	23	24	0.00000	0.00000	0.00000
2001	 9	24	24	0.00000	0.00000	0.00000
2001	 9	25	24	0.00000	0.00000	0.00000
2001	 9	26	24	0.00000	0.00000	0.00000
2001	 9	27	24	0.00000	0.00000	0.00000
2001	 9	28	24	0.00000	0.00000	0.00000
2001	 9	29	24	0.00000	0.00000	0.00000
2001	 9	30	24	0.00000	0.00000	0.00000
2001	10	 1	24	0.00000	0.00000	0.00000
2001	10	 2	24	0.00000	0.00000	0.00000
2001	10	 3	24	0.00000	0.00000	0.00000
2001	10	 4	24	0.00000	0.00000	0.00000
2001	10	 5	24	0.00000	0.00000	0.00000
2001	10	 6	24	0.00000	0.00000	0.00000
2001	10	 7	24	0.00000	0.00000	0.00000
2001	10	 8	24	0.00000	0.00000	0.00000
2001	10	 9	24	0.00000	0.00000	0.00000
2001	10	10	24	0.00000	0.00000	0.00000
2001	10	11	24	0.00000	0.00000	0.00000
2001	10	12	24	0.00000	0.00000	0.00000
2001	10	13	24	0.00000	0.00000	0.00000
2001	10	14	24	0.00000	0.00000	0.00000
2001	10	15	24	0.00000	0.00000	0.00000
2001	10	16	24	0.00000	0.00000	0.00000
2001	10	17	24	0.00000	0.00000	0.00000
2001	10	18	24	0.00000	0.00000	0.00000
2001	10	19	24	0.00000	0.00000	0.00000
2001	10	20	24	0.00000	0.00000	0.00000
2001	10	21	24	0.00000	0.00000	0.00000
2001	10	22	24	0.00000	0.00000	0.00000
2001	10	23	24	0.00000	0.00000	0.00000
2001	10	24	24	0.00000	0.00000	0.00000
2001	10	25	24	0.00000	0.00000	0.00000
2001	10	26	24	0.00000	0.00000	0.00000
2001	10	27	24	0.00000	0.00000	0.00000
2001	10	28	24	0.00000	0.00000	0.00000
2001	10	29	24	0.00000	0.00000	0.00000
2001	10	30	24	0.00000	0.00000	0.00000
2001	10	31	24	0.00000	0.00000	0.00000
2001	11	 1	24	0.00000	0.00000	0.00000
2001	11	 2	24	0.00000	0.00000	0.00000
2001	11	 3	24	0.00000	0.00000	0.00000
2001	11	 4	24	0.00000	0.00000	0.00000
2001	11	 5	24	0.00000	0.00000	0.00000
2001	11	 6	24	0.00000	0.00000	0.00000
2001	11	 7	24	0.00000	0.00000	0.00000
2001	11	 8	24	0.16874	0.11708	0.15050
2001	11	 9	24	0.00000	0.00000	0.00000
2001	11	10	24	0.00000	0.00000	0.00000
2001	11	11	24	0.00000	0.00000	0.00000
2001	11	12	24	0.00000	0.00000	0.00000
2001	11	13	24	0.00000	0.00000	0.00000
2001	11	14	24	0.00000	0.00000	0.00000
2001	11	15	24	0.00000	0.00000	0.00000
2001	11	16	24	0.00000	0.00000	0.00000
2001	11	17	24	0.00000	0.00000	0.00000
2001	11	18	24	0.00000	0.00000	0.00000
2001	11	19	24	0.00000	0.00000	0.00000
2001	11	20	24	0.00000	0.00000	0.00000
2001	11	21	24	0.00000	0.00000	0.00000
2001	11	22	24	0.05629	0.02222	0.04426
2001	11	23	24	0.00000	0.00000	0.00000
2001	11	24	24	0.00000	0.00000	0.00000
2001	11	25	24	0.00000	0.00000	0.00000
2001	11	26	24	0.00000	0.00000	0.00000
2001	11	27	24	0.00000	0.00000	0.00000
2001	11	28	24	0.00000	0.00000	0.00000
2001	11	29	24	0.00000	0.00000	0.00000
2001	11	30	24	0.00000	0.00000	0.00000
2001	12	 1	24	0.00000	0.00000	0.00000
2001	12	 2	24	0.00000	0.00000	0.00000
2001	12	 3	24	0.00000	0.00000	0.00000
2001	12	 4	24	0.00000	0.00000	0.00000
2001	12	 5	24	0.23539	0.14691	0.20415
2001	12	 6	24	0.15572	0.11798	0.14239
2001	12	 7	24	0.00000	0.00000	0.00000
2001	12	 8	24	0.00000	0.00000	0.00000
2001	12	 9	24	0.00000	0.00000	0.00000
2001	12	10	24	0.00000	0.00000	0.00000
2001	12	11	24	0.00000	0.00000	0.00000
2001	12	12	24	0.00000	0.00000	0.00000
2001	12	13	24	0.00000	0.00000	0.00000
2001	12	14	24	0.00000	0.00000	0.00000
2001	12	15	24	0.00000	0.00000	0.00000
2001	12	16	24	0.00000	0.00000	0.00000
2001	12	17	24	0.00000	0.00000	0.00000
2001	12	18	24	0.00000	0.00000	0.00000
2001	12	19	24	0.00000	0.00000	0.00000
2001	12	20	24	0.00000	0.00000	0.00000
2001	12	21	24	0.00000	0.00000	0.00000
2001	12	22	24	0.00000	0.00000	0.00000
2001	12	23	24	0.00000	0.00000	0.00000
2001	12	24	24	0.00000	0.00000	0.00000
2001	12	25	24	0.00000	0.00000	0.00000
2001	12	26	24	0.00000	0.00000	0.00000
2001	12	27	24	0.00000	0.00000	0.00000
2001	12	28	24	0.00016	0.00000	0.00011
2001	12	29	24	0.00000	0.00000	0.00000
2001	12	30	24	0.00000	0.00000	0.00000
2001	12	31	24	0.00000	0.00000	0.00000
2002	 1	 1	24	0.00000	0.00000	0.00000
2002	 1	 2	24	0.00000	0.00000	0.00000
2002	 1	 3	24	0.00000	0.00000	0.00000
2002	 1	 4	24	0.00000	0.00000	0.00000
2002	 1	 5	24	0.00000	0.00000	0.00000
2002	 1	 6	24	0.00000	0.00000	0.00000
2002	 1	 7	24	0.00000	0.00000	0.00000
2002	 1	 8	24	0.00000	0.00000	0.00000
2002	 1	 9	24	0.00000	0.00000	0.00000
2002	 1	10	24	0.00000	0.00000	0.00000
2002	 1	11	24	0.00000	0.00000	0.00000
2002	 1	12	24	0.00000	0.00000	0.00000
2002	 1	13	24	0.00000	0.00000	0.00000
2002	 1	14	24	0.00000	0.00000	0.00000
2002	 1	15	24	0.00000	0.00000	0.00000
2002	 1	16	24	0.00000	0.00000	0.00000
2002	 1	17	24	0.00000	0.00000	0.00000
2002	 1	18	24	0.00000	0.00000	0.00000
2002	 1	19	24	0.00000	0.00000	0.00000
2002	 1	20	24	0.00000	0.00000	0.00000
2002	 1	21	24	0.00000	0.00000	0.00000
2002	 1	22	24	0.00000	0.00000	0.00000
2002	 1	23	24	0.00000	0.00000	0.00000
2002	 1	24	24	0.00000	0.00000	0.00000
2002	 1	25	24	0.00000	0.00000	0.00000
2002	 1	26	24	0.00000	0.00000	0.00000
2002	 1	27	24	0.11001	0.12072	0.11379
2002	 1	28	24	0.08990	0.07093	0.08321
2002	 1	29	24	0.02282	0.02401	0.02324
2002	 1	30	24	0.01288	0.02196	0.01609
2002	 1	31	24	0.00594	0.02012	0.01095
2002	 2	 1	24	0.00000	0.00000	0.00000
2002	 2	 2	24	0.00002	0.00000	0.00002
2002	 2	 3	24	0.00000	0.00000	0.00000
2002	 2	 4	24	0.00000	0.00000	0.00000
2002	 2	 5	24	0.00000	0.00000	0.00000
2002	 2	 6	24	0.00000	0.00000	0.00000
2002	 2	 7	24	0.00000	0.00000	0.00000
2002	 2	 8	24	0.00000	0.00000	0.00000
2002	 2	 9	24	0.00768	0.08642	0.03548
2002	 2	10	24	0.00000	0.00000	0.00000
2002	 2	11	24	0.00000	0.00000	0.00000
2002	 2	12	24	0.13557	0.24511	0.17425
2002	 2	13	24	0.00000	0.00000	0.00000
2002	 2	14	24	0.00000	0.00000	0.00000
2002	 2	15	24	0.00000	0.00000	0.00000
2002	 2	16	24	0.00000	0.00000	0.00000
2002	 2	17	24	0.00000	0.00000	0.00000
2002	 2	18	24	0.00000	0.00000	0.00000
2002	 2	19	24	0.00000	0.00000	0.00000
2002	 2	20	24	0.00028	0.00000	0.00018
2002	 2	21	24	0.00000	0.00000	0.00000
2002	 2	22	24	0.00348	0.00000	0.00225
2002	 2	23	24	0.00074	0.00000	0.00048
2002	 2	24	24	0.00000	0.00000	0.00000
2002	 2	25	24	0.00000	0.00000	0.00000
2002	 2	26	24	0.00129	0.00000	0.00083
2002	 2	27	24	0.01028	0.00000	0.00665
2002	 2	28	24	0.00000	0.00000	0.00000
2002	 3	 1	24	0.00000	0.00000	0.00000
2002	 3	 2	24	0.00000	0.00000	0.00000
2002	 3	 3	24	0.00000	0.00000	0.00000
2002	 3	 4	24	0.00000	0.00000	0.00000
2002	 3	 5	24	0.00000	0.00000	0.00000
2002	 3	 6	24	0.00000	0.00000	0.00000
2002	 3	 7	24	0.00000	0.00000	0.00000
2002	 3	 8	24	0.00000	0.00000	0.00000
2002	 3	 9	24	0.00000	0.00000	0.00000
2002	 3	10	24	0.00000	0.00000	0.00000
2002	 3	11	24	0.00000	0.00000	0.00000
2002	 3	12	24	0.00000	0.00000	0.00000
2002	 3	13	24	0.00000	0.00000	0.00000
2002	 3	14	24	0.00000	0.00000	0.00000
2002	 3	15	24	0.00000	0.00000	0.00000
2002	 3	16	24	0.00000	0.00000	0.00000
2002	 3	17	24	0.00000	0.00000	0.00000
2002	 3	18	24	0.00000	0.00000	0.00000
2002	 3	19	24	0.00000	0.00000	0.00000
2002	 3	20	24	0.00102	0.00000	0.00066
2002	 3	21	24	0.00000	0.00000	0.00000
2002	 3	22	24	0.00000	0.00000	0.00000
2002	 3	23	24	0.00018	0.00000	0.00012
2002	 3	24	24	0.00000	0.00000	0.00000
2002	 3	25	24	0.00000	0.00000	0.00000
2002	 3	26	24	0.00000	0.00000	0.00000
2002	 3	27	24	0.00000	0.00000	0.00000
2002	 3	28	24	0.00000	0.00000	0.00000
2002	 3	29	24	0.00000	0.00000	0.00000
2002	 3	30	24	0.00000	0.01877	0.00663
2002	 3	31	24	0.00000	0.00000	0.00000
2002	 4	 1	24	0.00000	0.00000	0.00000
2002	 4	 2	24	0.00000	0.00000	0.00000
2002	 4	 3	24	0.00000	0.00000	0.00000
2002	 4	 4	24	0.00000	0.00000	0.00000
2002	 4	 5	24	0.00000	0.00000	0.00000
2002	 4	 6	24	0.00000	0.00000	0.00000
2002	 4	 7	24	0.00000	0.00000	0.00000
2002	 4	 8	24	0.00000	0.00000	0.00000
2002	 4	 9	24	0.00000	0.00000	0.00000
2002	 4	10	24	0.00000	0.00000	0.00000
2002	 4	11	24	0.00000	0.00000	0.00000
2002	 4	12	24	0.00000	0.00000	0.00000
2002	 4	13	24	0.00000	0.00000	0.00000
2002	 4	14	24	0.05267	0.03361	0.04594
2002	 4	15	24	0.00000	0.00000	0.00000
2002	 4	16	24	0.00000	0.00000	0.00000
2002	 4	17	24	0.00000	0.00000	0.00000
2002	 4	18	24	0.00000	0.00000	0.00000
2002	 4	19	24	0.00000	0.00000	0.00000
2002	 4	20	24	0.00000	0.00000	0.00000
2002	 4	21	24	0.00000	0.00000	0.00000
2002	 4	22	24	0.00000	0.00000	0.00000
2002	 4	23	24	0.00000	0.00000	0.00000
2002	 4	24	24	0.00000	0.00000	0.00000
2002	 4	25	24	0.00000	0.00000	0.00000
2002	 4	26	24	0.00000	0.00000	0.00000
2002	 4	27	24	0.00000	0.00000	0.00000
2002	 4	28	24	0.00000	0.00000	0.00000
2002	 4	29	24	0.00000	0.00000	0.00000
2002	 4	30	24	0.00000	0.00000	0.00000
2002	 5	 1	24	0.00000	0.00000	0.00000
2002	 5	 2	24	0.00000	0.00000	0.00000
2002	 5	 3	24	0.00000	0.00000	0.00000
2002	 5	 4	24	0.00000	0.00000	0.00000
2002	 5	 5	24	0.00279	0.00000	0.00181
2002	 5	 6	24	0.00000	0.00000	0.00000
2002	 5	 7	24	0.00000	0.00000	0.00000
2002	 5	 8	24	0.00000	0.00000	0.00000
2002	 5	 9	24	0.00000	0.00000	0.00000
2002	 5	10	24	0.00000	0.00000	0.00000
2002	 5	11	24	0.00000	0.00000	0.00000
2002	 5	12	24	0.00000	0.00000	0.00000
2002	 5	13	24	0.00000	0.00000	0.00000
2002	 5	14	24	0.00000	0.00000	0.00000
2002	 5	15	24	0.00000	0.00000	0.00000
2002	 5	16	24	0.00000	0.00000	0.00000
2002	 5	17	24	0.00000	0.00000	0.00000
2002	 5	18	24	0.00000	0.00000	0.00000
2002	 5	19	24	0.00000	0.00000	0.00000
2002	 5	20	24	0.00000	0.00000	0.00000
2002	 5	21	24	0.00000	0.00000	0.00000
2002	 5	22	24	0.00000	0.00000	0.00000
2002	 5	23	24	0.00000	0.00000	0.00000
2002	 5	24	24	0.00000	0.00000	0.00000
2002	 5	25	24	0.00000	0.00000	0.00000
2002	 5	26	24	0.00000	0.00000	0.00000
2002	 5	27	24	0.00000	0.00000	0.00000
2002	 5	28	24	0.00000	0.00000	0.00000
2002	 5	29	24	0.00000	0.00000	0.00000
2002	 5	30	24	0.00000	0.00000	0.00000
2002	 5	31	24	0.00000	0.00000	0.00000
2002	 6	 1	24	0.00000	0.00000	0.00000
2002	 6	 2	24	0.00000	0.00000	0.00000
2002	 6	 3	24	0.00000	0.00000	0.00000
2002	 6	 4	24	0.00000	0.00000	0.00000
2002	 6	 5	24	0.00000	0.00000	0.00000
2002	 6	 6	24	0.00000	0.00000	0.00000
2002	 6	 7	24	0.39648	0.21232	0.33145
2002	 6	 8	24	0.10956	0.07037	0.09572
2002	 6	 9	24	0.00000	0.00000	0.00000
2002	 6	10	24	0.00000	0.00000	0.00000
2002	 6	11	24	0.00000	0.00000	0.00000
2002	 6	12	24	0.00000	0.00000	0.00000
2002	 6	13	24	0.00000	0.00000	0.00000
2002	 6	14	24	0.00000	0.00000	0.00000
2002	 6	15	24	0.00000	0.00000	0.00000
2002	 6	16	24	0.00000	0.00000	0.00000
2002	 6	17	24	0.00000	0.00000	0.00000
2002	 6	18	24	0.00000	0.00000	0.00000
2002	 6	19	24	0.00000	0.00000	0.00000
2002	 6	20	24	0.00000	0.00000	0.00000
2002	 6	21	24	0.00000	0.00000	0.00000
2002	 6	22	24	0.00000	0.00000	0.00000
2002	 6	23	24	0.00000	0.00000	0.00000
2002	 6	24	24	0.00000	0.00000	0.00000
2002	 6	25	24	0.00000	0.00000	0.00000
2002	 6	26	24	0.00000	0.00000	0.00000
2002	 6	27	24	0.00000	0.00000	0.00000
2002	 6	28	24	0.00000	0.00000	0.00000
2002	 6	29	24	0.00000	0.00000	0.00000
2002	 6	30	24	0.00000	0.00000	0.00000
2002	 7	 1	24	0.00000	0.00000	0.00000
2002	 7	 2	24	0.00000	0.00000	0.00000
2002	 7	 3	24	0.00000	0.00000	0.00000
2002	 7	 4	24	0.00000	0.00000	0.00000
2002	 7	 5	24	0.00000	0.00000	0.00000
2002	 7	 6	24	0.00000	0.00000	0.00000
2002	 7	 7	24	0.00000	0.00000	0.00000
2002	 7	 8	24	0.00000	0.00000	0.00000
2002	 7	 9	24	0.00000	0.00000	0.00000
2002	 7	10	24	0.00000	0.00000	0.00000
2002	 7	11	24	0.00000	0.00000	0.00000
2002	 7	12	24	0.00000	0.00000	0.00000
2002	 7	13	24	0.02190	0.00000	0.01417
2002	 7	14	24	0.00000	0.00000	0.00000
2002	 7	15	24	0.00000	0.00000	0.00000
2002	 7	16	24	0.01569	0.00000	0.01015
2002	 7	17	24	0.00000	0.00000	0.00000
2002	 7	18	24	0.00000	0.00000	0.00000
2002	 7	19	24	0.00000	0.00000	0.00000
2002	 7	20	24	0.00000	0.00000	0.00000
2002	 7	21	24	0.00000	0.00000	0.00000
2002	 7	22	24	0.00000	0.00000	0.00000
2002	 7	23	24	0.00000	0.00000	0.00000
2002	 7	24	24	0.00000	0.00000	0.00000
2002	 7	25	24	0.00000	0.00000	0.00000
2002	 7	26	24	0.00000	0.00000	0.00000
2002	 7	27	24	0.00000	0.00000	0.00000
2002	 7	28	24	0.00000	0.00000	0.00000
2002	 7	29	24	0.00000	0.00000	0.00000
2002	 7	30	24	0.00000	0.00000	0.00000
2002	 7	31	24	0.00000	0.00000	0.00000
2002	 8	 1	24	0.36036	0.00000	0.23312
2002	 8	 2	24	0.00000	0.00000	0.00000
2002	 8	 3	24	0.00000	0.00000	0.00000
2002	 8	 4	24	0.00000	0.00007	0.00003
2002	 8	 5	24	0.00000	0.00000	0.00000
2002	 8	 6	24	0.00000	0.00000	0.00000
2002	 8	 7	24	0.00197	0.00000	0.00128
2002	 8	 8	24	0.00000	0.00000	0.00000
2002	 8	 9	24	0.00000	0.00000	0.00000
2002	 8	10	24	0.00000	0.00000	0.00000
2002	 8	11	24	0.20185	0.59451	0.34050
2002	 8	12	24	4.19723	4.08834	4.15878
2002	 8	13	24	0.04860	0.15424	0.08590
2002	 8	14	24	0.00000	0.00000	0.00000
2002	 8	15	24	0.00000	0.00000	0.00000
2002	 8	16	24	0.00000	0.00000	0.00000
2002	 8	17	24	0.00349	0.00000	0.00226
2002	 8	18	24	0.00000	0.00000	0.00000
2002	 8	19	24	0.00000	0.00000	0.00000
2002	 8	20	24	0.00000	0.00000	0.00000
2002	 8	21	24	0.00000	0.00000	0.00000
2002	 8	22	24	0.00000	0.00000	0.00000
2002	 8	23	24	0.00000	0.00000	0.00000
2002	 8	24	24	0.00000	0.00000	0.00000
2002	 8	25	24	0.00000	0.00000	0.00000
2002	 8	26	24	0.00000	0.00000	0.00000
2002	 8	27	24	0.00000	0.00000	0.00000
2002	 8	28	24	0.00000	0.00000	0.00000
2002	 8	29	24	0.00000	0.00000	0.00000
2002	 8	30	24	0.00000	0.00000	0.00000
2002	 8	31	24	0.00000	0.00000	0.00000
2002	 9	 1	24	0.00000	0.00000	0.00000
2002	 9	 2	24	0.00000	0.00000	0.00000
2002	 9	 3	24	0.00000	0.00000	0.00000
2002	 9	 4	24	0.00000	0.00000	0.00000
2002	 9	 5	24	0.00067	0.01073	0.00422
2002	 9	 6	24	0.00000	0.00000	0.00000
2002	 9	 7	24	0.00000	0.00000	0.00000
2002	 9	 8	24	0.00000	0.00000	0.00000
2002	 9	 9	24	0.00000	0.00000	0.00000
2002	 9	10	24	0.00000	0.00000	0.00000
2002	 9	11	24	0.00000	0.00000	0.00000
2002	 9	12	24	0.00000	0.00000	0.00000
2002	 9	13	24	0.00000	0.00000	0.00000
2002	 9	14	24	0.00000	0.00000	0.00000
2002	 9	15	24	0.00000	0.00000	0.00000
2002	 9	16	24	0.00000	0.00000	0.00000
2002	 9	17	24	0.00000	0.00000	0.00000
2002	 9	18	24	0.00000	0.00000	0.00000
2002	 9	19	24	0.00000	0.00000	0.00000
2002	 9	20	24	0.00000	0.00000	0.00000
2002	 9	21	24	0.00000	0.00000	0.00000
2002	 9	22	24	0.00000	0.00008	0.00003
2002	 9	23	24	0.00000	0.00000	0.00000
2002	 9	24	24	0.00000	0.00000	0.00000
2002	 9	25	24	0.00000	0.00000	0.00000
2002	 9	26	24	0.16091	0.12383	0.14781
2002	 9	27	24	0.00000	0.00000	0.00000
2002	 9	28	24	0.00000	0.00000	0.00000
2002	 9	29	24	0.00000	0.00000	0.00000
2002	 9	30	24	0.00000	0.00000	0.00000
2002	10	 1	24	0.00000	0.00000	0.00000
2002	10	 2	24	0.00000	0.00000	0.00000
2002	10	 3	24	0.00000	0.00000	0.00000
2002	10	 4	24	0.00000	0.00000	0.00000
2002	10	 5	24	0.00000	0.00000	0.00000
2002	10	 6	24	0.00325	0.01096	0.00597
2002	10	 7	24	0.00000	0.00000	0.00000
2002	10	 8	24	0.00000	0.00000	0.00000
2002	10	 9	24	0.00000	0.00000	0.00000
2002	10	10	24	0.00000	0.00000	0.00000
2002	10	11	24	0.00000	0.00000	0.00000
2002	10	12	24	0.00000	0.00000	0.00000
2002	10	13	24	0.00000	0.00000	0.00000
2002	10	14	24	0.00000	0.00000	0.00000
2002	10	15	24	0.00000	0.00000	0.00000
2002	10	16	24	0.00000	0.00000	0.00000
2002	10	17	24	0.00000	0.00000	0.00000
2002	10	18	24	0.00000	0.00000	0.00000
2002	10	19	24	0.00000	0.00000	0.00000
2002	10	20	24	0.00000	0.00000	0.00000
2002	10	21	24	0.00000	0.00000	0.00000
2002	10	22	24	0.00000	0.00000	0.00000
2002	10	23	24	0.00000	0.00000	0.00000
2002	10	24	24	0.00000	0.00000	0.00000
2002	10	25	24	0.00535	0.10472	0.04044
2002	10	26	24	0.00000	0.00000	0.00000
2002	10	27	24	0.00000	0.00000	0.00000
2002	10	28	24	0.00000	0.00000	0.00000
2002	10	29	24	0.00000	0.00000	0.00000
2002	10	30	24	0.00000	0.00000	0.00000
2002	10	31	24	0.00000	0.00000	0.00000
2002	11	 1	24	0.00000	0.00000	0.00000
2002	11	 2	24	0.00000	0.00000	0.00000
2002	11	 3	24	0.00000	0.00000	0.00000
2002	11	 4	24	0.00000	0.00000	0.00000
2002	11	 5	24	0.00000	0.00000	0.00000
2002	11	 6	24	0.00000	0.00000	0.00000
2002	11	 7	24	0.00000	0.00000	0.00000
2002	11	 8	24	0.12288	0.00000	0.07949
2002	11	 9	24	0.00056	0.00000	0.00036
2002	11	10	24	0.00000	0.00000	0.00000
2002	11	11	24	0.00000	0.00000	0.00000
2002	11	12	24	0.00000	0.00000	0.00000
2002	11	13	24	0.00000	0.00000	0.00000
2002	11	14	24	0.00000	0.00000	0.00000
2002	11	15	24	0.00000	0.00000	0.00000
2002	11	16	24	0.00434	0.04911	0.02015
2002	11	17	24	-0.00000	0.00005	0.00002
2002	11	18	24	0.00000	0.03001	0.01060
2002	11	19	24	0.29639	0.25570	0.28202
2002	11	20	24	0.00000	0.00000	0.00000
2002	11	21	24	0.00000	0.00000	0.00000
2002	11	22	24	0.04041	0.06359	0.04859
2002	11	23	24	0.00000	0.00000	0.00000
2002	11	24	24	0.00000	0.00000	0.00000
2002	11	25	24	0.00000	0.00000	0.00000
2002	11	26	24	0.00000	0.00000	0.00000
2002	11	27	24	0.00000	0.00000	0.00000
2002	11	28	24	0.00000	0.00000	0.00000
2002	11	29	24	0.00018	0.01462	0.00528
2002	11	30	24	0.04218	0.00000	0.02729
2002	12	 1	24	0.00000	0.00000	0.00000
2002	12	 2	24	0.00000	0.00000	0.00000
2002	12	 3	24	0.00000	0.00000	0.00000
2002	12	 4	24	0.00000	0.00000	0.00000
2002	12	 5	24	0.00000	0.00000	0.00000
2002	12	 6	24	0.00000	0.00000	0.00000
2002	12	 7	24	0.00000	0.00000	0.00000
2002	12	 8	24	0.00000	0.00000	0.00000
2002	12	 9	24	0.00000	0.00000	0.00000
2002	12	10	24	0.00000	0.00000	0.00000
2002	12	11	24	0.00000	0.00000	0.00000
2002	12	12	24	0.00000	0.00000	0.00000
2002	12	13	24	0.00000	0.00000	0.00000
2002	12	14	24	0.00000	0.00000	0.00000
2002	12	15	24	0.00000	0.00000	0.00000
2002	12	16	24	0.00000	0.00000	0.00000
2002	12	17	24	0.00000	0.00000	0.00000
2002	12	18	24	0.00000	0.00000	0.00000
2002	12	19	24	0.00000	0.00000	0.00000
2002	12	20	24	0.00000	0.00000	0.00000
2002	12	21	24	0.00000	0.00000	0.00000
2002	12	22	24	0.00000	0.00000	0.00000
2002	12	23	24	0.00000	0.00000	0.00000
2002	12	24	24	0.00000	0.00000	0.00000
2002	12	25	24	0.00000	0.00000	0.00000
2002	12	26	24	0.00000	0.00000	0.00000
2002	12	27	24	0.00000	0.00000	0.00000
2002	12	28	24	0.00000	0.00000	0.00000
2002	12	29	24	0.13614	0.00000	0.08806
2002	12	30	24	0.38319	0.21495	0.32378
2002	12	31	24	0.00000	0.00000	0.00000
2003	 1	 1	24	0.00000	0.00000	0.00000
2003	 1	 2	24	0.34022	0.29703	0.32497
2003	 1	 3	24	0.07042	0.08286	0.07481
2003	 1	 4	24	0.00000	0.00000	0.00000
2003	 1	 5	24	0.00000	0.00000	0.00000
2003	 1	 6	24	0.00000	0.00000	0.00000
2003	 1	 7	24	0.00000	0.00000	0.00000
2003	 1	 8	24	0.00000	0.00000	0.00000
2003	 1	 9	24	0.00000	0.00000	0.00000
2003	 1	10	24	0.00000	0.00000	0.00000
2003	 1	11	24	0.00000	0.00000	0.00000
2003	 1	12	24	0.00000	0.00000	0.00000
2003	 1	13	24	0.00000	0.00000	0.00000
2003	 1	14	24	0.00000	0.00000	0.00000
2003	 1	15	24	0.00000	0.00000	0.00000
2003	 1	16	24	0.00000	0.00000	0.00000
2003	 1	17	24	0.00000	0.00000	0.00000
2003	 1	18	24	0.00000	0.00000	0.00000
2003	 1	19	24	0.00000	0.00000	0.00000
2003	 1	20	24	0.00000	0.00000	0.00000
2003	 1	21	24	0.00000	0.00000	0.00000
2003	 1	22	24	0.00000	0.00000	0.00000
2003	 1	23	24	0.00138	0.00000	0.00089
2003	 1	24	24	0.00000	0.00000	0.00000
2003	 1	25	24	0.00000	0.00000	0.00000
2003	 1	26	24	0.00000	0.00000	0.00000
2003	 1	27	24	0.01016	0.05416	0.02570
2003	 1	28	24	0.00963	0.01447	0.01134
2003	 1	29	24	0.00000	0.00000	0.00000
2003	 1	30	24	0.00000	0.00000	0.00000
2003	 1	31	24	0.00000	0.00000	0.00000
2003	 2	 1	24	0.00000	0.00000	0.00000
2003	 2	 2	24	0.00000	0.00000	0.00000
2003	 2	 3	24	0.00000	0.00000	0.00000
2003	 2	 4	24	0.00000	0.00000	0.00000
2003	 2	 5	24	0.00000	0.00000	0.00000
2003	 2	 6	24	0.00000	0.00000	0.00000
2003	 2	 7	24	0.00000	0.00000	0.00000
2003	 2	 8	24	0.00000	0.00000	0.00000
2003	 2	 9	24	0.00000	0.00000	0.00000
2003	 2	10	24	0.00000	0.00000	0.00000
2003	 2	11	24	0.00000	0.00000	0.00000
2003	 2	12	24	0.00000	0.00000	0.00000
2003	 2	13	24	0.00000	0.00000	0.00000
2003	 2	14	24	0.00000	0.00000	0.00000
2003	 2	15	24	0.00000	0.00000	0.00000
2003	 2	16	24	0.00000	0.00000	0.00000
2003	 2	17	24	0.00000	0.00000	0.00000
2003	 2	18	24	0.00000	0.00000	0.00000
2003	 2	19	24	0.00000	0.00000	0.00000
2003	 2	20	24	0.00000	0.00000	0.00000
2003	 2	21	24	0.00000	0.00000	0.00000
2003	 2	22	24	0.00000	0.00000	0.00000
2003	 2	23	24	0.00000	0.00000	0.00000
2003	 2	24	24	0.00000	0.00000	0.00000
2003	 2	25	24	0.00000	0.00000	0.00000
2003	 2	26	24	0.00000	0.00000	0.00000
2003	 2	27	24	0.00000	0.00000	0.00000
2003	 2	28	24	0.00000	0.00000	0.00000
2003	 3	 1	24	0.00000	0.00000	0.00000
2003	 3	 2	24	0.00000	0.00000	0.00000
2003	 3	 3	24	0.00000	0.00000	0.00000
2003	 3	 4	24	0.00000	0.00000	0.00000
2003	 3	 5	24	0.00000	0.00000	0.00000
2003	 3	 6	24	0.00000	0.00000	0.00000
2003	 3	 7	24	0.00000	0.00000	0.00000
2003	 3	 8	24	0.00000	0.00000	0.00000
2003	 3	 9	24	0.00000	0.00000	0.00000
2003	 3	10	24	0.00000	0.00000	0.00000
2003	 3	11	24	0.00000	0.07485	0.02643
2003	 3	12	24	0.00000	0.03152	0.01113
2003	 3	13	24	0.00000	0.00000	0.00000
2003	 3	14	24	0.00000	0.00000	0.00000
2003	 3	15	24	0.00000	0.00000	0.00000
2003	 3	16	24	0.00000	0.00000	0.00000
2003	 3	17	24	0.00000	0.00000	0.00000
2003	 3	18	24	0.00000	0.00000	0.00000
2003	 3	19	24	0.00000	0.00000	0.00000
2003	 3	20	24	0.00000	0.00000	0.00000
2003	 3	21	24	0.00000	0.00000	0.00000
2003	 3	22	24	0.00000	0.00000	0.00000
2003	 3	23	24	0.00000	0.00000	0.00000
2003	 3	24	24	0.00000	0.00000	0.00000
2003	 3	25	24	0.00000	0.00000	0.00000
2003	 3	26	24	0.00000	0.00000	0.00000
2003	 3	27	24	0.00000	0.00000	0.00000
2003	 3	28	24	0.00000	0.00000	0.00000
2003	 3	29	24	0.00000	0.00000	0.00000
2003	 3	30	24	0.00000	0.00000	0.00000
2003	 3	31	24	0.00000	0.00000	0.00000
2003	 4	 1	24	0.00000	0.00000	0.00000
2003	 4	 2	24	0.00000	0.00000	0.00000
2003	 4	 3	24	0.00000	0.00000	0.00000
2003	 4	 4	24	0.00000	0.00000	0.00000
2003	 4	 5	24	0.00000	0.00000	0.00000
2003	 4	 6	24	0.00000	0.00000	0.00000
2003	 4	 7	24	0.00000	0.00000	0.00000
2003	 4	 8	24	0.00000	0.00000	0.00000
2003	 4	 9	24	0.00000	0.00000	0.00000
2003	 4	10	24	0.00000	0.00000	0.00000
2003	 4	11	24	0.00000	0.00000	0.00000
2003	 4	12	24	0.00000	0.00000	0.00000
2003	 4	13	24	0.00000	0.00000	0.00000
2003	 4	14	24	0.00000	0.00000	0.00000
2003	 4	15	24	0.00000	0.00000	0.00000
2003	 4	16	24	0.00000	0.00000	0.00000
2003	 4	17	24	0.00000	0.00000	0.00000
2003	 4	18	24	0.01644	0.00000	0.01063
2003	 4	19	24	0.11446	0.05359	0.09297
2003	 4	20	24	0.00000	0.00000	0.00000
2003	 4	21	24	0.00000	0.00000	0.00000
2003	 4	22	24	0.00000	0.00000	0.00000
2003	 4	23	24	0.00000	0.00000	0.00000
2003	 4	24	24	0.00000	0.00000	0.00000
2003	 4	25	24	0.00000	0.00000	0.00000
2003	 4	26	24	0.00000	0.00000	0.00000
2003	 4	27	24	0.00000	0.00000	0.00000
2003	 4	28	24	0.00000	0.00000	0.00000
2003	 4	29	24	0.00000	0.00000	0.00000
2003	 4	30	24	0.00000	0.00000	0.00000
2003	 5	 1	24	0.00000	0.00000	0.00000
2003	 5	 2	24	0.00000	0.00000	0.00000
2003	 5	 3	24	0.00000	0.00000	0.00000
2003	 5	 4	24	0.00000	0.00000	0.00000
2003	 5	 5	24	0.00000	0.00000	0.00000
2003	 5	 6	24	0.00000	0.00000	0.00000
2003	 5	 7	24	0.00000	0.00000	0.00000
2003	 5	 8	24	0.00000	0.00000	0.00000
2003	 5	 9	24	0.00000	0.00000	0.00000
2003	 5	10	24	0.00000	0.00000	0.00000
2003	 5	11	24	0.00000	0.00000	0.00000
2003	 5	12	24	0.00000	0.00000	0.00000
2003	 5	13	24	0.00000	0.00000	0.00000
2003	 5	14	24	0.00000	0.00000	0.00000
2003	 5	15	24	0.00000	0.00000	0.00000
2003	 5	16	24	0.00000	0.00000	0.00000
2003	 5	17	24	0.00000	0.00000	0.00000
2003	 5	18	24	0.00000	0.00000	0.00000
2003	 5	19	24	0.00000	0.00000	0.00000
2003	 5	20	24	0.00000	0.00000	0.00000
2003	 5	21	24	0.00000	0.00000	0.00000
2003	 5	22	24	0.00000	0.00000	0.00000
2003	 5	23	24	0.00000	0.00000	0.00000
2003	 5	24	24	0.00000	0.00000	0.00000
2003	 5	25	24	0.00000	0.00000	0.00000
2003	 5	26	24	0.00000	0.00000	0.00000
2003	 5	27	24	0.00000	0.00000	0.00000
2003	 5	28	24	0.00000	0.00000	0.00000
2003	 5	29	24	0.00000	0.00000	0.00000
2003	 5	30	24	0.00000	0.00000	0.00000
2003	 5	31	24	0.00000	0.00000	0.00000
2003	 6	 1	24	0.00000	0.00000	0.00000
2003	 6	 2	24	0.00000	0.00000	0.00000
2003	 6	 3	24	0.00000	0.00000	0.00000
2003	 6	 4	24	0.00000	0.00000	0.00000
2003	 6	 5	24	0.00000	0.00000	0.00000
2003	 6	 6	24	0.00000	0.00000	0.00000
2003	 6	 7	24	0.00000	0.00000	0.00000
2003	 6	 8	24	0.00000	0.00000	0.00000
2003	 6	 9	24	0.00000	0.00000	0.00000
2003	 6	10	24	0.00000	0.00000	0.00000
2003	 6	11	24	0.00000	0.00000	0.00000
2003	 6	12	24	0.00000	0.00000	0.00000
2003	 6	13	24	0.00000	0.00000	0.00000
2003	 6	14	24	0.00000	0.00000	0.00000
2003	 6	15	24	0.00000	0.00000	0.00000
2003	 6	16	24	0.00000	0.00000	0.00000
2003	 6	17	24	0.00000	0.00000	0.00000
2003	 6	18	24	0.00000	0.00000	0.00000
2003	 6	19	24	0.00000	0.00000	0.00000
2003	 6	20	24	0.00000	0.00000	0.00000
2003	 6	21	24	0.00000	0.00000	0.00000
2003	 6	22	24	0.00000	0.00000	0.00000
2003	 6	23	24	0.00000	0.00000	0.00000
2003	 6	24	24	0.00000	0.00000	0.00000
2003	 6	25	24	0.00000	0.00000	0.00000
2003	 6	26	24	0.00000	0.00000	0.00000
2003	 6	27	24	0.00000	0.00000	0.00000
2003	 6	28	24	0.00000	0.00000	0.00000
2003	 6	29	24	0.00000	0.00000	0.00000
2003	 6	30	24	0.00000	0.00012	0.00004
2003	 7	 1	24	0.00000	0.00078	0.00028
2003	 7	 2	24	0.00000	0.00000	0.00000
2003	 7	 3	24	0.00000	0.00000	0.00000
2003	 7	 4	24	0.00000	0.00000	0.00000
2003	 7	 5	24	0.00000	0.00000	0.00000
2003	 7	 6	24	0.00000	0.00000	0.00000
2003	 7	 7	24	0.00000	0.00000	0.00000
2003	 7	 8	24	0.00000	0.00000	0.00000
2003	 7	 9	24	0.00000	0.00000	0.00000
2003	 7	10	24	0.00000	0.00000	0.00000
2003	 7	11	24	0.00000	0.00000	0.00000
2003	 7	12	24	0.00000	0.00000	0.00000
2003	 7	13	24	0.00000	0.00000	0.00000
2003	 7	14	24	0.00000	0.00000	0.00000
2003	 7	15	24	0.00000	0.00000	0.00000
2003	 7	16	24	0.00000	0.00000	0.00000
2003	 7	17	24	0.00000	0.00000	0.00000
2003	 7	18	24	0.00000	0.00000	0.00000
2003	 7	19	24	0.00000	0.00000	0.00000
2003	 7	20	24	0.00000	0.00000	0.00000
2003	 7	21	24	0.00000	0.00000	0.00000
2003	 7	22	24	0.00000	0.00000	0.00000
2003	 7	23	24	0.00000	0.00000	0.00000
2003	 7	24	24	0.00258	0.00498	0.00343
2003	 7	25	24	0.00000	0.00000	0.00000
2003	 7	26	24	0.00000	0.00000	0.00000
2003	 7	27	24	0.00949	0.18646	0.07198
2003	 7	28	24	0.00000	0.00000	0.00000
2003	 7	29	24	0.00000	0.00000	0.00000
2003	 7	30	24	0.00000	0.00000	0.00000
2003	 7	31	24	0.00000	0.00000	0.00000
2003	 8	 1	24	0.00000	0.00000	0.00000
2003	 8	 2	24	0.00000	0.00000	0.00000
2003	 8	 3	24	0.00000	0.00000	0.00000
2003	 8	 4	24	0.00000	0.00000	0.00000
2003	 8	 5	24	0.00000	0.00000	0.00000
2003	 8	 6	24	0.00000	0.00000	0.00000
2003	 8	 7	24	0.00000	0.00000	0.00000
2003	 8	 8	24	0.00000	0.00000	0.00000
2003	 8	 9	24	0.00000	0.00000	0.00000
2003	 8	10	24	0.00000	0.00000	0.00000
2003	 8	11	24	0.00000	0.00000	0.00000
2003	 8	12	24	0.00000	0.00000	0.00000
2003	 8	13	24	0.00000	0.00000	0.00000
2003	 8	14	24	0.00000	0.00000	0.00000
2003	 8	15	24	0.00000	0.00000	0.00000
2003	 8	16	24	0.00000	0.00000	0.00000
2003	 8	17	24	0.00000	0.00000	0.00000
2003	 8	18	24	0.00000	0.00000	0.00000
2003	 8	19	24	0.00000	0.00000	0.00000
2003	 8	20	24	0.00000	0.00000	0.00000
2003	 8	21	24	0.00000	0.00000	0.00000
2003	 8	22	24	0.00000	0.00000	0.00000
2003	 8	23	24	0.00000	0.00000	0.00000
2003	 8	24	24	0.00000	0.00000	0.00000
2003	 8	25	24	0.00000	0.00000	0.00000
2003	 8	26	24	0.00000	0.00000	0.00000
2003	 8	27	24	0.00000	0.00000	0.00000
2003	 8	28	24	0.00000	0.00000	0.00000
2003	 8	29	24	0.00000	0.00000	0.00000
2003	 8	30	24	0.00000	0.00000	0.00000
2003	 8	31	24	0.00000	0.00000	0.00000
2003	 9	 1	24	0.00000	0.00000	0.00000
2003	 9	 2	24	0.00000	0.00000	0.00000
2003	 9	 3	24	0.00000	0.00000	0.00000
2003	 9	 4	24	0.00000	0.00000	0.00000
2003	 9	 5	24	0.00000	0.00000	0.00000
2003	 9	 6	24	0.00000	0.00000	0.00000
2003	 9	 7	24	0.00000	0.00000	0.00000
2003	 9	 8	24	0.00000	0.00000	0.00000
2003	 9	 9	24	0.00000	0.00000	0.00000
2003	 9	10	24	0.00000	0.00000	0.00000
2003	 9	11	24	0.00000	0.00000	0.00000
2003	 9	12	24	0.00000	0.00000	0.00000
2003	 9	13	24	0.00000	0.00000	0.00000
2003	 9	14	24	0.00000	0.00000	0.00000
2003	 9	15	24	0.00000	0.00000	0.00000
2003	 9	16	24	0.00000	0.00000	0.00000
2003	 9	17	24	0.00000	0.00000	0.00000
2003	 9	18	24	0.00000	0.00000	0.00000
2003	 9	19	24	0.00000	0.00000	0.00000
2003	 9	20	24	0.00000	0.00000	0.00000
2003	 9	21	24	0.00000	0.00000	0.00000
2003	 9	22	24	0.00000	0.00000	0.00000
2003	 9	23	24	0.00000	0.00000	0.00000
2003	 9	24	24	0.00000	0.00000	0.00000
2003	 9	25	24	0.00000	0.00000	0.00000
2003	 9	26	24	0.00000	0.00000	0.00000
2003	 9	27	24	0.00000	0.00000	0.00000
2003	 9	28	24	0.00000	0.00000	0.00000
2003	 9	29	24	0.00000	0.00000	0.00000
2003	 9	30	24	0.00000	0.00000	0.00000
2003	10	 1	24	0.00000	0.00000	0.00000
2003	10	 2	24	0.00000	0.00000	0.00000
2003	10	 3	24	0.00000	0.00000	0.00000
2003	10	 4	24	0.00000	0.00000	0.00000
2003	10	 5	24	0.00000	0.00000	0.00000
2003	10	 6	24	0.00000	0.00000	0.00000
2003	10	 7	24	0.00000	0.00000	0.00000
2003	10	 8	24	0.18986	0.27874	0.22125
2003	10	 9	24	0.00000	0.00000	0.00000
2003	10	10	24	0.00000	0.00000	0.00000
2003	10	11	24	0.00000	0.00000	0.00000
2003	10	12	24	0.00000	0.00000	0.00000
2003	10	13	24	0.00000	0.00000	0.00000
2003	10	14	24	0.00000	0.00000	0.00000
2003	10	15	24	0.00000	0.00000	0.00000
2003	10	16	24	0.00000	0.00000	0.00000
2003	10	17	24	0.00000	0.00000	0.00000
2003	10	18	24	0.00000	0.00000	0.00000
2003	10	19	24	0.00000	0.00000	0.00000
2003	10	20	24	0.00000	0.00000	0.00000
2003	10	21	24	0.00000	0.00000	0.00000
2003	10	22	24	0.00000	0.00000	0.00000
2003	10	23	24	0.00000	0.00000	0.00000
2003	10	24	24	0.00000	0.00000	0.00000
2003	10	25	24	0.00000	0.00000	0.00000
2003	10	26	24	0.00000	0.00000	0.00000
2003	10	27	24	0.00000	0.00000	0.00000
2003	10	28	24	0.00000	0.00000	0.00000
2003	10	29	24	0.00000	0.00000	0.00000
2003	10	30	24	0.00000	0.00000	0.00000
2003	10	31	24	0.00000	0.00000	0.00000
2003	11	 1	24	0.00000	0.00000	0.00000
2003	11	 2	24	0.00000	0.00000	0.00000
2003	11	 3	24	0.00000	0.00000	0.00000
2003	11	 4	24	0.00000	0.00000	0.00000
2003	11	 5	24	0.00000	0.00000	0.00000
2003	11	 6	24	0.00000	0.00000	0.00000
2003	11	 7	24	0.00000	0.00000	0.00000
2003	11	 8	24	0.00000	0.00000	0.00000
2003	11	 9	24	0.00000	0.00000	0.00000
2003	11	10	24	0.00000	0.00000	0.00000
2003	11	11	24	0.00000	0.00000	0.00000
2003	11	12	24	0.00000	0.00000	0.00000
2003	11	13	24	0.00000	0.00000	0.00000
2003	11	14	24	0.00000	0.00000	0.00000
2003	11	15	24	0.00000	0.00000	0.00000
2003	11	16	24	0.00000	0.00000	0.00000
2003	11	17	24	0.00000	0.00000	0.00000
2003	11	18	24	0.00000	0.00000	0.00000
2003	11	19	24	0.00000	0.00000	0.00000
2003	11	20	24	0.00000	0.00000	0.00000
2003	11	21	24	0.00000	0.00000	0.00000
2003	11	22	24	0.00000	0.00000	0.00000
2003	11	23	24	0.00000	0.00000	0.00000
2003	11	24	24	0.00000	0.00000	0.00000
2003	11	25	24	0.00000	0.00000	0.00000
2003	11	26	24	0.00000	0.00000	0.00000
2003	11	27	24	0.00000	0.00000	0.00000
2003	11	28	24	0.00000	0.00000	0.00000
2003	11	29	24	0.00000	0.00000	0.00000
2003	11	30	24	0.00000	0.00000	0.00000
2003	12	 1	24	0.00000	0.00000	0.00000
2003	12	 2	24	0.00000	0.00000	0.00000
2003	12	 3	24	0.00000	0.00000	0.00000
2003	12	 4	24	0.00000	0.00000	0.00000
2003	12	 5	24	0.00000	0.00000	0.00000
2003	12	 6	24	0.00000	0.00000	0.00000
2003	12	 7	24	0.00000	0.00000	0.00000
2003	12	 8	24	0.00000	0.00000	0.00000
2003	12	 9	24	0.00000	0.00000	0.00000
2003	12	10	24	0.00000	0.00000	0.00000
2003	12	11	24	0.00000	0.00000	0.00000
2003	12	12	24	0.00000	0.00000	0.00000
2003	12	13	24	0.01176	0.12079	0.05026
2003	12	14	24	0.03459	0.13632	0.07051
2003	12	15	24	0.00000	0.00000	0.00000
2003	12	16	24	0.00000	0.00000	0.00000
2003	12	17	24	0.00000	0.00000	0.00000
2003	12	18	24	0.00000	0.00000	0.00000
2003	12	19	24	0.00000	0.00000	0.00000
2003	12	20	24	0.00000	0.00000	0.00000
2003	12	21	24	0.00000	0.00000	0.00000
2003	12	22	24	0.00000	0.00000	0.00000
2003	12	23	24	0.00000	0.00000	0.00000
2003	12	24	24	0.00000	0.00000	0.00000
2003	12	25	24	0.00000	0.00000	0.00000
2003	12	26	24	0.00000	0.00000	0.00000
2003	12	27	24	0.00000	0.00000	0.00000
2003	12	28	24	0.00000	0.00000	0.00000
2003	12	29	24	0.00000	0.00000	0.00000
2003	12	30	24	0.00000	0.00000	0.00000
2003	12	31	24	0.00000	0.00000	0.00000
2004	 1	 1	24	0.00000	0.00000	0.00000
2004	 1	 2	24	0.00000	0.00000	0.00000
2004	 1	 3	24	0.00000	0.00000	0.00000
2004	 1	 4	24	0.00000	0.00000	0.00000
2004	 1	 5	24	0.00000	0.00000	0.00000
2004	 1	 6	24	0.00000	0.00000	0.00000
2004	 1	 7	24	0.00000	0.00000	0.00000
2004	 1	 8	24	0.00000	0.00000	0.00000
2004	 1	 9	24	0.00000	0.00000	0.00000
2004	 1	10	24	0.00000	0.00000	0.00000
2004	 1	11	24	0.03998	0.00000	0.02586
2004	 1	12	24	0.00000	0.00000	0.00000
2004	 1	13	24	0.00477	0.00000	0.00309
2004	 1	14	24	0.00000	0.00000	0.00000
2004	 1	15	24	0.00000	0.00000	0.00000
2004	 1	16	24	0.00000	0.00000	0.00000
2004	 1	17	24	0.00000	0.00000	0.00000
2004	 1	18	24	0.00000	0.00000	0.00000
2004	 1	19	24	0.00000	0.00000	0.00000
2004	 1	20	24	0.00000	0.00000	0.00000
2004	 1	21	24	0.00000	0.00000	0.00000
2004	 1	22	24	0.00000	0.00000	0.00000
2004	 1	23	24	0.00000	0.00000	0.00000
2004	 1	24	24	0.00000	0.00000	0.00000
2004	 1	25	24	0.00000	0.00000	0.00000
2004	 1	26	24	0.00000	0.00000	0.00000
2004	 1	27	24	0.00000	0.00000	0.00000
2004	 1	28	24	0.00000	0.00000	0.00000
2004	 1	29	24	0.00000	0.00000	0.00000
2004	 1	30	24	0.00000	0.00000	0.00000
2004	 1	31	24	0.00000	0.00000	0.00000
2004	 2	 1	24	0.00813	0.00000	0.00526
2004	 2	 2	24	0.45067	0.41273	0.43727
2004	 2	 3	24	0.03597	0.03081	0.03415
2004	 2	 4	24	0.03793	0.06951	0.04908
2004	 2	 5	24	0.02176	0.08843	0.04530
2004	 2	 6	24	0.01350	0.07017	0.03351
2004	 2	 7	24	0.00197	0.01431	0.00633
2004	 2	 8	24	0.00001	0.00000	0.00001
2004	 2	 9	24	0.00000	0.00000	0.00000
2004	 2	10	24	0.00000	0.00000	0.00000
2004	 2	11	24	0.00000	0.00000	0.00000
2004	 2	12	24	0.00000	0.00000	0.00000
2004	 2	13	24	0.00000	0.00000	0.00000
2004	 2	14	24	0.00000	0.00000	0.00000
2004	 2	15	24	0.00000	0.00000	0.00000
2004	 2	16	24	0.00000	0.00000	0.00000
2004	 2	17	24	0.00000	0.00000	0.00000
2004	 2	18	24	0.00000	0.00000	0.00000
2004	 2	19	24	0.00000	0.00000	0.00000
2004	 2	20	24	0.00000	0.00000	0.00000
2004	 2	21	24	0.00000	0.00000	0.00000
2004	 2	22	24	0.00000	0.00000	0.00000
2004	 2	23	24	0.00000	0.00000	0.00000
2004	 2	24	24	0.00000	0.00000	0.00000
2004	 2	25	24	0.00000	0.00000	0.00000
2004	 2	26	24	0.00000	0.00000	0.00000
2004	 2	27	24	0.00000	0.00000	0.00000
2004	 2	28	24	0.00000	0.00000	0.00000
2004	 2	29	24	0.00000	0.00000	0.00000
2004	 3	 1	24	0.00000	0.00000	0.00000
2004	 3	 2	24	0.00000	0.00000	0.00000
2004	 3	 3	24	0.00000	0.00000	0.00000
2004	 3	 4	24	0.00000	0.00000	0.00000
2004	 3	 5	24	0.00000	0.00000	0.00000
2004	 3	 6	24	0.00000	0.00000	0.00000
2004	 3	 7	24	0.00000	0.00000	0.00000
2004	 3	 8	24	0.00000	0.00000	0.00000
2004	 3	 9	24	0.00000	0.00000	0.00000
2004	 3	10	24	0.00000	0.00000	0.00000
2004	 3	11	24	0.00000	0.00000	0.00000
2004	 3	12	24	0.00000	0.00000	0.00000
2004	 3	13	24	0.00000	0.00000	0.00000
2004	 3	14	24	0.00000	0.00000	0.00000
2004	 3	15	24	0.00000	0.00000	0.00000
2004	 3	16	24	0.00000	0.00060	0.00021
2004	 3	17	24	0.01760	0.15141	0.06485
2004	 3	18	24	0.01838	0.18511	0.07725
2004	 3	19	24	0.01398	0.19349	0.07736
2004	 3	20	24	0.00809	0.16141	0.06223
2004	 3	21	24	0.00030	0.02144	0.00776
2004	 3	22	24	0.00000	0.00000	0.00000
2004	 3	23	24	0.00000	0.00000	0.00000
2004	 3	24	24	0.15815	0.00000	0.10231
2004	 3	25	24	0.00000	0.00000	0.00000
2004	 3	26	24	0.00000	0.00000	0.00000
2004	 3	27	24	0.00000	0.00000	0.00000
2004	 3	28	24	0.00000	0.00000	0.00000
2004	 3	29	24	0.00000	0.00000	0.00000
2004	 3	30	24	0.00000	0.00000	0.00000
2004	 3	31	24	0.00000	0.00000	0.00000
2004	 4	 1	24	0.00000	0.00000	0.00000
2004	 4	 2	24	0.00000	0.00125	0.00044
2004	 4	 3	24	0.00000	0.00000	0.00000
2004	 4	 4	24	0.00000	0.00000	0.00000
2004	 4	 5	24	0.00000	0.00000	0.00000
2004	 4	 6	24	0.00000	0.00000	0.00000
2004	 4	 7	24	0.00000	0.00000	0.00000
2004	 4	 8	24	0.00000	0.00000	0.00000
2004	 4	 9	24	0.00000	0.00000	0.00000
2004	 4	10	24	0.00000	0.00000	0.00000
2004	 4	11	24	0.00000	0.00000	0.00000
2004	 4	12	24	0.00000	0.00000	0.00000
2004	 4	13	24	0.00000	0.00000	0.00000
2004	 4	14	24	0.00000	0.00000	0.00000
2004	 4	15	24	0.00000	0.00000	0.00000
2004	 4	16	24	0.00000	0.00000	0.00000
2004	 4	17	24	0.00000	0.00000	0.00000
2004	 4	18	24	0.00000	0.00000	0.00000
2004	 4	19	24	0.00000	0.00000	0.00000
2004	 4	20	24	0.00000	0.00000	0.00000
2004	 4	21	24	0.00000	0.00000	0.00000
2004	 4	22	24	0.00000	0.00000	0.00000
2004	 4	23	24	0.00000	0.00000	0.00000
2004	 4	24	24	0.00000	0.00000	0.00000
2004	 4	25	24	0.00000	0.00000	0.00000
2004	 4	26	24	0.00000	0.00000	0.00000
2004	 4	27	24	0.00000	0.00000	0.00000
2004	 4	28	24	0.00000	0.00000	0.00000
2004	 4	29	24	0.00000	0.00000	0.00000
2004	 4	30	24	0.00000	0.00000	0.00000
2004	 5	 1	24	0.00000	0.00000	0.00000
2004	 5	 2	24	0.00000	0.00000	0.00000
2004	 5	 3	24	0.00000	0.00000	0.00000
2004	 5	 4	24	0.00000	0.00000	0.00000
2004	 5	 5	24	0.01124	0.00000	0.00727
2004	 5	 6	24	0.12408	0.10318	0.11670
2004	 5	 7	24	0.00000	0.00000	0.00000
2004	 5	 8	24	0.00000	0.00000	0.00000
2004	 5	 9	24	0.00000	0.00000	0.00000
2004	 5	10	24	0.24224	0.12400	0.20048
2004	 5	11	24	0.00000	0.00000	0.00000
2004	 5	12	24	0.00000	0.00000	0.00000
2004	 5	13	24	0.00000	0.00000	0.00000
2004	 5	14	24	0.00000	0.00000	0.00000
2004	 5	15	24	0.04953	0.04756	0.04883
2004	 5	16	24	0.00000	0.00000	0.00000
2004	 5	17	24	0.00000	0.00000	0.00000
2004	 5	18	24	0.00000	0.00000	0.00000
2004	 5	19	24	0.00000	0.00000	0.00000
2004	 5	20	24	0.00000	0.00000	0.00000
2004	 5	21	24	0.00000	0.00000	0.00000
2004	 5	22	24	0.00000	0.00000	0.00000
2004	 5	23	24	0.00000	0.00444	0.00157
2004	 5	24	24	0.00000	0.00000	0.00000
2004	 5	25	24	0.00000	0.00000	0.00000
2004	 5	26	24	0.00000	0.00000	0.00000
2004	 5	27	24	0.00000	0.00000	0.00000
2004	 5	28	24	0.00000	0.00000	0.00000
2004	 5	29	24	0.00000	0.00000	0.00000
2004	 5	30	24	0.00000	0.00000	0.00000
2004	 5	31	24	0.00000	0.00000	0.00000
2004	 6	 1	24	0.00000	0.00000	0.00000
2004	 6	 2	24	0.00000	0.00000	0.00000
2004	 6	 3	24	0.00000	0.00000	0.00000
2004	 6	 4	24	0.00000	0.00000	0.00000
2004	 6	 5	24	0.00000	0.00000	0.00000
2004	 6	 6	24	0.00000	0.00000	0.00000
2004	 6	 7	24	0.00000	0.00000	0.00000
2004	 6	 8	24	0.00000	0.00000	0.00000
2004	 6	 9	24	0.00000	0.00000	0.00000
2004	 6	10	24	0.00000	0.00000	0.00000
2004	 6	11	24	0.00000	0.00000	0.00000
2004	 6	12	24	0.00000	0.00000	0.00000
2004	 6	13	24	0.00000	0.00000	0.00000
2004	 6	14	24	0.00000	0.00000	0.00000
2004	 6	15	24	0.00000	0.00000	0.00000
2004	 6	16	24	0.00000	0.00000	0.00000
2004	 6	17	24	0.00000	0.00000	0.00000
2004	 6	18	24	0.00000	0.00000	0.00000
2004	 6	19	24	0.00000	0.00000	0.00000
2004	 6	20	24	0.00000	0.00000	0.00000
2004	 6	21	24	0.00000	0.00000	0.00000
2004	 6	22	24	0.00000	0.00000	0.00000
2004	 6	23	24	0.00000	0.00000	0.00000
2004	 6	24	24	0.00000	0.00000	0.00000
2004	 6	25	24	0.00000	0.00000	0.00000
2004	 6	26	24	0.00000	0.00000	0.00000
2004	 6	27	24	0.00000	0.00000	0.00000
2004	 6	28	24	0.00000	0.00000	0.00000
2004	 6	29	24	0.00000	0.00000	0.00000
2004	 6	30	24	0.00000	0.00000	0.00000
2004	 7	 1	24	0.00000	0.00000	0.00000
2004	 7	 2	24	0.00000	0.00000	0.00000
2004	 7	 3	24	0.00000	0.00000	0.00000
2004	 7	 4	24	0.00000	0.00000	0.00000
2004	 7	 5	24	0.00000	0.00000	0.00000
2004	 7	 6	24	0.00000	0.00000	0.00000
2004	 7	 7	24	0.00000	0.00000	0.00000
2004	 7	 8	24	0.14561	0.64345	0.32140
2004	 7	 9	24	0.00000	0.00000	0.00000
2004	 7	10	24	0.00000	0.00000	0.00000
2004	 7	11	24	0.00000	0.00000	0.00000
2004	 7	12	24	0.00000	0.00000	0.00000
2004	 7	13	24	0.00000	0.00000	0.00000
2004	 7	14	24	0.00000	0.00000	0.00000
2004	 7	15	24	0.00000	0.00000	0.00000
2004	 7	16	24	0.00000	0.00000	0.00000
2004	 7	17	24	0.00000	0.00000	0.00000
2004	 7	18	24	0.00000	0.00000	0.00000
2004	 7	19	24	0.00000	0.00000	0.00000
2004	 7	20	24	0.00000	0.00000	0.00000
2004	 7	21	24	0.00000	0.00000	0.00000
2004	 7	22	24	0.03970	0.09543	0.05938
2004	 7	23	24	0.00000	0.00000	0.00000
2004	 7	24	24	0.00000	0.00000	0.00000
2004	 7	25	24	0.00000	0.00000	0.00000
2004	 7	26	24	0.00000	0.00000	0.00000
2004	 7	27	24	0.00000	0.00000	0.00000
2004	 7	28	24	0.00000	0.00000	0.00000
2004	 7	29	24	0.00000	0.00000	0.00000
2004	 7	30	24	0.00000	0.00000	0.00000
2004	 7	31	24	0.00000	0.00000	0.00000
2004	 8	 1	24	0.00000	0.00000	0.00000
2004	 8	 2	24	0.00000	0.00000	0.00000
2004	 8	 3	24	0.00000	0.00000	0.00000
2004	 8	 4	24	0.00000	0.00000	0.00000
2004	 8	 5	24	0.00000	0.00000	0.00000
2004	 8	 6	24	0.00000	0.00000	0.00000
2004	 8	 7	24	0.00000	0.00000	0.00000
2004	 8	 8	24	0.00000	0.00000	0.00000
2004	 8	 9	24	0.00000	0.00000	0.00000
2004	 8	10	24	0.00000	0.00000	0.00000
2004	 8	11	24	0.00000	0.00000	0.00000
2004	 8	12	24	0.00199	0.05013	0.01899
2004	 8	13	24	0.00000	0.00000	0.00000
2004	 8	14	24	0.00000	0.00000	0.00000
2004	 8	15	24	0.00000	0.00000	0.00000
2004	 8	16	24	0.00000	0.00000	0.00000
2004	 8	17	24	0.00000	0.00000	0.00000
2004	 8	18	24	0.00000	0.00000	0.00000
2004	 8	19	24	0.00000	0.00000	0.00000
2004	 8	20	24	0.00000	0.00000	0.00000
2004	 8	21	24	0.00000	0.00000	0.00000
2004	 8	22	24	0.00000	0.00000	0.00000
2004	 8	23	24	0.00000	0.00000	0.00000
2004	 8	24	24	0.00000	0.00000	0.00000
2004	 8	25	24	0.00000	0.00000	0.00000
2004	 8	26	24	0.00000	0.00033	0.00012
2004	 8	27	24	0.00000	0.00000	0.00000
2004	 8	28	24	0.00000	0.00000	0.00000
2004	 8	29	24	0.00000	0.00000	0.00000
2004	 8	30	24	0.00000	0.00000	0.00000
2004	 8	31	24	0.00000	0.00000	0.00000
2004	 9	 1	24	0.00000	0.00000	0.00000
2004	 9	 2	24	0.00000	0.00000	0.00000
2004	 9	 3	24	0.00000	0.00000	0.00000
2004	 9	 4	24	0.00000	0.00000	0.00000
2004	 9	 5	24	0.00000	0.00000	0.00000
2004	 9	 6	24	0.00000	0.00000	0.00000
2004	 9	 7	24	0.00000	0.00000	0.00000
2004	 9	 8	24	0.00000	0.00000	0.00000
2004	 9	 9	24	0.00000	0.00000	0.00000
2004	 9	10	24	0.00000	0.00000	0.00000
2004	 9	11	24	0.00000	0.00000	0.00000
2004	 9	12	24	0.00000	0.00000	0.00000
2004	 9	13	24	0.00000	0.00000	0.00000
2004	 9	14	24	0.00000	0.00000	0.00000
2004	 9	15	24	0.00000	0.00000	0.00000
2004	 9	16	24	0.00000	0.00000	0.00000
2004	 9	17	24	0.00000	0.00000	0.00000
2004	 9	18	24	0.00000	0.00000	0.00000
2004	 9	19	24	0.00000	0.00000	0.00000
2004	 9	20	24	0.00000	0.00000	0.00000
2004	 9	21	24	0.00000	0.00196	0.00069
2004	 9	22	24	0.00000	0.00198	0.00070
2004	 9	23	24	0.00000	0.00037	0.00013
2004	 9	24	24	0.00000	0.00000	0.00000
2004	 9	25	24	0.00000	0.00000	0.00000
2004	 9	26	24	0.00000	0.00000	0.00000
2004	 9	27	24	0.00000	0.00000	0.00000
2004	 9	28	24	0.00000	0.00000	0.00000
2004	 9	29	24	0.00000	0.00000	0.00000
2004	 9	30	24	0.00000	0.00000	0.00000
2004	10	 1	24	0.00000	0.00000	0.00000
2004	10	 2	24	0.00000	0.00000	0.00000
2004	10	 3	24	0.00000	0.00000	0.00000
2004	10	 4	24	0.00000	0.00000	0.00000
2004	10	 5	24	0.00000	0.00000	0.00000
2004	10	 6	24	0.00000	0.00000	0.00000
2004	10	 7	24	0.00000	0.00000	0.00000
2004	10	 8	24	0.00000	0.00000	0.00000
2004	10	 9	24	0.00000	0.00000	0.00000
2004	10	10	24	0.00000	0.00000	0.00000
2004	10	11	24	0.00000	0.00000	0.00000
2004	10	12	24	0.00000	0.00000	0.00000
2004	10	13	24	0.00000	0.00000	0.00000
2004	10	14	24	0.00000	0.00000	0.00000
2004	10	15	24	0.00000	0.00000	0.00000
2004	10	16	24	0.00000	0.00000	0.00000
2004	10	17	24	0.00000	0.00000	0.00000
2004	10	18	24	0.00000	0.00000	0.00000
2004	10	19	24	0.00000	0.00000	0.00000
2004	10	20	24	0.00000	0.00000	0.00000
2004	10	21	24	0.00000	0.00000	0.00000
2004	10	22	24	0.00000	0.00000	0.00000
2004	10	23	24	0.00000	0.00000	0.00000
2004	10	24	24	0.00000	0.00000	0.00000
2004	10	25	24	0.00000	0.00000	0.00000
2004	10	26	24	0.00000	0.00000	0.00000
2004	10	27	24	0.00000	0.00000	0.00000
2004	10	28	24	0.00000	0.00000	0.00000
2004	10	29	24	0.00000	0.00000	0.00000
2004	10	30	24	0.00000	0.00000	0.00000
2004	10	31	24	0.00000	0.00000	0.00000
2004	11	 1	24	0.00000	0.00000	0.00000
2004	11	 2	24	0.00000	0.00000	0.00000
2004	11	 3	24	0.00000	0.00000	0.00000
2004	11	 4	24	0.00000	0.00000	0.00000
2004	11	 5	24	0.00000	0.00000	0.00000
2004	11	 6	24	0.00000	0.00000	0.00000
2004	11	 7	24	0.00000	0.00000	0.00000
2004	11	 8	24	0.00000	0.00000	0.00000
2004	11	 9	24	0.10776	0.00000	0.06971
2004	11	10	24	0.00000	0.00000	0.00000
2004	11	11	24	0.00000	0.00000	0.00000
2004	11	12	24	0.00000	0.00000	0.00000
2004	11	13	24	0.00000	0.00000	0.00000
2004	11	14	24	0.00000	0.00000	0.00000
2004	11	15	24	0.00000	0.00000	0.00000
2004	11	16	24	0.00431	0.00087	0.00310
2004	11	17	24	0.00101	0.05452	0.01990
2004	11	18	24	0.20653	0.38011	0.26782
2004	11	19	24	0.00000	0.00000	0.00000
2004	11	20	24	0.00000	0.00000	0.00000
2004	11	21	24	0.00000	0.00000	0.00000
2004	11	22	24	0.10888	0.08013	0.09873
2004	11	23	24	0.01524	0.00097	0.01020
2004	11	24	24	0.00000	0.00000	0.00000
2004	11	25	24	0.00000	0.00000	0.00000
2004	11	26	24	0.00000	0.00000	0.00000
2004	11	27	24	0.00000	0.00000	0.00000
2004	11	28	24	0.00000	0.00000	0.00000
2004	11	29	24	0.00000	0.00000	0.00000
2004	11	30	24	0.00000	0.00000	0.00000
2004	12	 1	24	0.00000	0.00000	0.00000
2004	12	 2	24	0.00000	0.00000	0.00000
2004	12	 3	24	0.00000	0.00000	0.00000
2004	12	 4	24	0.00000	0.00000	0.00000
2004	12	 5	24	0.00000	0.00000	0.00000
2004	12	 6	24	0.00000	0.00000	0.00000
2004	12	 7	24	0.00000	0.00000	0.00000
2004	12	 8	24	0.00000	0.00000	0.00000
2004	12	 9	24	0.00000	0.00000	0.00000
2004	12	10	24	0.00000	0.00000	0.00000
2004	12	11	24	0.00000	0.00000	0.00000
2004	12	12	24	0.00000	0.00000	0.00000
2004	12	13	24	0.00000	0.00000	0.00000
2004	12	14	24	0.00000	0.00000	0.00000
2004	12	15	24	0.00000	0.00000	0.00000
2004	12	16	24	0.00000	0.00000	0.00000
2004	12	17	24	0.00000	0.00000	0.00000
2004	12	18	24	0.00000	0.00000	0.00000
2004	12	19	24	0.00000	0.00000	0.00000
2004	12	20	24	0.00000	0.00000	0.00000
2004	12	21	24	0.00000	0.00000	0.00000
2004	12	22	24	0.00000	0.00000	0.00000
2004	12	23	24	0.00000	0.00000	0.00000
2004	12	24	24	0.00000	0.00000	0.00000
2004	12	25	24	0.00000	0.00000	0.00000
2004	12	26	24	0.00096	0.00000	0.00062
2004	12	27	24	0.00000	0.00000	0.00000
2004	12	28	24	0.00000	0.00000	0.00000
2004	12	29	24	0.00000	0.00000	0.00000
2004	12	30	24	0.00000	0.00000	0.00000
2004	12	31	24	0.00000	0.00000	0.00000
2005	 1	 1	24	0.00000	0.00000	0.00000
2005	 1	 2	24	0.00000	0.00000	0.00000
2005	 1	 3	24	0.00469	0.00000	0.00303
2005	 1	 4	24	0.00000	0.00000	0.00000
2005	 1	 5	24	0.00000	0.00000	0.00000
2005	 1	 6	24	0.00000	0.00000	0.00000
2005	 1	 7	24	0.00000	0.00000	0.00000
2005	 1	 8	24	0.00000	0.00000	0.00000
2005	 1	 9	24	0.00000	0.00000	0.00000
2005	 1	10	24	0.00000	0.00000	0.00000
2005	 1	11	24	0.00000	0.00000	0.00000
2005	 1	12	24	0.00000	0.00000	0.00000
2005	 1	13	24	0.00000	0.00000	0.00000
2005	 1	14	24	0.00000	0.00000	0.00000
2005	 1	15	24	0.00000	0.00000	0.00000
2005	 1	16	24	0.00000	0.00000	0.00000
2005	 1	17	24	0.00000	0.00000	0.00000
2005	 1	18	24	0.00000	0.00000	0.00000
2005	 1	19	24	0.00000	0.00000	0.00000
2005	 1	20	24	0.31867	0.31010	0.31565
2005	 1	21	24	0.00420	0.00000	0.00271
2005	 1	22	24	0.00000	0.00000	0.00000
2005	 1	23	24	0.00000	0.00000	0.00000
2005	 1	24	24	0.00000	0.00000	0.00000
2005	 1	25	24	0.00000	0.00000	0.00000
2005	 1	26	24	0.00000	0.00000	0.00000
2005	 1	27	24	0.00000	0.00000	0.00000
2005	 1	28	24	0.00000	0.00000	0.00000
2005	 1	29	24	0.00000	0.00000	0.00000
2005	 1	30	24	0.00000	0.00000	0.00000
2005	 1	31	24	0.00015	0.00000	0.00009
2005	 2	 1	24	0.00000	0.00000	0.00000
2005	 2	 2	24	0.00000	0.00000	0.00000
2005	 2	 3	24	0.00000	0.00000	0.00000
2005	 2	 4	24	0.00000	0.00000	0.00000
2005	 2	 5	24	0.00000	0.00000	0.00000
2005	 2	 6	24	0.00000	0.00000	0.00000
2005	 2	 7	24	0.00000	0.00000	0.00000
2005	 2	 8	24	0.00000	0.00000	0.00000
2005	 2	 9	24	0.00000	0.00000	0.00000
2005	 2	10	24	0.00000	0.00000	0.00000
2005	 2	11	24	0.00008	0.00000	0.00005
2005	 2	12	24	0.08139	0.12075	0.09529
2005	 2	13	24	0.00000	0.00000	0.00000
2005	 2	14	24	0.00000	0.00000	0.00000
2005	 2	15	24	0.00000	0.00000	0.00000
2005	 2	16	24	0.00000	0.00000	0.00000
2005	 2	17	24	0.00000	0.00000	0.00000
2005	 2	18	24	0.00000	0.00000	0.00000
2005	 2	19	24	0.00000	0.00000	0.00000
2005	 2	20	24	0.00000	0.00000	0.00000
2005	 2	21	24	0.00000	0.00000	0.00000
2005	 2	22	24	0.00000	0.00000	0.00000
2005	 2	23	24	0.00000	0.00000	0.00000
2005	 2	24	24	0.00000	0.00000	0.00000
2005	 2	25	24	0.00000	0.00000	0.00000
2005	 2	26	24	0.00000	0.00000	0.00000
2005	 2	27	24	0.00000	0.00000	0.00000
2005	 2	28	24	0.00000	0.00000	0.00000
2005	 3	 1	24	0.00000	0.00000	0.00000
2005	 3	 2	24	0.00000	0.00000	0.00000
2005	 3	 3	24	0.00000	0.00000	0.00000
2005	 3	 4	24	0.00000	0.00000	0.00000
2005	 3	 5	24	0.00000	0.00000	0.00000
2005	 3	 6	24	0.00000	0.00000	0.00000
2005	 3	 7	24	0.00000	0.00000	0.00000
2005	 3	 8	24	0.00000	0.00000	0.00000
2005	 3	 9	24	0.00000	0.00000	0.00000
2005	 3	10	24	0.00000	0.00000	0.00000
2005	 3	11	24	0.00000	0.00000	0.00000
2005	 3	12	24	0.00000	0.00000	0.00000
2005	 3	13	24	0.00000	0.00000	0.00000
2005	 3	14	24	0.00000	0.00000	0.00000
2005	 3	15	24	0.00000	0.00000	0.00000
2005	 3	16	24	0.00430	0.02994	0.01335
2005	 3	17	24	0.13676	0.25799	0.17956
2005	 3	18	24	0.15587	0.32880	0.21694
2005	 3	19	24	0.00000	0.00000	0.00000
2005	 3	20	24	0.00000	0.00000	0.00000
2005	 3	21	24	0.00000	0.00000	0.00000
2005	 3	22	24	0.00000	0.00000	0.00000
2005	 3	23	24	0.00000	0.00000	0.00000
2005	 3	24	24	0.00015	0.00230	0.00091
2005	 3	25	24	0.02332	0.10706	0.05289
2005	 3	26	24	0.00254	0.02725	0.01127
2005	 3	27	24	0.00094	0.01089	0.00445
2005	 3	28	24	0.00041	0.00750	0.00291
2005	 3	29	24	0.00115	0.01370	0.00558
2005	 3	30	24	0.00000	0.00000	0.00000
2005	 3	31	24	0.00000	0.00000	0.00000
2005	 4	 1	24	0.00000	0.00000	0.00000
2005	 4	 2	24	0.00000	0.00000	0.00000
2005	 4	 3	24	0.00096	0.03423	0.01271
2005	 4	 4	24	0.00000	0.06218	0.02196
2005	 4	 5	24	0.00000	0.02734	0.00965
2005	 4	 6	24	0.00000	0.02247	0.00793
2005	 4	 7	24	0.00000	0.00844	0.00298
2005	 4	 8	24	0.00000	0.00000	0.00000
2005	 4	 9	24	0.00000	0.00000	0.00000
2005	 4	10	24	0.00000	0.00000	0.00000
2005	 4	11	24	0.00000	0.00000	0.00000
2005	 4	12	24	0.00000	0.00000	0.00000
2005	 4	13	24	0.00000	0.00000	0.00000
2005	 4	14	24	0.00000	0.00000	0.00000
2005	 4	15	24	0.00000	0.00000	0.00000
2005	 4	16	24	0.00000	0.00000	0.00000
2005	 4	17	24	0.00000	0.00000	0.00000
2005	 4	18	24	0.00000	0.00000	0.00000
2005	 4	19	24	0.00000	0.00000	0.00000
2005	 4	20	24	0.00000	0.00000	0.00000
2005	 4	21	24	0.00000	0.00000	0.00000
2005	 4	22	24	0.00000	0.00000	0.00000
2005	 4	23	24	0.00000	0.00000	0.00000
2005	 4	24	24	0.00000	0.00000	0.00000
2005	 4	25	24	0.00000	0.00000	0.00000
2005	 4	26	24	0.00000	0.00000	0.00000
2005	 4	27	24	0.00000	0.00000	0.00000
2005	 4	28	24	0.00000	0.00000	0.00000
2005	 4	29	24	0.00000	0.00000	0.00000
2005	 4	30	24	0.00000	0.00000	0.00000
2005	 5	 1	24	0.00000	0.00000	0.00000
2005	 5	 2	24	0.00000	0.00000	0.00000
2005	 5	 3	24	0.00000	0.00000	0.00000
2005	 5	 4	24	0.00000	0.00000	0.00000
2005	 5	 5	24	0.00000	0.00000	0.00000
2005	 5	 6	24	0.00000	0.00000	0.00000
2005	 5	 7	24	0.00000	0.00000	0.00000
2005	 5	 8	24	0.00000	0.00000	0.00000
2005	 5	 9	24	0.00000	0.00000	0.00000
2005	 5	10	24	0.00000	0.00000	0.00000
2005	 5	11	24	0.00000	0.00000	0.00000
2005	 5	12	24	0.00000	0.00000	0.00000
2005	 5	13	24	0.00000	0.00000	0.00000
2005	 5	14	24	0.00000	0.00000	0.00000
2005	 5	15	24	0.00000	0.00000	0.00000
2005	 5	16	24	0.00132	0.02129	0.00837
2005	 5	17	24	0.00000	0.00000	0.00000
2005	 5	18	24	0.00000	0.00000	0.00000
2005	 5	19	24	0.00000	0.00000	0.00000
2005	 5	20	24	0.00000	0.00000	0.00000
2005	 5	21	24	0.00000	0.00000	0.00000
2005	 5	22	24	0.00000	0.00000	0.00000
2005	 5	23	24	0.00056	0.00016	0.00042
2005	 5	24	24	0.00000	0.00000	0.00000
2005	 5	25	24	0.00000	0.00000	0.00000
2005	 5	26	24	0.00000	0.00000	0.00000
2005	 5	27	24	0.00000	0.00000	0.00000
2005	 5	28	24	0.00000	0.00000	0.00000
2005	 5	29	24	0.00000	0.00000	0.00000
2005	 5	30	24	0.00000	0.00000	0.00000
2005	 5	31	24	0.00000	0.00000	0.00000
2005	 6	 1	24	0.00000	0.00000	0.00000
2005	 6	 2	24	0.00000	0.00000	0.00000
2005	 6	 3	24	0.00000	0.00000	0.00000
2005	 6	 4	24	0.00000	0.00000	0.00000
2005	 6	 5	24	0.00000	0.00000	0.00000
2005	 6	 6	24	0.00000	0.00000	0.00000
2005	 6	 7	24	0.00000	0.00000	0.00000
2005	 6	 8	24	0.00000	0.00000	0.00000
2005	 6	 9	24	0.00000	0.00000	0.00000
2005	 6	10	24	0.00000	0.00000	0.00000
2005	 6	11	24	0.00000	0.00000	0.00000
2005	 6	12	24	0.00000	0.00000	0.00000
2005	 6	13	24	0.00000	0.00000	0.00000
2005	 6	14	24	0.07460	0.48890	0.22090
2005	 6	15	24	0.00000	0.00000	0.00000
2005	 6	16	24	0.00000	0.00000	0.00000
2005	 6	17	24	0.00000	0.00000	0.00000
2005	 6	18	24	0.00000	0.00000	0.00000
2005	 6	19	24	0.00000	0.00000	0.00000
2005	 6	20	24	0.00000	0.00000	0.00000
2005	 6	21	24	0.00000	0.00000	0.00000
2005	 6	22	24	0.00000	0.00000	0.00000
2005	 6	23	24	0.00000	0.00000	0.00000
2005	 6	24	24	0.00000	0.00000	0.00000
2005	 6	25	24	0.00000	0.00000	0.00000
2005	 6	26	24	0.00000	0.00000	0.00000
2005	 6	27	24	0.00000	0.00000	0.00000
2005	 6	28	24	0.00000	0.00000	0.00000
2005	 6	29	24	0.00000	0.00000	0.00000
2005	 6	30	24	0.00000	0.00000	0.00000
2005	 7	 1	24	0.00000	0.00000	0.00000
2005	 7	 2	24	0.00000	0.00000	0.00000
2005	 7	 3	24	0.00000	0.00000	0.00000
2005	 7	 4	24	0.00000	0.00000	0.00000
2005	 7	 5	24	0.00903	0.01781	0.01213
2005	 7	 6	24	0.00000	0.00000	0.00000
2005	 7	 7	24	0.00000	0.00000	0.00000
2005	 7	 8	24	0.00025	0.00008	0.00019
2005	 7	 9	24	0.00000	0.00000	0.00000
2005	 7	10	24	0.00000	0.00000	0.00000
2005	 7	11	24	0.00000	0.00000	0.00000
2005	 7	12	24	0.00000	0.00000	0.00000
2005	 7	13	24	0.00000	0.00000	0.00000
2005	 7	14	24	0.00000	0.00000	0.00000
2005	 7	15	24	0.00000	0.00000	0.00000
2005	 7	16	24	0.00000	0.00000	0.00000
2005	 7	17	24	0.00000	0.00000	0.00000
2005	 7	18	24	0.00000	0.00000	0.00000
2005	 7	19	24	0.00070	0.00006	0.00047
2005	 7	20	24	0.00000	0.00000	0.00000
2005	 7	21	24	0.00000	0.00000	0.00000
2005	 7	22	24	0.00000	0.00000	0.00000
2005	 7	23	24	0.00000	0.00000	0.00000
2005	 7	24	24	0.00000	0.00000	0.00000
2005	 7	25	24	0.00000	0.00000	0.00000
2005	 7	26	24	0.00000	0.00000	0.00000
2005	 7	27	24	0.00000	0.00000	0.00000
2005	 7	28	24	0.00000	0.00000	0.00000
2005	 7	29	24	0.00000	0.00000	0.00000
2005	 7	30	24	0.00000	0.00000	0.00000
2005	 7	31	24	0.00000	0.00000	0.00000
2005	 8	 1	24	0.00000	0.00000	0.00000
2005	 8	 2	24	0.00000	0.00000	0.00000
2005	 8	 3	24	0.00000	0.00000	0.00000
2005	 8	 4	24	0.00000	0.00000	0.00000
2005	 8	 5	24	0.00000	0.00000	0.00000
2005	 8	 6	24	0.00000	0.00000	0.00000
2005	 8	 7	24	0.00000	0.00000	0.00000
2005	 8	 8	24	0.00000	0.00000	0.00000
2005	 8	 9	24	0.00000	0.00000	0.00000
2005	 8	10	24	0.00000	0.00000	0.00000
2005	 8	11	24	0.00000	0.00000	0.00000
2005	 8	12	24	0.00000	0.00000	0.00000
2005	 8	13	24	0.00000	0.00000	0.00000
2005	 8	14	24	0.00000	0.00000	0.00000
2005	 8	15	24	0.00000	0.00000	0.00000
2005	 8	16	24	0.00000	0.00000	0.00000
2005	 8	17	24	0.00000	0.00000	0.00000
2005	 8	18	24	0.00000	0.00000	0.00000
2005	 8	19	24	0.00000	0.00000	0.00000
2005	 8	20	24	0.00000	0.00012	0.00004
2005	 8	21	24	0.00000	0.00000	0.00000
2005	 8	22	24	0.00897	0.11319	0.04577
2005	 8	23	24	0.00000	0.00000	0.00000
2005	 8	24	24	0.00000	0.00000	0.00000
2005	 8	25	24	0.00000	0.00000	0.00000
2005	 8	26	24	0.00000	0.00000	0.00000
2005	 8	27	24	0.00000	0.00000	0.00000
2005	 8	28	24	0.00000	0.00000	0.00000
2005	 8	29	24	0.00000	0.00000	0.00000
2005	 8	30	24	0.00000	0.00000	0.00000
2005	 8	31	24	0.00000	0.00000	0.00000
2005	 9	 1	24	0.00000	0.00000	0.00000
2005	 9	 2	24	0.00000	0.00000	0.00000
2005	 9	 3	24	0.00000	0.00000	0.00000
2005	 9	 4	24	0.00000	0.00000	0.00000
2005	 9	 5	24	0.00000	0.00000	0.00000
2005	 9	 6	24	0.00000	0.00000	0.00000
2005	 9	 7	24	0.00000	0.00000	0.00000
2005	 9	 8	24	0.00000	0.00000	0.00000
2005	 9	 9	24	0.00000	0.00000	0.00000
2005	 9	10	24	0.09736	0.17830	0.12594
2005	 9	11	24	0.00000	0.00000	0.00000
2005	 9	12	24	0.04849	0.07479	0.05778
2005	 9	13	24	0.00000	0.00000	0.00000
2005	 9	14	24	0.00000	0.00000	0.00000
2005	 9	15	24	0.00000	0.00000	0.00000
2005	 9	16	24	0.00000	0.00000	0.00000
2005	 9	17	24	0.00000	0.00000	0.00000
2005	 9	18	24	0.00000	0.00000	0.00000
2005	 9	19	24	0.00000	0.00000	0.00000
2005	 9	20	24	0.00000	0.00000	0.00000
2005	 9	21	24	0.00000	0.00000	0.00000
2005	 9	22	24	0.00000	0.00000	0.00000
2005	 9	23	24	0.00000	0.00000	0.00000
2005	 9	24	24	0.00000	0.00000	0.00000
2005	 9	25	24	0.00000	0.00000	0.00000
2005	 9	26	24	0.00000	0.00000	0.00000
2005	 9	27	24	0.00000	0.00000	0.00000
2005	 9	28	24	0.00000	0.00000	0.00000
2005	 9	29	24	0.00000	0.00000	0.00000
2005	 9	30	24	0.00000	0.00000	0.00000
2005	10	 1	24	0.00000	0.00000	0.00000
2005	10	 2	24	0.00000	0.00000	0.00000
2005	10	 3	24	0.00000	0.00000	0.00000
2005	10	 4	24	0.00000	0.00000	0.00000
2005	10	 5	24	0.00000	0.00000	0.00000
2005	10	 6	24	0.00000	0.00000	0.00000
2005	10	 7	24	0.00000	0.00000	0.00000
2005	10	 8	24	0.00000	0.00000	0.00000
2005	10	 9	24	0.00000	0.00000	0.00000
2005	10	10	24	0.00000	0.00000	0.00000
2005	10	11	24	0.00000	0.00000	0.00000
2005	10	12	24	0.00000	0.00000	0.00000
2005	10	13	24	0.00000	0.00000	0.00000
2005	10	14	24	0.00000	0.00000	0.00000
2005	10	15	24	0.00000	0.00000	0.00000
2005	10	16	24	0.00000	0.00000	0.00000
2005	10	17	24	0.00000	0.00000	0.00000
2005	10	18	24	0.00000	0.00000	0.00000
2005	10	19	24	0.00000	0.00000	0.00000
2005	10	20	24	0.00000	0.00000	0.00000
2005	10	21	24	0.00000	0.00000	0.00000
2005	10	22	24	0.00000	0.00000	0.00000
2005	10	23	24	0.00000	0.00000	0.00000
2005	10	24	24	0.00000	0.00000	0.00000
2005	10	25	24	0.00000	0.00000	0.00000
2005	10	26	24	0.00000	0.00000	0.00000
2005	10	27	24	0.00000	0.00000	0.00000
2005	10	28	24	0.00000	0.00000	0.00000
2005	10	29	24	0.00000	0.00000	0.00000
2005	10	30	24	0.00000	0.00000	0.00000
2005	10	31	24	0.00000	0.00000	0.00000
2005	11	 1	24	0.00000	0.00000	0.00000
2005	11	 2	24	0.00000	0.00000	0.00000
2005	11	 3	24	0.00000	0.00000	0.00000
2005	11	 4	24	0.00000	0.00000	0.00000
2005	11	 5	24	0.00000	0.00000	0.00000
2005	11	 6	24	0.00000	0.00000	0.00000
2005	11	 7	24	0.00000	0.00000	0.00000
2005	11	 8	24	0.00000	0.00000	0.00000
2005	11	 9	24	0.00000	0.00000	0.00000
2005	11	10	24	0.00000	0.00000	0.00000
2005	11	11	24	0.00000	0.00000	0.00000
2005	11	12	24	0.00000	0.00000	0.00000
2005	11	13	24	0.00000	0.00000	0.00000
2005	11	14	24	0.00000	0.00000	0.00000
2005	11	15	24	0.00000	0.00000	0.00000
2005	11	16	24	0.00000	0.00000	0.00000
2005	11	17	24	0.00000	0.00000	0.00000
2005	11	18	24	0.00000	0.00000	0.00000
2005	11	19	24	0.00000	0.00000	0.00000
2005	11	20	24	0.00000	0.00000	0.00000
2005	11	21	24	0.00000	0.00000	0.00000
2005	11	22	24	0.00000	0.00000	0.00000
2005	11	23	24	0.00000	0.00000	0.00000
2005	11	24	24	0.00000	0.00000	0.00000
2005	11	25	24	0.00000	0.00000	0.00000
2005	11	26	24	0.00000	0.00000	0.00000
2005	11	27	24	0.00000	0.00000	0.00000
2005	11	28	24	0.00000	0.00000	0.00000
2005	11	29	24	0.00000	0.00000	0.00000
2005	11	30	24	0.00000	0.00000	0.00000
2005	12	 1	24	0.00000	0.00000	0.00000
2005	12	 2	24	0.00000	0.00000	0.00000
2005	12	 3	24	0.00000	0.00000	0.00000
2005	12	 4	24	0.00000	0.00000	0.00000
2005	12	 5	24	0.00000	0.00000	0.00000
2005	12	 6	24	0.00000	0.00000	0.00000
2005	12	 7	24	0.00000	0.00000	0.00000
2005	12	 8	24	0.00000	0.00000	0.00000
2005	12	 9	24	0.00000	0.00000	0.00000
2005	12	10	24	0.00000	0.00000	0.00000
2005	12	11	24	0.00000	0.00000	0.00000
2005	12	12	24	0.00000	0.00000	0.00000
2005	12	13	24	0.00000	0.00000	0.00000
2005	12	14	24	0.00000	0.00000	0.00000
2005	12	15	24	0.00766	0.00000	0.00496
2005	12	16	24	0.06798	0.00000	0.04398
2005	12	17	24	0.00000	0.00000	0.00000
2005	12	18	24	0.00000	0.00000	0.00000
2005	12	19	24	0.00000	0.00000	0.00000
2005	12	20	24	0.00017	0.00000	0.00011
2005	12	21	24	0.00000	0.00000	0.00000
2005	12	22	24	0.00000	0.00000	0.00000
2005	12	23	24	0.00000	0.00000	0.00000
2005	12	24	24	0.00000	0.00000	0.00000
2005	12	25	24	0.00000	0.00000	0.00000
2005	12	26	24	0.00000	0.00000	0.00000
2005	12	27	24	0.00000	0.00000	0.00000
2005	12	28	24	0.00000	0.00000	0.00000
2005	12	29	24	0.00000	0.00000	0.00000
2005	12	30	24	0.00000	0.00000	0.00000
2005	12	31	24	0.00000	0.00000	0.00000
2006	 1	 1	24	0.00000	0.00000	0.00000
2006	 1	 2	24	0.00000	0.00000	0.00000
2006	 1	 3	24	0.00000	0.00000	0.00000
2006	 1	 4	24	0.00000	0.00000	0.00000
2006	 1	 5	24	0.00000	0.00000	0.00000
2006	 1	 6	24	0.00000	0.00000	0.00000
2006	 1	 7	24	0.00000	0.00000	0.00000
2006	 1	 8	24	0.00000	0.00000	0.00000
2006	 1	 9	24	0.00000	0.00000	0.00000
2006	 1	10	24	0.00000	0.00000	0.00000
2006	 1	11	24	0.00000	0.00000	0.00000
2006	 1	12	24	0.00000	0.00000	0.00000
2006	 1	13	24	0.00000	0.00000	0.00000
2006	 1	14	24	0.00000	0.00000	0.00000
2006	 1	15	24	0.00000	0.00000	0.00000
2006	 1	16	24	0.00000	0.00000	0.00000
2006	 1	17	24	0.00000	0.00000	0.00000
2006	 1	18	24	0.00000	0.00000	0.00000
2006	 1	19	24	0.00000	0.00000	0.00000
2006	 1	20	24	0.00000	0.00000	0.00000
2006	 1	21	24	0.02008	0.00000	0.01299
2006	 1	22	24	0.00000	0.00000	0.00000
2006	 1	23	24	0.00000	0.00000	0.00000
2006	 1	24	24	0.00000	0.00000	0.00000
2006	 1	25	24	0.00000	0.00000	0.00000
2006	 1	26	24	0.00000	0.00000	0.00000
2006	 1	27	24	0.00000	0.00000	0.00000
2006	 1	28	24	0.00000	0.00000	0.00000
2006	 1	29	24	0.00000	0.00000	0.00000
2006	 1	30	24	0.00000	0.00000	0.00000
2006	 1	31	24	0.00000	0.00000	0.00000
2006	 2	 1	24	0.00000	0.00000	0.00000
2006	 2	 2	24	0.00000	0.00000	0.00000
2006	 2	 3	24	0.00000	0.00000	0.00000
2006	 2	 4	24	0.00000	0.00000	0.00000
2006	 2	 5	24	0.00000	0.00000	0.00000
2006	 2	 6	24	0.00000	0.00000	0.00000
2006	 2	 7	24	0.13788	0.00138	0.08968
2006	 2	 8	24	0.00000	0.00000	0.00000
2006	 2	 9	24	0.00000	0.00000	0.00000
2006	 2	10	24	0.00000	0.00000	0.00000
2006	 2	11	24	0.00000	0.00000	0.00000
2006	 2	12	24	0.00000	0.00000	0.00000
2006	 2	13	24	0.00000	0.00000	0.00000
2006	 2	14	24	0.00000	0.00000	0.00000
2006	 2	15	24	0.00000	0.00000	0.00000
2006	 2	16	24	0.00000	0.00000	0.00000
2006	 2	17	24	0.00000	0.00000	0.00000
2006	 2	18	24	0.00000	0.00000	0.00000
2006	 2	19	24	0.00000	0.00000	0.00000
2006	 2	20	24	0.00000	0.00000	0.00000
2006	 2	21	24	0.00000	0.00000	0.00000
2006	 2	22	24	0.00000	0.00000	0.00000
2006	 2	23	24	0.00000	0.00000	0.00000
2006	 2	24	24	0.00000	0.00000	0.00000
2006	 2	25	24	0.00000	0.00000	0.00000
2006	 2	26	24	0.00000	0.00000	0.00000
2006	 2	27	24	0.00000	0.00000	0.00000
2006	 2	28	24	0.00000	0.00000	0.00000
2006	 3	 1	24	0.00000	0.00000	0.00000
2006	 3	 2	24	0.00000	0.00000	0.00000
2006	 3	 3	24	0.00000	0.00000	0.00000
2006	 3	 4	24	0.00000	0.00000	0.00000
2006	 3	 5	24	0.00000	0.00000	0.00000
2006	 3	 6	24	0.00000	0.00000	0.00000
2006	 3	 7	24	0.00000	0.00000	0.00000
2006	 3	 8	24	0.00000	0.00000	0.00000
2006	 3	 9	24	0.00000	0.00000	0.00000
2006	 3	10	24	0.00000	0.00000	0.00000
2006	 3	11	24	0.00000	0.00000	0.00000
2006	 3	12	24	0.00000	0.00000	0.00000
2006	 3	13	24	0.00000	0.00000	0.00000
2006	 3	14	24	0.00000	0.00000	0.00000
2006	 3	15	24	0.00000	0.00000	0.00000
2006	 3	16	24	0.00000	0.00000	0.00000
2006	 3	17	24	0.00000	0.00000	0.00000
2006	 3	18	24	0.00000	0.00000	0.00000
2006	 3	19	24	0.00000	0.00000	0.00000
2006	 3	20	24	0.00000	0.00000	0.00000
2006	 3	21	24	0.00000	0.00000	0.00000
2006	 3	22	24	0.00000	0.00000	0.00000
2006	 3	23	24	0.00000	0.00000	0.00000
2006	 3	24	24	0.00000	0.00000	0.00000
2006	 3	25	24	0.00000	0.00000	0.00000
2006	 3	26	24	0.01966	0.16594	0.07132
2006	 3	27	24	0.01291	0.09378	0.04146
2006	 3	28	24	0.00129	0.01194	0.00505
2006	 3	29	24	0.00000	0.00000	0.00000
2006	 3	30	24	0.01514	0.14315	0.06035
2006	 3	31	24	0.00465	0.04366	0.01842
2006	 4	 1	24	0.00652	0.06476	0.02709
2006	 4	 2	24	0.00594	0.05716	0.02403
2006	 4	 3	24	0.00000	0.00000	0.00000
2006	 4	 4	24	0.00000	0.00000	0.00000
2006	 4	 5	24	0.00000	0.00000	0.00000
2006	 4	 6	24	0.00000	0.00000	0.00000
2006	 4	 7	24	0.00000	0.00000	0.00000
2006	 4	 8	24	0.00000	0.00000	0.00000
2006	 4	 9	24	0.00000	0.00000	0.00000
2006	 4	10	24	0.00000	0.00000	0.00000
2006	 4	11	24	0.00000	0.00000	0.00000
2006	 4	12	24	0.00000	0.00000	0.00000
2006	 4	13	24	0.00000	0.00000	0.00000
2006	 4	14	24	0.00000	0.01087	0.00384
2006	 4	15	24	0.00107	0.02738	0.01036
2006	 4	16	24	0.00364	0.13966	0.05167
2006	 4	17	24	0.00033	0.05650	0.02017
2006	 4	18	24	0.00000	0.02421	0.00855
2006	 4	19	24	0.00000	0.03229	0.01140
2006	 4	20	24	0.00000	0.05436	0.01919
2006	 4	21	24	0.00000	0.04313	0.01523
2006	 4	22	24	0.00000	0.02019	0.00713
2006	 4	23	24	0.00000	0.00680	0.00240
2006	 4	24	24	0.00000	0.00068	0.00024
2006	 4	25	24	0.00000	0.00000	0.00000
2006	 4	26	24	0.00000	0.00000	0.00000
2006	 4	27	24	0.00000	0.00000	0.00000
2006	 4	28	24	0.00000	0.00000	0.00000
2006	 4	29	24	0.00000	0.00000	0.00000
