YY	MM	DD	HH	"1"	"2"	tot_average
Kanalnetzspeicher in mm je Zone  soil_model
--	--	--	--	0.6468891	0.3531109	1.0000
2000	 8	 1	24	0.00000	0.00000	0.00000
2000	 8	 2	24	0.00000	0.00000	0.00000
2000	 8	 3	24	0.00000	0.00000	0.00000
2000	 8	 4	24	0.00000	0.00000	0.00000
2000	 8	 5	24	0.00000	0.00000	0.00000
2000	 8	 6	24	0.00000	0.00000	0.00000
2000	 8	 7	24	0.00000	0.00000	0.00000
2000	 8	 8	24	0.00000	0.00000	0.00000
2000	 8	 9	24	0.00000	0.00000	0.00000
2000	 8	10	24	0.00000	0.00000	0.00000
2000	 8	11	24	0.00000	0.00000	0.00000
2000	 8	12	24	0.00000	0.00000	0.00000
2000	 8	13	24	0.00000	0.00000	0.00000
2000	 8	14	24	0.00000	0.00000	0.00000
2000	 8	15	24	0.00000	0.00000	0.00000
2000	 8	16	24	0.00000	0.00000	0.00000
2000	 8	17	24	0.00000	0.00000	0.00000
2000	 8	18	24	0.00000	0.00000	0.00000
2000	 8	19	24	0.00000	0.00000	0.00000
2000	 8	20	24	0.01852	0.00000	0.01198
2000	 8	21	24	0.05586	0.04470	0.05192
2000	 8	22	24	0.00000	0.00000	0.00000
2000	 8	23	24	0.00000	0.00000	0.00000
2000	 8	24	24	0.00000	0.00000	0.00000
2000	 8	25	24	0.00000	0.00000	0.00000
2000	 8	26	24	0.00000	0.00000	0.00000
2000	 8	27	24	0.00000	0.00000	0.00000
2000	 8	28	24	0.00000	0.00000	0.00000
2000	 8	29	24	0.00000	0.00000	0.00000
2000	 8	30	24	0.00000	0.00000	0.00000
2000	 8	31	24	0.00000	0.00000	0.00000
2000	 9	 1	24	0.00000	0.00000	0.00000
2000	 9	 2	24	0.00000	0.00000	0.00000
2000	 9	 3	24	0.05538	0.04470	0.05161
2000	 9	 4	24	0.00000	0.00000	0.00000
2000	 9	 5	24	0.00000	0.00000	0.00000
2000	 9	 6	24	0.00000	0.00000	0.00000
2000	 9	 7	24	0.00000	0.00000	0.00000
2000	 9	 8	24	0.00000	0.00000	0.00000
2000	 9	 9	24	0.00000	0.00000	0.00000
2000	 9	10	24	0.00000	0.00000	0.00000
2000	 9	11	24	0.00000	0.00000	0.00000
2000	 9	12	24	0.00000	0.00000	0.00000
2000	 9	13	24	0.00000	0.00000	0.00000
2000	 9	14	24	0.00000	0.00000	0.00000
2000	 9	15	24	0.00000	0.00000	0.00000
2000	 9	16	24	0.00000	0.00000	0.00000
2000	 9	17	24	0.00000	0.00000	0.00000
2000	 9	18	24	0.00000	0.00000	0.00000
2000	 9	19	24	0.00000	0.00000	0.00000
2000	 9	20	24	0.00000	0.00000	0.00000
2000	 9	21	24	0.00000	0.00000	0.00000
2000	 9	22	24	0.00000	0.00000	0.00000
2000	 9	23	24	0.00000	0.00000	0.00000
2000	 9	24	24	0.00000	0.00000	0.00000
2000	 9	25	24	0.00000	0.00000	0.00000
2000	 9	26	24	0.00000	0.00000	0.00000
2000	 9	27	24	0.00000	0.00000	0.00000
2000	 9	28	24	0.00000	0.00000	0.00000
2000	 9	29	24	0.00000	0.00000	0.00000
2000	 9	30	24	0.00000	0.00000	0.00000
2000	10	 1	24	0.02961	0.04470	0.03494
2000	10	 2	24	0.00000	0.00000	0.00000
2000	10	 3	24	0.00000	0.00000	0.00000
2000	10	 4	24	0.00000	0.00000	0.00000
2000	10	 5	24	0.00000	0.00000	0.00000
2000	10	 6	24	0.00244	0.00000	0.00158
2000	10	 7	24	0.05586	0.04470	0.05192
2000	10	 8	24	0.00000	0.00000	0.00000
2000	10	 9	24	0.00000	0.00000	0.00000
2000	10	10	24	0.00000	0.00000	0.00000
2000	10	11	24	0.00000	0.00000	0.00000
2000	10	12	24	0.00000	0.00000	0.00000
2000	10	13	24	0.00000	0.00000	0.00000
2000	10	14	24	0.00000	0.00000	0.00000
2000	10	15	24	0.00000	0.00000	0.00000
2000	10	16	24	0.00000	0.00000	0.00000
2000	10	17	24	0.00000	0.00000	0.00000
2000	10	18	24	0.00000	0.00000	0.00000
2000	10	19	24	0.00000	0.00000	0.00000
2000	10	20	24	0.00000	0.00000	0.00000
2000	10	21	24	0.00000	0.00000	0.00000
2000	10	22	24	0.00000	0.00000	0.00000
2000	10	23	24	0.00000	0.00000	0.00000
2000	10	24	24	0.00000	0.00000	0.00000
2000	10	25	24	0.00000	0.00000	0.00000
2000	10	26	24	0.00000	0.00000	0.00000
2000	10	27	24	0.00000	0.00000	0.00000
2000	10	28	24	0.00000	0.00000	0.00000
2000	10	29	24	0.00000	0.00000	0.00000
2000	10	30	24	0.00000	0.00000	0.00000
2000	10	31	24	0.00000	0.00000	0.00000
2000	11	 1	24	0.00000	0.00000	0.00000
2000	11	 2	24	0.00000	0.00000	0.00000
2000	11	 3	24	0.00000	0.00000	0.00000
2000	11	 4	24	0.00000	0.00000	0.00000
2000	11	 5	24	0.00000	0.00000	0.00000
2000	11	 6	24	0.00000	0.00000	0.00000
2000	11	 7	24	0.00000	0.00000	0.00000
2000	11	 8	24	0.00000	0.00000	0.00000
2000	11	 9	24	0.00000	0.00000	0.00000
2000	11	10	24	0.00000	0.00000	0.00000
2000	11	11	24	0.00000	0.00000	0.00000
2000	11	12	24	0.00000	0.00000	0.00000
2000	11	13	24	0.00000	0.00000	0.00000
2000	11	14	24	0.00000	0.00000	0.00000
2000	11	15	24	0.00000	0.00000	0.00000
2000	11	16	24	0.00000	0.00000	0.00000
2000	11	17	24	0.00000	0.00000	0.00000
2000	11	18	24	0.00000	0.00000	0.00000
2000	11	19	24	0.00000	0.00000	0.00000
2000	11	20	24	0.00000	0.00000	0.00000
2000	11	21	24	0.00000	0.00000	0.00000
2000	11	22	24	0.00000	0.00000	0.00000
2000	11	23	24	0.00000	0.00000	0.00000
2000	11	24	24	0.00000	0.00000	0.00000
2000	11	25	24	0.00000	0.00000	0.00000
2000	11	26	24	0.00000	0.00000	0.00000
2000	11	27	24	0.00000	0.00000	0.00000
2000	11	28	24	0.00000	0.00000	0.00000
2000	11	29	24	0.00000	0.00000	0.00000
2000	11	30	24	0.00000	0.00000	0.00000
2000	12	 1	24	0.00000	0.00000	0.00000
2000	12	 2	24	0.00000	0.00000	0.00000
2000	12	 3	24	0.00000	0.00000	0.00000
2000	12	 4	24	0.00000	0.00000	0.00000
2000	12	 5	24	0.00000	0.00000	0.00000
2000	12	 6	24	0.00000	0.00000	0.00000
2000	12	 7	24	0.00000	0.00000	0.00000
2000	12	 8	24	0.00000	0.00000	0.00000
2000	12	 9	24	0.00000	0.00000	0.00000
2000	12	10	24	0.00000	0.00000	0.00000
2000	12	11	24	0.00000	0.00000	0.00000
2000	12	12	24	0.00000	0.00000	0.00000
2000	12	13	24	0.00000	0.00000	0.00000
2000	12	14	24	0.00000	0.00000	0.00000
2000	12	15	24	0.00000	0.00000	0.00000
2000	12	16	24	0.00000	0.00000	0.00000
2000	12	17	24	0.00000	0.00000	0.00000
2000	12	18	24	0.00000	0.00000	0.00000
2000	12	19	24	0.00000	0.00000	0.00000
2000	12	20	24	0.00000	0.00000	0.00000
2000	12	21	24	0.00000	0.00000	0.00000
2000	12	22	24	0.00000	0.00000	0.00000
2000	12	23	24	0.00000	0.00000	0.00000
2000	12	24	24	0.00000	0.00000	0.00000
2000	12	25	24	0.00000	0.00000	0.00000
2000	12	26	24	0.00000	0.00000	0.00000
2000	12	27	24	0.00000	0.00000	0.00000
2000	12	28	24	0.00000	0.00000	0.00000
2000	12	29	24	0.00000	0.00000	0.00000
2000	12	30	24	0.00000	0.00000	0.00000
2000	12	31	24	0.00000	0.00000	0.00000
2001	 1	 1	24	0.00000	0.00000	0.00000
2001	 1	 2	24	0.00000	0.00000	0.00000
2001	 1	 3	24	0.00000	0.00000	0.00000
2001	 1	 4	24	0.00000	0.00000	0.00000
2001	 1	 5	24	0.00059	0.00000	0.00038
2001	 1	 6	24	0.00000	0.00000	0.00000
2001	 1	 7	24	0.00000	0.00000	0.00000
2001	 1	 8	24	0.00000	0.00000	0.00000
2001	 1	 9	24	0.00000	0.00000	0.00000
2001	 1	10	24	0.00000	0.00000	0.00000
2001	 1	11	24	0.00000	0.00000	0.00000
2001	 1	12	24	0.00000	0.00000	0.00000
2001	 1	13	24	0.00000	0.00000	0.00000
2001	 1	14	24	0.00000	0.00000	0.00000
2001	 1	15	24	0.00000	0.00000	0.00000
2001	 1	16	24	0.00000	0.00000	0.00000
2001	 1	17	24	0.00000	0.00000	0.00000
2001	 1	18	24	0.00000	0.00000	0.00000
2001	 1	19	24	0.00000	0.00000	0.00000
2001	 1	20	24	0.00000	0.00000	0.00000
2001	 1	21	24	0.00000	0.00000	0.00000
2001	 1	22	24	0.00000	0.00000	0.00000
2001	 1	23	24	0.00000	0.00000	0.00000
2001	 1	24	24	0.00000	0.00000	0.00000
2001	 1	25	24	0.00000	0.00000	0.00000
2001	 1	26	24	0.00000	0.00000	0.00000
2001	 1	27	24	0.00000	0.00000	0.00000
2001	 1	28	24	0.00000	0.00000	0.00000
2001	 1	29	24	0.00000	0.00000	0.00000
2001	 1	30	24	0.00000	0.00000	0.00000
2001	 1	31	24	0.00000	0.00000	0.00000
2001	 2	 1	24	0.00000	0.00000	0.00000
2001	 2	 2	24	0.00000	0.00000	0.00000
2001	 2	 3	24	0.00000	0.00000	0.00000
2001	 2	 4	24	0.00000	0.00000	0.00000
2001	 2	 5	24	0.00008	0.00000	0.00005
2001	 2	 6	24	0.00534	0.00042	0.00361
2001	 2	 7	24	0.01112	0.00020	0.00727
2001	 2	 8	24	0.00233	0.00000	0.00151
2001	 2	 9	24	0.00000	0.00000	0.00000
2001	 2	10	24	0.00000	0.00000	0.00000
2001	 2	11	24	0.00000	0.00000	0.00000
2001	 2	12	24	0.00664	0.04168	0.01901
2001	 2	13	24	0.00000	0.00000	0.00000
2001	 2	14	24	0.00000	0.00000	0.00000
2001	 2	15	24	0.00000	0.00000	0.00000
2001	 2	16	24	0.00000	0.00103	0.00036
2001	 2	17	24	0.00000	0.00000	0.00000
2001	 2	18	24	0.00000	0.00000	0.00000
2001	 2	19	24	0.00000	0.00000	0.00000
2001	 2	20	24	0.00000	0.00000	0.00000
2001	 2	21	24	0.00000	0.00000	0.00000
2001	 2	22	24	0.03340	0.00000	0.02160
2001	 2	23	24	0.00000	0.00000	0.00000
2001	 2	24	24	0.00000	0.00000	0.00000
2001	 2	25	24	0.00000	0.00000	0.00000
2001	 2	26	24	0.00000	0.00000	0.00000
2001	 2	27	24	0.00000	0.00000	0.00000
2001	 2	28	24	0.00000	0.00000	0.00000
2001	 3	 1	24	0.00000	0.00000	0.00000
2001	 3	 2	24	0.00000	0.00000	0.00000
2001	 3	 3	24	0.00000	0.00000	0.00000
2001	 3	 4	24	0.00000	0.00000	0.00000
2001	 3	 5	24	0.00000	0.00000	0.00000
2001	 3	 6	24	0.00000	0.00000	0.00000
2001	 3	 7	24	0.00000	0.00000	0.00000
2001	 3	 8	24	0.00803	0.00000	0.00519
2001	 3	 9	24	0.03021	0.00000	0.01954
2001	 3	10	24	0.03079	0.00019	0.01998
2001	 3	11	24	0.03411	0.04123	0.03663
2001	 3	12	24	0.03408	0.04470	0.03783
2001	 3	13	24	0.01402	0.02403	0.01756
2001	 3	14	24	0.00000	0.00000	0.00000
2001	 3	15	24	0.00000	0.00000	0.00000
2001	 3	16	24	0.00000	0.00000	0.00000
2001	 3	17	24	0.00733	0.03029	0.01544
2001	 3	18	24	0.00146	0.00313	0.00205
2001	 3	19	24	0.00000	0.00000	0.00000
2001	 3	20	24	0.00000	0.00000	0.00000
2001	 3	21	24	0.00000	0.00000	0.00000
2001	 3	22	24	0.00000	0.00000	0.00000
2001	 3	23	24	0.00000	0.00000	0.00000
2001	 3	24	24	0.00995	0.04470	0.02222
2001	 3	25	24	0.00335	0.04281	0.01729
2001	 3	26	24	0.00000	0.00000	0.00000
2001	 3	27	24	0.00000	0.00000	0.00000
2001	 3	28	24	0.00000	0.00000	0.00000
2001	 3	29	24	0.00000	0.00000	0.00000
2001	 3	30	24	0.00000	0.00000	0.00000
2001	 3	31	24	0.00000	0.00000	0.00000
2001	 4	 1	24	0.00000	0.00000	0.00000
2001	 4	 2	24	0.00000	0.00000	0.00000
2001	 4	 3	24	0.00000	0.00000	0.00000
2001	 4	 4	24	0.00000	0.00000	0.00000
2001	 4	 5	24	0.00000	0.00000	0.00000
2001	 4	 6	24	0.00000	0.00000	0.00000
2001	 4	 7	24	0.00000	0.00000	0.00000
2001	 4	 8	24	0.00000	0.00000	0.00000
2001	 4	 9	24	0.00000	0.00000	0.00000
2001	 4	10	24	0.00000	0.00000	0.00000
2001	 4	11	24	0.00000	0.00000	0.00000
2001	 4	12	24	0.00000	0.00000	0.00000
2001	 4	13	24	0.00000	0.00000	0.00000
2001	 4	14	24	0.00000	0.00000	0.00000
2001	 4	15	24	0.00000	0.00000	0.00000
2001	 4	16	24	0.00000	0.00000	0.00000
2001	 4	17	24	0.00000	0.00000	0.00000
2001	 4	18	24	0.00000	0.00000	0.00000
2001	 4	19	24	0.00000	0.00000	0.00000
2001	 4	20	24	0.00000	0.00000	0.00000
2001	 4	21	24	0.00000	0.00000	0.00000
2001	 4	22	24	0.00000	0.00000	0.00000
2001	 4	23	24	0.00000	0.00000	0.00000
2001	 4	24	24	0.00000	0.00000	0.00000
2001	 4	25	24	0.00000	0.00000	0.00000
2001	 4	26	24	0.00000	0.00000	0.00000
2001	 4	27	24	0.00000	0.00000	0.00000
2001	 4	28	24	0.00000	0.00000	0.00000
2001	 4	29	24	0.00000	0.00000	0.00000
2001	 4	30	24	0.00000	0.00000	0.00000
2001	 5	 1	24	0.00000	0.00000	0.00000
2001	 5	 2	24	0.00000	0.00000	0.00000
2001	 5	 3	24	0.00000	0.00000	0.00000
2001	 5	 4	24	0.05586	0.04470	0.05192
2001	 5	 5	24	0.00776	0.00000	0.00502
2001	 5	 6	24	0.00000	0.00000	0.00000
2001	 5	 7	24	0.00000	0.00000	0.00000
2001	 5	 8	24	0.00000	0.00000	0.00000
2001	 5	 9	24	0.00000	0.00000	0.00000
2001	 5	10	24	0.00000	0.00000	0.00000
2001	 5	11	24	0.00000	0.00000	0.00000
2001	 5	12	24	0.00000	0.00000	0.00000
2001	 5	13	24	0.00000	0.00000	0.00000
2001	 5	14	24	0.00000	0.00000	0.00000
2001	 5	15	24	0.02361	0.00000	0.01527
2001	 5	16	24	0.00000	0.00000	0.00000
2001	 5	17	24	0.00000	0.00000	0.00000
2001	 5	18	24	0.00000	0.00000	0.00000
2001	 5	19	24	0.00000	0.00000	0.00000
2001	 5	20	24	0.00000	0.00000	0.00000
2001	 5	21	24	0.00000	0.00000	0.00000
2001	 5	22	24	0.00000	0.00000	0.00000
2001	 5	23	24	0.00000	0.00000	0.00000
2001	 5	24	24	0.00000	0.00000	0.00000
2001	 5	25	24	0.00000	0.00000	0.00000
2001	 5	26	24	0.00000	0.00000	0.00000
2001	 5	27	24	0.00000	0.00000	0.00000
2001	 5	28	24	0.00327	0.01302	0.00671
2001	 5	29	24	0.00000	0.00000	0.00000
2001	 5	30	24	0.00000	0.00000	0.00000
2001	 5	31	24	0.00000	0.00000	0.00000
2001	 6	 1	24	0.00000	0.00000	0.00000
2001	 6	 2	24	0.00000	0.00000	0.00000
2001	 6	 3	24	0.00000	0.00000	0.00000
2001	 6	 4	24	0.00347	0.04319	0.01750
2001	 6	 5	24	0.00000	0.00000	0.00000
2001	 6	 6	24	0.00000	0.00000	0.00000
2001	 6	 7	24	0.00000	0.00000	0.00000
2001	 6	 8	24	0.00000	0.00000	0.00000
2001	 6	 9	24	0.00000	0.00000	0.00000
2001	 6	10	24	0.00000	0.00000	0.00000
2001	 6	11	24	0.00000	0.00000	0.00000
2001	 6	12	24	0.00000	0.00000	0.00000
2001	 6	13	24	0.00000	0.00000	0.00000
2001	 6	14	24	0.00000	0.00000	0.00000
2001	 6	15	24	0.00000	0.00000	0.00000
2001	 6	16	24	0.00000	0.00000	0.00000
2001	 6	17	24	0.00000	0.00000	0.00000
2001	 6	18	24	0.00000	0.00000	0.00000
2001	 6	19	24	0.00000	0.00000	0.00000
2001	 6	20	24	0.00000	0.00000	0.00000
2001	 6	21	24	0.00000	0.00000	0.00000
2001	 6	22	24	0.00000	0.00000	0.00000
2001	 6	23	24	0.00000	0.00000	0.00000
2001	 6	24	24	0.00000	0.00000	0.00000
2001	 6	25	24	0.00000	0.00000	0.00000
2001	 6	26	24	0.00000	0.00000	0.00000
2001	 6	27	24	0.00000	0.00000	0.00000
2001	 6	28	24	0.00000	0.00000	0.00000
2001	 6	29	24	0.00000	0.00000	0.00000
2001	 6	30	24	0.00000	0.00000	0.00000
2001	 7	 1	24	0.00000	0.00000	0.00000
2001	 7	 2	24	0.00000	0.00000	0.00000
2001	 7	 3	24	0.00000	0.00000	0.00000
2001	 7	 4	24	0.00000	0.00000	0.00000
2001	 7	 5	24	0.00000	0.00000	0.00000
2001	 7	 6	24	0.00000	0.00000	0.00000
2001	 7	 7	24	0.05586	0.04470	0.05192
2001	 7	 8	24	0.00000	0.00000	0.00000
2001	 7	 9	24	0.00000	0.00000	0.00000
2001	 7	10	24	0.00000	0.00000	0.00000
2001	 7	11	24	0.00000	0.00000	0.00000
2001	 7	12	24	0.00000	0.00000	0.00000
2001	 7	13	24	0.00000	0.00000	0.00000
2001	 7	14	24	0.00000	0.00000	0.00000
2001	 7	15	24	0.00054	0.00000	0.00035
2001	 7	16	24	0.00000	0.00000	0.00000
2001	 7	17	24	0.00000	0.00000	0.00000
2001	 7	18	24	0.00000	0.00000	0.00000
2001	 7	19	24	0.00000	0.00000	0.00000
2001	 7	20	24	0.00388	0.04066	0.01686
2001	 7	21	24	0.00000	0.00000	0.00000
2001	 7	22	24	0.00000	0.00000	0.00000
2001	 7	23	24	0.00000	0.00000	0.00000
2001	 7	24	24	0.00000	0.00000	0.00000
2001	 7	25	24	0.00000	0.00000	0.00000
2001	 7	26	24	0.00000	0.00000	0.00000
2001	 7	27	24	0.00000	0.00000	0.00000
2001	 7	28	24	0.00000	0.00000	0.00000
2001	 7	29	24	0.00000	0.00000	0.00000
2001	 7	30	24	0.00000	0.00000	0.00000
2001	 7	31	24	0.00000	0.00000	0.00000
2001	 8	 1	24	0.00000	0.00000	0.00000
2001	 8	 2	24	0.00000	0.00000	0.00000
2001	 8	 3	24	0.00000	0.00000	0.00000
2001	 8	 4	24	0.00000	0.00000	0.00000
2001	 8	 5	24	0.00000	0.00000	0.00000
2001	 8	 6	24	0.00000	0.00000	0.00000
2001	 8	 7	24	0.00000	0.00000	0.00000
2001	 8	 8	24	0.00000	0.00000	0.00000
2001	 8	 9	24	0.00000	0.00000	0.00000
2001	 8	10	24	0.00000	0.00000	0.00000
2001	 8	11	24	0.00000	0.00000	0.00000
2001	 8	12	24	0.00000	0.00000	0.00000
2001	 8	13	24	0.00000	0.00000	0.00000
2001	 8	14	24	0.00000	0.00000	0.00000
2001	 8	15	24	0.00000	0.00000	0.00000
2001	 8	16	24	0.00000	0.00000	0.00000
2001	 8	17	24	0.00000	0.00000	0.00000
2001	 8	18	24	0.00000	0.00000	0.00000
2001	 8	19	24	0.04036	0.00000	0.02611
2001	 8	20	24	0.05355	0.04470	0.05043
2001	 8	21	24	0.00000	0.00000	0.00000
2001	 8	22	24	0.00000	0.00000	0.00000
2001	 8	23	24	0.00000	0.00000	0.00000
2001	 8	24	24	0.00000	0.00000	0.00000
2001	 8	25	24	0.00000	0.00000	0.00000
2001	 8	26	24	0.00037	0.00968	0.00366
2001	 8	27	24	0.00000	0.00000	0.00000
2001	 8	28	24	0.00000	0.00000	0.00000
2001	 8	29	24	0.00000	0.00000	0.00000
2001	 8	30	24	0.00000	0.00000	0.00000
2001	 8	31	24	0.00000	0.00000	0.00000
2001	 9	 1	24	0.05586	0.04470	0.05192
2001	 9	 2	24	0.00000	0.00000	0.00000
2001	 9	 3	24	0.00000	0.00000	0.00000
2001	 9	 4	24	0.00000	0.00000	0.00000
2001	 9	 5	24	0.00000	0.00000	0.00000
2001	 9	 6	24	0.00000	0.00000	0.00000
2001	 9	 7	24	0.01024	0.02082	0.01398
2001	 9	 8	24	0.00000	0.00000	0.00000
2001	 9	 9	24	0.01034	0.04369	0.02211
2001	 9	10	24	0.02808	0.04470	0.03395
2001	 9	11	24	0.00000	0.00000	0.00000
2001	 9	12	24	0.00000	0.00000	0.00000
2001	 9	13	24	0.00000	0.00000	0.00000
2001	 9	14	24	0.00000	0.00000	0.00000
2001	 9	15	24	0.00000	0.00000	0.00000
2001	 9	16	24	0.00000	0.00000	0.00000
2001	 9	17	24	0.00000	0.00000	0.00000
2001	 9	18	24	0.00000	0.00000	0.00000
2001	 9	19	24	0.00000	0.00000	0.00000
2001	 9	20	24	0.00000	0.00000	0.00000
2001	 9	21	24	0.00000	0.00000	0.00000
2001	 9	22	24	0.00000	0.00000	0.00000
2001	 9	23	24	0.00000	0.00000	0.00000
2001	 9	24	24	0.00000	0.00000	0.00000
2001	 9	25	24	0.00000	0.00000	0.00000
2001	 9	26	24	0.00000	0.00000	0.00000
2001	 9	27	24	0.00000	0.00000	0.00000
2001	 9	28	24	0.00000	0.00000	0.00000
2001	 9	29	24	0.00000	0.00000	0.00000
2001	 9	30	24	0.00000	0.00000	0.00000
2001	10	 1	24	0.00000	0.00000	0.00000
2001	10	 2	24	0.00000	0.00000	0.00000
2001	10	 3	24	0.00000	0.00001	0.00000
2001	10	 4	24	0.00000	0.00000	0.00000
2001	10	 5	24	0.00000	0.00000	0.00000
2001	10	 6	24	0.00000	0.00000	0.00000
2001	10	 7	24	0.00000	0.00000	0.00000
2001	10	 8	24	0.00000	0.00000	0.00000
2001	10	 9	24	0.00000	0.00000	0.00000
2001	10	10	24	0.00000	0.00000	0.00000
2001	10	11	24	0.00000	0.00000	0.00000
2001	10	12	24	0.00000	0.00000	0.00000
2001	10	13	24	0.00000	0.00000	0.00000
2001	10	14	24	0.00000	0.00000	0.00000
2001	10	15	24	0.00000	0.00000	0.00000
2001	10	16	24	0.00000	0.00000	0.00000
2001	10	17	24	0.00000	0.00000	0.00000
2001	10	18	24	0.00000	0.00000	0.00000
2001	10	19	24	0.00000	0.00000	0.00000
2001	10	20	24	0.00000	0.00000	0.00000
2001	10	21	24	0.00000	0.00000	0.00000
2001	10	22	24	0.00000	0.00000	0.00000
2001	10	23	24	0.00000	0.00000	0.00000
2001	10	24	24	0.00000	0.00000	0.00000
2001	10	25	24	0.00000	0.00000	0.00000
2001	10	26	24	0.00000	0.00000	0.00000
2001	10	27	24	0.00000	0.00000	0.00000
2001	10	28	24	0.00000	0.00000	0.00000
2001	10	29	24	0.00000	0.00000	0.00000
2001	10	30	24	0.00000	0.00000	0.00000
2001	10	31	24	0.00000	0.00000	0.00000
2001	11	 1	24	0.00000	0.00000	0.00000
2001	11	 2	24	0.00000	0.00000	0.00000
2001	11	 3	24	0.00000	0.00000	0.00000
2001	11	 4	24	0.00000	0.00000	0.00000
2001	11	 5	24	0.00000	0.00000	0.00000
2001	11	 6	24	0.00000	0.00000	0.00000
2001	11	 7	24	0.00004	0.00000	0.00003
2001	11	 8	24	0.05586	0.04470	0.05192
2001	11	 9	24	0.00000	0.00000	0.00000
2001	11	10	24	0.00000	0.00000	0.00000
2001	11	11	24	0.00000	0.00000	0.00000
2001	11	12	24	0.00000	0.00000	0.00000
2001	11	13	24	0.00000	0.00000	0.00000
2001	11	14	24	0.00000	0.00000	0.00000
2001	11	15	24	0.00000	0.00000	0.00000
2001	11	16	24	0.00000	0.00000	0.00000
2001	11	17	24	0.00000	0.00000	0.00000
2001	11	18	24	0.00000	0.00000	0.00000
2001	11	19	24	0.00000	0.00000	0.00000
2001	11	20	24	0.00000	0.00000	0.00000
2001	11	21	24	0.00000	0.00000	0.00000
2001	11	22	24	0.05234	0.03935	0.04775
2001	11	23	24	0.00000	0.00000	0.00000
2001	11	24	24	0.00000	0.00000	0.00000
2001	11	25	24	0.00000	0.00000	0.00000
2001	11	26	24	0.00072	0.00000	0.00047
2001	11	27	24	0.00000	0.00000	0.00000
2001	11	28	24	0.00000	0.00000	0.00000
2001	11	29	24	0.00000	0.00000	0.00000
2001	11	30	24	0.00000	0.00000	0.00000
2001	12	 1	24	0.00000	0.00000	0.00000
2001	12	 2	24	0.00000	0.00000	0.00000
2001	12	 3	24	0.00000	0.00000	0.00000
2001	12	 4	24	0.00000	0.00000	0.00000
2001	12	 5	24	0.05586	0.04470	0.05192
2001	12	 6	24	0.05586	0.04470	0.05192
2001	12	 7	24	0.00000	0.00000	0.00000
2001	12	 8	24	0.00000	0.00000	0.00000
2001	12	 9	24	0.00000	0.00000	0.00000
2001	12	10	24	0.00000	0.00000	0.00000
2001	12	11	24	0.00000	0.00000	0.00000
2001	12	12	24	0.00000	0.00000	0.00000
2001	12	13	24	0.00000	0.00000	0.00000
2001	12	14	24	0.00000	0.00000	0.00000
2001	12	15	24	0.00000	0.00000	0.00000
2001	12	16	24	0.00000	0.00000	0.00000
2001	12	17	24	0.00000	0.00000	0.00000
2001	12	18	24	0.00000	0.00000	0.00000
2001	12	19	24	0.00034	0.00000	0.00022
2001	12	20	24	0.00000	0.00000	0.00000
2001	12	21	24	0.00000	0.00000	0.00000
2001	12	22	24	0.00000	0.00000	0.00000
2001	12	23	24	0.00000	0.00000	0.00000
2001	12	24	24	0.00000	0.00000	0.00000
2001	12	25	24	0.00000	0.00000	0.00000
2001	12	26	24	0.00000	0.00000	0.00000
2001	12	27	24	0.00000	0.00000	0.00000
2001	12	28	24	0.02217	0.00000	0.01434
2001	12	29	24	0.00000	0.00000	0.00000
2001	12	30	24	0.00000	0.00000	0.00000
2001	12	31	24	0.00000	0.00000	0.00000
2002	 1	 1	24	0.00000	0.00000	0.00000
2002	 1	 2	24	0.00000	0.00000	0.00000
2002	 1	 3	24	0.00000	0.00000	0.00000
2002	 1	 4	24	0.00000	0.00000	0.00000
2002	 1	 5	24	0.00000	0.00000	0.00000
2002	 1	 6	24	0.00000	0.00000	0.00000
2002	 1	 7	24	0.00000	0.00000	0.00000
2002	 1	 8	24	0.00000	0.00000	0.00000
2002	 1	 9	24	0.00000	0.00000	0.00000
2002	 1	10	24	0.00000	0.00000	0.00000
2002	 1	11	24	0.00000	0.00000	0.00000
2002	 1	12	24	0.00000	0.00000	0.00000
2002	 1	13	24	0.00000	0.00000	0.00000
2002	 1	14	24	0.00000	0.00000	0.00000
2002	 1	15	24	0.00000	0.00000	0.00000
2002	 1	16	24	0.00000	0.00000	0.00000
2002	 1	17	24	0.00000	0.00000	0.00000
2002	 1	18	24	0.00000	0.00000	0.00000
2002	 1	19	24	0.00000	0.00000	0.00000
2002	 1	20	24	0.03125	0.00000	0.02022
2002	 1	21	24	0.02531	0.00000	0.01637
2002	 1	22	24	0.00050	0.00000	0.00033
2002	 1	23	24	0.00000	0.00000	0.00000
2002	 1	24	24	0.00242	0.00000	0.00157
2002	 1	25	24	0.00000	0.00000	0.00000
2002	 1	26	24	0.00546	0.00000	0.00353
2002	 1	27	24	0.05497	0.04470	0.05134
2002	 1	28	24	0.05327	0.04470	0.05025
2002	 1	29	24	0.04465	0.04470	0.04467
2002	 1	30	24	0.03204	0.04470	0.03651
2002	 1	31	24	0.01902	0.04470	0.02809
2002	 2	 1	24	0.00238	0.00011	0.00157
2002	 2	 2	24	0.00961	0.03844	0.01979
2002	 2	 3	24	0.00169	0.00000	0.00109
2002	 2	 4	24	0.00001	0.00000	0.00001
2002	 2	 5	24	0.00066	0.00313	0.00153
2002	 2	 6	24	0.00000	0.00000	0.00000
2002	 2	 7	24	0.00000	0.00000	0.00000
2002	 2	 8	24	0.00000	0.00000	0.00000
2002	 2	 9	24	0.00468	0.04470	0.01881
2002	 2	10	24	0.00000	0.00000	0.00000
2002	 2	11	24	0.00000	0.00283	0.00100
2002	 2	12	24	0.05586	0.04470	0.05192
2002	 2	13	24	0.00000	0.00000	0.00000
2002	 2	14	24	0.00000	0.00000	0.00000
2002	 2	15	24	0.00000	0.00000	0.00000
2002	 2	16	24	0.00000	0.00000	0.00000
2002	 2	17	24	0.00000	0.00000	0.00000
2002	 2	18	24	0.00000	0.00000	0.00000
2002	 2	19	24	0.00000	0.00000	0.00000
2002	 2	20	24	0.00940	0.00000	0.00608
2002	 2	21	24	0.00000	0.00000	0.00000
2002	 2	22	24	0.00847	0.00000	0.00548
2002	 2	23	24	0.00810	0.00000	0.00524
2002	 2	24	24	0.00000	0.00000	0.00000
2002	 2	25	24	0.00013	0.00000	0.00009
2002	 2	26	24	0.03176	0.00000	0.02055
2002	 2	27	24	0.03541	0.00000	0.02291
2002	 2	28	24	0.00000	0.00000	0.00000
2002	 3	 1	24	0.00000	0.00000	0.00000
2002	 3	 2	24	0.00000	0.00000	0.00000
2002	 3	 3	24	0.00000	0.00000	0.00000
2002	 3	 4	24	0.00000	0.00000	0.00000
2002	 3	 5	24	0.00000	0.00000	0.00000
2002	 3	 6	24	0.00000	0.00000	0.00000
2002	 3	 7	24	0.00000	0.00000	0.00000
2002	 3	 8	24	0.00000	0.00000	0.00000
2002	 3	 9	24	0.00000	0.00000	0.00000
2002	 3	10	24	0.00000	0.00000	0.00000
2002	 3	11	24	0.00000	0.00000	0.00000
2002	 3	12	24	0.00000	0.00000	0.00000
2002	 3	13	24	0.00000	0.00000	0.00000
2002	 3	14	24	0.00000	0.00000	0.00000
2002	 3	15	24	0.00000	0.00000	0.00000
2002	 3	16	24	0.00000	0.00000	0.00000
2002	 3	17	24	0.00000	0.00000	0.00000
2002	 3	18	24	0.00000	0.00000	0.00000
2002	 3	19	24	0.00000	0.00000	0.00000
2002	 3	20	24	0.00546	0.00000	0.00353
2002	 3	21	24	0.00000	0.00000	0.00000
2002	 3	22	24	0.00000	0.00000	0.00000
2002	 3	23	24	0.00487	0.00000	0.00315
2002	 3	24	24	0.00000	0.00000	0.00000
2002	 3	25	24	0.00000	0.00000	0.00000
2002	 3	26	24	0.00000	0.00000	0.00000
2002	 3	27	24	0.00000	0.00000	0.00000
2002	 3	28	24	0.00000	0.00000	0.00000
2002	 3	29	24	0.00000	0.00000	0.00000
2002	 3	30	24	0.00030	0.03513	0.01260
2002	 3	31	24	0.00000	0.00000	0.00000
2002	 4	 1	24	0.00000	0.00000	0.00000
2002	 4	 2	24	0.00000	0.00000	0.00000
2002	 4	 3	24	0.00000	0.00000	0.00000
2002	 4	 4	24	0.00000	0.00000	0.00000
2002	 4	 5	24	0.00000	0.00000	0.00000
2002	 4	 6	24	0.00000	0.00000	0.00000
2002	 4	 7	24	0.00000	0.00000	0.00000
2002	 4	 8	24	0.00000	0.00000	0.00000
2002	 4	 9	24	0.00000	0.00000	0.00000
2002	 4	10	24	0.00000	0.00000	0.00000
2002	 4	11	24	0.00000	0.00000	0.00000
2002	 4	12	24	0.00000	0.00000	0.00000
2002	 4	13	24	0.00000	0.00000	0.00000
2002	 4	14	24	0.05382	0.04356	0.05020
2002	 4	15	24	0.00000	0.00000	0.00000
2002	 4	16	24	0.00000	0.00000	0.00000
2002	 4	17	24	0.00000	0.00000	0.00000
2002	 4	18	24	0.00000	0.00000	0.00000
2002	 4	19	24	0.00000	0.00000	0.00000
2002	 4	20	24	0.00000	0.00000	0.00000
2002	 4	21	24	0.00000	0.00000	0.00000
2002	 4	22	24	0.00000	0.00000	0.00000
2002	 4	23	24	0.00000	0.00000	0.00000
2002	 4	24	24	0.00000	0.00000	0.00000
2002	 4	25	24	0.00000	0.00000	0.00000
2002	 4	26	24	0.00000	0.00000	0.00000
2002	 4	27	24	0.00000	0.00000	0.00000
2002	 4	28	24	0.00000	0.00000	0.00000
2002	 4	29	24	0.00000	0.00000	0.00000
2002	 4	30	24	0.00000	0.00000	0.00000
2002	 5	 1	24	0.00000	0.00000	0.00000
2002	 5	 2	24	0.00000	0.00000	0.00000
2002	 5	 3	24	0.00000	0.00000	0.00000
2002	 5	 4	24	0.00000	0.00000	0.00000
2002	 5	 5	24	0.02118	0.00046	0.01386
2002	 5	 6	24	0.00000	0.00000	0.00000
2002	 5	 7	24	0.00000	0.00000	0.00000
2002	 5	 8	24	0.00000	0.00000	0.00000
2002	 5	 9	24	0.00000	0.00000	0.00000
2002	 5	10	24	0.00000	0.00000	0.00000
2002	 5	11	24	0.00000	0.00000	0.00000
2002	 5	12	24	0.00000	0.00000	0.00000
2002	 5	13	24	0.00000	0.00000	0.00000
2002	 5	14	24	0.00000	0.00000	0.00000
2002	 5	15	24	0.00000	0.00000	0.00000
2002	 5	16	24	0.00000	0.00000	0.00000
2002	 5	17	24	0.00000	0.00000	0.00000
2002	 5	18	24	0.00000	0.00000	0.00000
2002	 5	19	24	0.00000	0.00000	0.00000
2002	 5	20	24	0.00000	0.00000	0.00000
2002	 5	21	24	0.00000	0.00000	0.00000
2002	 5	22	24	0.00000	0.00000	0.00000
2002	 5	23	24	0.00000	0.00000	0.00000
2002	 5	24	24	0.00000	0.00000	0.00000
2002	 5	25	24	0.00000	0.00000	0.00000
2002	 5	26	24	0.00000	0.00000	0.00000
2002	 5	27	24	0.00000	0.00000	0.00000
2002	 5	28	24	0.00000	0.00000	0.00000
2002	 5	29	24	0.00000	0.00000	0.00000
2002	 5	30	24	0.00000	0.00000	0.00000
2002	 5	31	24	0.00000	0.00000	0.00000
2002	 6	 1	24	0.00000	0.00000	0.00000
2002	 6	 2	24	0.00000	0.00000	0.00000
2002	 6	 3	24	0.00000	0.00000	0.00000
2002	 6	 4	24	0.00000	0.00000	0.00000
2002	 6	 5	24	0.00000	0.00000	0.00000
2002	 6	 6	24	0.00000	0.00000	0.00000
2002	 6	 7	24	0.05586	0.04470	0.05192
2002	 6	 8	24	0.05586	0.04470	0.05192
2002	 6	 9	24	0.00000	0.00000	0.00000
2002	 6	10	24	0.00000	0.00000	0.00000
2002	 6	11	24	0.00000	0.00000	0.00000
2002	 6	12	24	0.00000	0.00000	0.00000
2002	 6	13	24	0.00000	0.00000	0.00000
2002	 6	14	24	0.00000	0.00000	0.00000
2002	 6	15	24	0.00000	0.00000	0.00000
2002	 6	16	24	0.00000	0.00000	0.00000
2002	 6	17	24	0.00000	0.00000	0.00000
2002	 6	18	24	0.00000	0.00000	0.00000
2002	 6	19	24	0.00000	0.00000	0.00000
2002	 6	20	24	0.00000	0.00000	0.00000
2002	 6	21	24	0.00000	0.00000	0.00000
2002	 6	22	24	0.00000	0.00000	0.00000
2002	 6	23	24	0.00000	0.00000	0.00000
2002	 6	24	24	0.00000	0.00000	0.00000
2002	 6	25	24	0.00000	0.00000	0.00000
2002	 6	26	24	0.00000	0.00000	0.00000
2002	 6	27	24	0.00000	0.00000	0.00000
2002	 6	28	24	0.00000	0.00000	0.00000
2002	 6	29	24	0.00000	0.00000	0.00000
2002	 6	30	24	0.00000	0.00000	0.00000
2002	 7	 1	24	0.00000	0.00000	0.00000
2002	 7	 2	24	0.00000	0.00000	0.00000
2002	 7	 3	24	0.00000	0.00000	0.00000
2002	 7	 4	24	0.00000	0.00000	0.00000
2002	 7	 5	24	0.00000	0.00000	0.00000
2002	 7	 6	24	0.00000	0.00000	0.00000
2002	 7	 7	24	0.00000	0.00000	0.00000
2002	 7	 8	24	0.00000	0.00000	0.00000
2002	 7	 9	24	0.00000	0.00000	0.00000
2002	 7	10	24	0.00000	0.00000	0.00000
2002	 7	11	24	0.00000	0.00000	0.00000
2002	 7	12	24	0.00000	0.00000	0.00000
2002	 7	13	24	0.01594	0.00782	0.01307
2002	 7	14	24	0.00000	0.00000	0.00000
2002	 7	15	24	0.00000	0.00000	0.00000
2002	 7	16	24	0.03639	0.01054	0.02726
2002	 7	17	24	0.00000	0.00000	0.00000
2002	 7	18	24	0.00000	0.00000	0.00000
2002	 7	19	24	0.00000	0.00000	0.00000
2002	 7	20	24	0.00000	0.00000	0.00000
2002	 7	21	24	0.00000	0.00000	0.00000
2002	 7	22	24	0.00000	0.00000	0.00000
2002	 7	23	24	0.00000	0.00000	0.00000
2002	 7	24	24	0.00000	0.00000	0.00000
2002	 7	25	24	0.00000	0.00000	0.00000
2002	 7	26	24	0.00000	0.00000	0.00000
2002	 7	27	24	0.00000	0.00000	0.00000
2002	 7	28	24	0.00000	0.00000	0.00000
2002	 7	29	24	0.00000	0.00000	0.00000
2002	 7	30	24	0.00000	0.00000	0.00000
2002	 7	31	24	0.00000	0.00000	0.00000
2002	 8	 1	24	0.04976	0.00000	0.03219
2002	 8	 2	24	0.00000	0.00000	0.00000
2002	 8	 3	24	0.00000	0.00000	0.00000
2002	 8	 4	24	0.00007	0.00670	0.00241
2002	 8	 5	24	0.00000	0.00000	0.00000
2002	 8	 6	24	0.00000	0.00000	0.00000
2002	 8	 7	24	0.00818	0.00000	0.00529
2002	 8	 8	24	0.00002	0.00000	0.00001
2002	 8	 9	24	0.00000	0.00000	0.00000
2002	 8	10	24	0.00000	0.00000	0.00000
2002	 8	11	24	0.05586	0.04470	0.05192
2002	 8	12	24	0.05586	0.04470	0.05192
2002	 8	13	24	0.04459	0.04470	0.04463
2002	 8	14	24	0.00000	0.00000	0.00000
2002	 8	15	24	0.00000	0.00000	0.00000
2002	 8	16	24	0.00000	0.00000	0.00000
2002	 8	17	24	0.01068	0.00000	0.00691
2002	 8	18	24	0.00000	0.00000	0.00000
2002	 8	19	24	0.00000	0.00000	0.00000
2002	 8	20	24	0.00000	0.00000	0.00000
2002	 8	21	24	0.00000	0.00000	0.00000
2002	 8	22	24	0.00000	0.00000	0.00000
2002	 8	23	24	0.00000	0.00000	0.00000
2002	 8	24	24	0.00000	0.00000	0.00000
2002	 8	25	24	0.00000	0.00000	0.00000
2002	 8	26	24	0.00000	0.00000	0.00000
2002	 8	27	24	0.00000	0.00000	0.00000
2002	 8	28	24	0.00000	0.00000	0.00000
2002	 8	29	24	0.00000	0.00000	0.00000
2002	 8	30	24	0.00000	0.00000	0.00000
2002	 8	31	24	0.00000	0.00000	0.00000
2002	 9	 1	24	0.00000	0.00000	0.00000
2002	 9	 2	24	0.00000	0.00000	0.00000
2002	 9	 3	24	0.00000	0.00000	0.00000
2002	 9	 4	24	0.00000	0.00000	0.00000
2002	 9	 5	24	0.00920	0.03408	0.01798
2002	 9	 6	24	0.00000	0.00000	0.00000
2002	 9	 7	24	0.00000	0.00000	0.00000
2002	 9	 8	24	0.00000	0.00000	0.00000
2002	 9	 9	24	0.00000	0.00000	0.00000
2002	 9	10	24	0.00000	0.00000	0.00000
2002	 9	11	24	0.00000	0.00000	0.00000
2002	 9	12	24	0.00000	0.00000	0.00000
2002	 9	13	24	0.00000	0.00000	0.00000
2002	 9	14	24	0.00000	0.00000	0.00000
2002	 9	15	24	0.00000	0.00000	0.00000
2002	 9	16	24	0.00000	0.00000	0.00000
2002	 9	17	24	0.00000	0.00000	0.00000
2002	 9	18	24	0.00000	0.00000	0.00000
2002	 9	19	24	0.00000	0.00000	0.00000
2002	 9	20	24	0.00000	0.00000	0.00000
2002	 9	21	24	0.00000	0.00000	0.00000
2002	 9	22	24	0.00002	0.00818	0.00290
2002	 9	23	24	0.00000	0.00000	0.00000
2002	 9	24	24	0.00000	0.00000	0.00000
2002	 9	25	24	0.00000	0.00000	0.00000
2002	 9	26	24	0.05586	0.04470	0.05192
2002	 9	27	24	0.00000	0.00000	0.00000
2002	 9	28	24	0.00000	0.00000	0.00000
2002	 9	29	24	0.00000	0.00000	0.00000
2002	 9	30	24	0.00000	0.00000	0.00000
2002	10	 1	24	0.00000	0.00000	0.00000
2002	10	 2	24	0.00000	0.00000	0.00000
2002	10	 3	24	0.00000	0.00000	0.00000
2002	10	 4	24	0.00000	0.00000	0.00000
2002	10	 5	24	0.00000	0.00000	0.00000
2002	10	 6	24	0.03088	0.04093	0.03443
2002	10	 7	24	0.00000	0.00000	0.00000
2002	10	 8	24	0.00000	0.00000	0.00000
2002	10	 9	24	0.00000	0.00000	0.00000
2002	10	10	24	0.00000	0.00000	0.00000
2002	10	11	24	0.00000	0.00000	0.00000
2002	10	12	24	0.00000	0.00000	0.00000
2002	10	13	24	0.00000	0.00000	0.00000
2002	10	14	24	0.00000	0.00000	0.00000
2002	10	15	24	0.00000	0.00000	0.00000
2002	10	16	24	0.00000	0.00000	0.00000
2002	10	17	24	0.00000	0.00000	0.00000
2002	10	18	24	0.00000	0.00000	0.00000
2002	10	19	24	0.00000	0.00000	0.00000
2002	10	20	24	0.00000	0.00000	0.00000
2002	10	21	24	0.00000	0.00000	0.00000
2002	10	22	24	0.00000	0.00000	0.00000
2002	10	23	24	0.00000	0.00000	0.00000
2002	10	24	24	0.00000	0.00000	0.00000
2002	10	25	24	0.01383	0.04469	0.02473
2002	10	26	24	0.00000	0.00000	0.00000
2002	10	27	24	0.00000	0.00067	0.00024
2002	10	28	24	0.00000	0.00000	0.00000
2002	10	29	24	0.00000	0.00000	0.00000
2002	10	30	24	0.00000	0.00000	0.00000
2002	10	31	24	0.00000	0.00000	0.00000
2002	11	 1	24	0.00000	0.00000	0.00000
2002	11	 2	24	0.00000	0.00000	0.00000
2002	11	 3	24	0.00000	0.00000	0.00000
2002	11	 4	24	0.00000	0.00000	0.00000
2002	11	 5	24	0.00000	0.00000	0.00000
2002	11	 6	24	0.00000	0.00000	0.00000
2002	11	 7	24	0.00000	0.00000	0.00000
2002	11	 8	24	0.04813	0.00000	0.03113
2002	11	 9	24	0.00966	0.00000	0.00625
2002	11	10	24	0.00000	0.00000	0.00000
2002	11	11	24	0.00000	0.00000	0.00000
2002	11	12	24	0.00000	0.00000	0.00000
2002	11	13	24	0.00000	0.00000	0.00000
2002	11	14	24	0.00000	0.00000	0.00000
2002	11	15	24	0.00061	0.00670	0.00276
2002	11	16	24	0.00448	0.04470	0.01868
2002	11	17	24	0.00218	0.04216	0.01630
2002	11	18	24	0.00012	0.02779	0.00989
2002	11	19	24	0.05586	0.04470	0.05192
2002	11	20	24	0.00000	0.00000	0.00000
2002	11	21	24	0.00000	0.00000	0.00000
2002	11	22	24	0.05520	0.04457	0.05145
2002	11	23	24	0.00000	0.00000	0.00000
2002	11	24	24	0.00000	0.00000	0.00000
2002	11	25	24	0.00000	0.00000	0.00000
2002	11	26	24	0.00000	0.00000	0.00000
2002	11	27	24	0.00000	0.00000	0.00000
2002	11	28	24	0.00000	0.00000	0.00000
2002	11	29	24	0.02587	0.04210	0.03160
2002	11	30	24	0.04959	0.02926	0.04241
2002	12	 1	24	0.00000	0.00000	0.00000
2002	12	 2	24	0.00000	0.00000	0.00000
2002	12	 3	24	0.00000	0.00000	0.00000
2002	12	 4	24	0.00000	0.00000	0.00000
2002	12	 5	24	0.00000	0.00000	0.00000
2002	12	 6	24	0.00000	0.00000	0.00000
2002	12	 7	24	0.00000	0.00000	0.00000
2002	12	 8	24	0.00000	0.00000	0.00000
2002	12	 9	24	0.00000	0.00000	0.00000
2002	12	10	24	0.00000	0.00000	0.00000
2002	12	11	24	0.00000	0.00000	0.00000
2002	12	12	24	0.00000	0.00000	0.00000
2002	12	13	24	0.00000	0.00000	0.00000
2002	12	14	24	0.00000	0.00000	0.00000
2002	12	15	24	0.00000	0.00000	0.00000
2002	12	16	24	0.00000	0.00000	0.00000
2002	12	17	24	0.00000	0.00000	0.00000
2002	12	18	24	0.00000	0.00000	0.00000
2002	12	19	24	0.00000	0.00000	0.00000
2002	12	20	24	0.00000	0.00000	0.00000
2002	12	21	24	0.00000	0.00000	0.00000
2002	12	22	24	0.00000	0.00000	0.00000
2002	12	23	24	0.00000	0.00000	0.00000
2002	12	24	24	0.00000	0.00000	0.00000
2002	12	25	24	0.00000	0.00000	0.00000
2002	12	26	24	0.00000	0.00000	0.00000
2002	12	27	24	0.00000	0.00000	0.00000
2002	12	28	24	0.00000	0.00000	0.00000
2002	12	29	24	0.04927	0.00000	0.03187
2002	12	30	24	0.05586	0.04470	0.05192
2002	12	31	24	0.00000	0.00000	0.00000
2003	 1	 1	24	0.00000	0.00000	0.00000
2003	 1	 2	24	0.05586	0.04470	0.05192
2003	 1	 3	24	0.05200	0.04470	0.04942
2003	 1	 4	24	0.00000	0.00000	0.00000
2003	 1	 5	24	0.00000	0.00000	0.00000
2003	 1	 6	24	0.00000	0.00000	0.00000
2003	 1	 7	24	0.00000	0.00000	0.00000
2003	 1	 8	24	0.00000	0.00000	0.00000
2003	 1	 9	24	0.00000	0.00000	0.00000
2003	 1	10	24	0.00000	0.00000	0.00000
2003	 1	11	24	0.00000	0.00000	0.00000
2003	 1	12	24	0.00000	0.00000	0.00000
2003	 1	13	24	0.00000	0.00000	0.00000
2003	 1	14	24	0.00000	0.00000	0.00000
2003	 1	15	24	0.00000	0.00000	0.00000
2003	 1	16	24	0.00000	0.00000	0.00000
2003	 1	17	24	0.00000	0.00000	0.00000
2003	 1	18	24	0.00000	0.00000	0.00000
2003	 1	19	24	0.00000	0.00000	0.00000
2003	 1	20	24	0.00000	0.00000	0.00000
2003	 1	21	24	0.00000	0.00000	0.00000
2003	 1	22	24	0.00000	0.00000	0.00000
2003	 1	23	24	0.01849	0.00000	0.01196
2003	 1	24	24	0.00000	0.00000	0.00000
2003	 1	25	24	0.00000	0.00000	0.00000
2003	 1	26	24	0.00000	0.00000	0.00000
2003	 1	27	24	0.01656	0.04467	0.02649
2003	 1	28	24	0.01491	0.04436	0.02531
2003	 1	29	24	0.00000	0.00000	0.00000
2003	 1	30	24	0.00000	0.00000	0.00000
2003	 1	31	24	0.00000	0.00000	0.00000
2003	 2	 1	24	0.00000	0.00000	0.00000
2003	 2	 2	24	0.00000	0.00000	0.00000
2003	 2	 3	24	0.00000	0.00000	0.00000
2003	 2	 4	24	0.00000	0.00000	0.00000
2003	 2	 5	24	0.00000	0.00000	0.00000
2003	 2	 6	24	0.00000	0.00000	0.00000
2003	 2	 7	24	0.00000	0.00000	0.00000
2003	 2	 8	24	0.00000	0.00000	0.00000
2003	 2	 9	24	0.00000	0.00000	0.00000
2003	 2	10	24	0.00000	0.00000	0.00000
2003	 2	11	24	0.00000	0.00000	0.00000
2003	 2	12	24	0.00000	0.00000	0.00000
2003	 2	13	24	0.00000	0.00000	0.00000
2003	 2	14	24	0.00000	0.00000	0.00000
2003	 2	15	24	0.00000	0.00000	0.00000
2003	 2	16	24	0.00000	0.00000	0.00000
2003	 2	17	24	0.00000	0.00000	0.00000
2003	 2	18	24	0.00000	0.00000	0.00000
2003	 2	19	24	0.00000	0.00000	0.00000
2003	 2	20	24	0.00000	0.00000	0.00000
2003	 2	21	24	0.00000	0.00000	0.00000
2003	 2	22	24	0.00000	0.00000	0.00000
2003	 2	23	24	0.00000	0.00000	0.00000
2003	 2	24	24	0.00000	0.00000	0.00000
2003	 2	25	24	0.00000	0.00000	0.00000
2003	 2	26	24	0.00000	0.00000	0.00000
2003	 2	27	24	0.00000	0.00000	0.00000
2003	 2	28	24	0.00000	0.00000	0.00000
2003	 3	 1	24	0.00000	0.00000	0.00000
2003	 3	 2	24	0.00000	0.00000	0.00000
2003	 3	 3	24	0.00000	0.00000	0.00000
2003	 3	 4	24	0.00000	0.00000	0.00000
2003	 3	 5	24	0.00000	0.00000	0.00000
2003	 3	 6	24	0.00000	0.00000	0.00000
2003	 3	 7	24	0.00000	0.00000	0.00000
2003	 3	 8	24	0.00000	0.00000	0.00000
2003	 3	 9	24	0.00000	0.00000	0.00000
2003	 3	10	24	0.00182	0.03696	0.01423
2003	 3	11	24	0.00004	0.03263	0.01155
2003	 3	12	24	0.00000	0.02461	0.00869
2003	 3	13	24	0.00000	0.00000	0.00000
2003	 3	14	24	0.00000	0.00000	0.00000
2003	 3	15	24	0.00000	0.00000	0.00000
2003	 3	16	24	0.00000	0.00000	0.00000
2003	 3	17	24	0.00000	0.00000	0.00000
2003	 3	18	24	0.00000	0.00000	0.00000
2003	 3	19	24	0.00000	0.00000	0.00000
2003	 3	20	24	0.00000	0.00000	0.00000
2003	 3	21	24	0.00000	0.00000	0.00000
2003	 3	22	24	0.00000	0.00000	0.00000
2003	 3	23	24	0.00000	0.00000	0.00000
2003	 3	24	24	0.00000	0.00000	0.00000
2003	 3	25	24	0.00000	0.00000	0.00000
2003	 3	26	24	0.00000	0.00000	0.00000
2003	 3	27	24	0.00000	0.00000	0.00000
2003	 3	28	24	0.00000	0.00000	0.00000
2003	 3	29	24	0.00000	0.00000	0.00000
2003	 3	30	24	0.00000	0.00000	0.00000
2003	 3	31	24	0.00000	0.00000	0.00000
2003	 4	 1	24	0.00000	0.00000	0.00000
2003	 4	 2	24	0.00000	0.00000	0.00000
2003	 4	 3	24	0.00000	0.00000	0.00000
2003	 4	 4	24	0.00000	0.00000	0.00000
2003	 4	 5	24	0.00000	0.00000	0.00000
2003	 4	 6	24	0.00000	0.00000	0.00000
2003	 4	 7	24	0.00000	0.00000	0.00000
2003	 4	 8	24	0.00000	0.00000	0.00000
2003	 4	 9	24	0.00000	0.00000	0.00000
2003	 4	10	24	0.00000	0.00000	0.00000
2003	 4	11	24	0.00000	0.00000	0.00000
2003	 4	12	24	0.00000	0.00000	0.00000
2003	 4	13	24	0.00000	0.00000	0.00000
2003	 4	14	24	0.00000	0.00000	0.00000
2003	 4	15	24	0.00000	0.00000	0.00000
2003	 4	16	24	0.00000	0.00000	0.00000
2003	 4	17	24	0.00000	0.00000	0.00000
2003	 4	18	24	0.04141	0.00000	0.02679
2003	 4	19	24	0.05490	0.04449	0.05122
2003	 4	20	24	0.00000	0.00000	0.00000
2003	 4	21	24	0.00000	0.00000	0.00000
2003	 4	22	24	0.00000	0.00000	0.00000
2003	 4	23	24	0.00000	0.00000	0.00000
2003	 4	24	24	0.00000	0.00000	0.00000
2003	 4	25	24	0.00000	0.00000	0.00000
2003	 4	26	24	0.00000	0.00000	0.00000
2003	 4	27	24	0.00000	0.00000	0.00000
2003	 4	28	24	0.00000	0.00000	0.00000
2003	 4	29	24	0.00000	0.00000	0.00000
2003	 4	30	24	0.00000	0.00000	0.00000
2003	 5	 1	24	0.00000	0.00000	0.00000
2003	 5	 2	24	0.00000	0.00000	0.00000
2003	 5	 3	24	0.00000	0.00000	0.00000
2003	 5	 4	24	0.00000	0.00000	0.00000
2003	 5	 5	24	0.00000	0.00000	0.00000
2003	 5	 6	24	0.00000	0.00000	0.00000
2003	 5	 7	24	0.00000	0.00000	0.00000
2003	 5	 8	24	0.00221	0.00000	0.00143
2003	 5	 9	24	0.00000	0.00000	0.00000
2003	 5	10	24	0.00000	0.00000	0.00000
2003	 5	11	24	0.00000	0.00000	0.00000
2003	 5	12	24	0.00000	0.00000	0.00000
2003	 5	13	24	0.00000	0.00000	0.00000
2003	 5	14	24	0.00000	0.00000	0.00000
2003	 5	15	24	0.00000	0.00000	0.00000
2003	 5	16	24	0.00000	0.00000	0.00000
2003	 5	17	24	0.00000	0.00000	0.00000
2003	 5	18	24	0.00000	0.00000	0.00000
2003	 5	19	24	0.00000	0.00000	0.00000
2003	 5	20	24	0.00000	0.00000	0.00000
2003	 5	21	24	0.00000	0.00000	0.00000
2003	 5	22	24	0.00000	0.00000	0.00000
2003	 5	23	24	0.00000	0.00000	0.00000
2003	 5	24	24	0.00000	0.00000	0.00000
2003	 5	25	24	0.00000	0.00000	0.00000
2003	 5	26	24	0.00000	0.00000	0.00000
2003	 5	27	24	0.00000	0.00000	0.00000
2003	 5	28	24	0.00000	0.00000	0.00000
2003	 5	29	24	0.00000	0.00000	0.00000
2003	 5	30	24	0.00000	0.00000	0.00000
2003	 5	31	24	0.00000	0.00000	0.00000
2003	 6	 1	24	0.00000	0.00000	0.00000
2003	 6	 2	24	0.00000	0.00000	0.00000
2003	 6	 3	24	0.00000	0.00000	0.00000
2003	 6	 4	24	0.00000	0.00000	0.00000
2003	 6	 5	24	0.00000	0.00000	0.00000
2003	 6	 6	24	0.00000	0.00000	0.00000
2003	 6	 7	24	0.00000	0.00000	0.00000
2003	 6	 8	24	0.00000	0.00000	0.00000
2003	 6	 9	24	0.00000	0.00000	0.00000
2003	 6	10	24	0.00000	0.00000	0.00000
2003	 6	11	24	0.00000	0.00000	0.00000
2003	 6	12	24	0.00000	0.00000	0.00000
2003	 6	13	24	0.00000	0.00000	0.00000
2003	 6	14	24	0.00000	0.00000	0.00000
2003	 6	15	24	0.00000	0.00000	0.00000
2003	 6	16	24	0.00000	0.00000	0.00000
2003	 6	17	24	0.00000	0.00000	0.00000
2003	 6	18	24	0.00000	0.00000	0.00000
2003	 6	19	24	0.00000	0.00000	0.00000
2003	 6	20	24	0.00000	0.00000	0.00000
2003	 6	21	24	0.00000	0.00000	0.00000
2003	 6	22	24	0.00000	0.00000	0.00000
2003	 6	23	24	0.00000	0.00000	0.00000
2003	 6	24	24	0.00000	0.00000	0.00000
2003	 6	25	24	0.00000	0.00000	0.00000
2003	 6	26	24	0.00000	0.00000	0.00000
2003	 6	27	24	0.00000	0.00000	0.00000
2003	 6	28	24	0.00000	0.00000	0.00000
2003	 6	29	24	0.00000	0.00000	0.00000
2003	 6	30	24	0.00017	0.00900	0.00329
2003	 7	 1	24	0.00003	0.00795	0.00283
2003	 7	 2	24	0.00000	0.00000	0.00000
2003	 7	 3	24	0.00000	0.00000	0.00000
2003	 7	 4	24	0.00000	0.00000	0.00000
2003	 7	 5	24	0.00000	0.00000	0.00000
2003	 7	 6	24	0.00000	0.00000	0.00000
2003	 7	 7	24	0.00000	0.00000	0.00000
2003	 7	 8	24	0.00000	0.00000	0.00000
2003	 7	 9	24	0.00000	0.00000	0.00000
2003	 7	10	24	0.00000	0.00000	0.00000
2003	 7	11	24	0.00000	0.00000	0.00000
2003	 7	12	24	0.00000	0.00000	0.00000
2003	 7	13	24	0.00000	0.00000	0.00000
2003	 7	14	24	0.00000	0.00000	0.00000
2003	 7	15	24	0.00000	0.00000	0.00000
2003	 7	16	24	0.00000	0.00000	0.00000
2003	 7	17	24	0.00000	0.00000	0.00000
2003	 7	18	24	0.00000	0.00000	0.00000
2003	 7	19	24	0.00000	0.00000	0.00000
2003	 7	20	24	0.00000	0.00000	0.00000
2003	 7	21	24	0.00000	0.00000	0.00000
2003	 7	22	24	0.00000	0.00000	0.00000
2003	 7	23	24	0.00000	0.00000	0.00000
2003	 7	24	24	0.02404	0.02841	0.02558
2003	 7	25	24	0.00000	0.00000	0.00000
2003	 7	26	24	0.00000	0.00000	0.00000
2003	 7	27	24	0.00482	0.04470	0.01891
2003	 7	28	24	0.00000	0.00000	0.00000
2003	 7	29	24	0.00000	0.00000	0.00000
2003	 7	30	24	0.00000	0.00000	0.00000
2003	 7	31	24	0.00000	0.00000	0.00000
2003	 8	 1	24	0.00000	0.00000	0.00000
2003	 8	 2	24	0.00000	0.00000	0.00000
2003	 8	 3	24	0.00000	0.00000	0.00000
2003	 8	 4	24	0.00000	0.00000	0.00000
2003	 8	 5	24	0.00000	0.00000	0.00000
2003	 8	 6	24	0.00000	0.00000	0.00000
2003	 8	 7	24	0.00000	0.00000	0.00000
2003	 8	 8	24	0.00000	0.00000	0.00000
2003	 8	 9	24	0.00000	0.00000	0.00000
2003	 8	10	24	0.00000	0.00000	0.00000
2003	 8	11	24	0.00000	0.00000	0.00000
2003	 8	12	24	0.00000	0.00000	0.00000
2003	 8	13	24	0.00000	0.00000	0.00000
2003	 8	14	24	0.00000	0.00000	0.00000
2003	 8	15	24	0.00000	0.00000	0.00000
2003	 8	16	24	0.00000	0.00000	0.00000
2003	 8	17	24	0.00000	0.00000	0.00000
2003	 8	18	24	0.00000	0.00000	0.00000
2003	 8	19	24	0.00000	0.00000	0.00000
2003	 8	20	24	0.00000	0.00000	0.00000
2003	 8	21	24	0.00000	0.00000	0.00000
2003	 8	22	24	0.00000	0.00000	0.00000
2003	 8	23	24	0.00000	0.00000	0.00000
2003	 8	24	24	0.00000	0.00000	0.00000
2003	 8	25	24	0.00000	0.00000	0.00000
2003	 8	26	24	0.00000	0.00000	0.00000
2003	 8	27	24	0.00000	0.00000	0.00000
2003	 8	28	24	0.00000	0.00000	0.00000
2003	 8	29	24	0.00000	0.00000	0.00000
2003	 8	30	24	0.00000	0.00000	0.00000
2003	 8	31	24	0.00000	0.00000	0.00000
2003	 9	 1	24	0.00000	0.00000	0.00000
2003	 9	 2	24	0.00000	0.00000	0.00000
2003	 9	 3	24	0.00000	0.00000	0.00000
2003	 9	 4	24	0.00000	0.00000	0.00000
2003	 9	 5	24	0.00000	0.00000	0.00000
2003	 9	 6	24	0.00000	0.00000	0.00000
2003	 9	 7	24	0.00000	0.00000	0.00000
2003	 9	 8	24	0.00000	0.00000	0.00000
2003	 9	 9	24	0.00000	0.00000	0.00000
2003	 9	10	24	0.00000	0.00000	0.00000
2003	 9	11	24	0.00000	0.00000	0.00000
2003	 9	12	24	0.00000	0.00000	0.00000
2003	 9	13	24	0.00000	0.00000	0.00000
2003	 9	14	24	0.00000	0.00000	0.00000
2003	 9	15	24	0.00000	0.00000	0.00000
2003	 9	16	24	0.00000	0.00000	0.00000
2003	 9	17	24	0.00000	0.00000	0.00000
2003	 9	18	24	0.00000	0.00000	0.00000
2003	 9	19	24	0.00000	0.00000	0.00000
2003	 9	20	24	0.00000	0.00000	0.00000
2003	 9	21	24	0.00000	0.00000	0.00000
2003	 9	22	24	0.00000	0.00000	0.00000
2003	 9	23	24	0.00000	0.00000	0.00000
2003	 9	24	24	0.00000	0.00000	0.00000
2003	 9	25	24	0.00000	0.00000	0.00000
2003	 9	26	24	0.00000	0.00000	0.00000
2003	 9	27	24	0.00000	0.00000	0.00000
2003	 9	28	24	0.00000	0.00000	0.00000
2003	 9	29	24	0.00000	0.00000	0.00000
2003	 9	30	24	0.00000	0.00000	0.00000
2003	10	 1	24	0.00000	0.00000	0.00000
2003	10	 2	24	0.00000	0.00000	0.00000
2003	10	 3	24	0.00000	0.00000	0.00000
2003	10	 4	24	0.00000	0.00000	0.00000
2003	10	 5	24	0.00000	0.00000	0.00000
2003	10	 6	24	0.00000	0.00000	0.00000
2003	10	 7	24	0.00019	0.00000	0.00012
2003	10	 8	24	0.05586	0.04470	0.05192
2003	10	 9	24	0.00000	0.00000	0.00000
2003	10	10	24	0.00000	0.00000	0.00000
2003	10	11	24	0.00000	0.00000	0.00000
2003	10	12	24	0.00000	0.00000	0.00000
2003	10	13	24	0.00000	0.00000	0.00000
2003	10	14	24	0.00000	0.00000	0.00000
2003	10	15	24	0.00000	0.00000	0.00000
2003	10	16	24	0.00000	0.00000	0.00000
2003	10	17	24	0.00000	0.00000	0.00000
2003	10	18	24	0.00000	0.00000	0.00000
2003	10	19	24	0.00000	0.00000	0.00000
2003	10	20	24	0.00000	0.00000	0.00000
2003	10	21	24	0.00000	0.00000	0.00000
2003	10	22	24	0.00000	0.00000	0.00000
2003	10	23	24	0.00000	0.00000	0.00000
2003	10	24	24	0.00000	0.00000	0.00000
2003	10	25	24	0.00000	0.00000	0.00000
2003	10	26	24	0.00000	0.00000	0.00000
2003	10	27	24	0.00000	0.00000	0.00000
2003	10	28	24	0.00000	0.00000	0.00000
2003	10	29	24	0.00000	0.00000	0.00000
2003	10	30	24	0.00000	0.00000	0.00000
2003	10	31	24	0.00000	0.00000	0.00000
2003	11	 1	24	0.00000	0.00000	0.00000
2003	11	 2	24	0.00000	0.00000	0.00000
2003	11	 3	24	0.00000	0.00000	0.00000
2003	11	 4	24	0.00000	0.00000	0.00000
2003	11	 5	24	0.00000	0.00000	0.00000
2003	11	 6	24	0.00000	0.00000	0.00000
2003	11	 7	24	0.00000	0.00000	0.00000
2003	11	 8	24	0.00000	0.00000	0.00000
2003	11	 9	24	0.00000	0.00000	0.00000
2003	11	10	24	0.00000	0.00000	0.00000
2003	11	11	24	0.00000	0.00000	0.00000
2003	11	12	24	0.00000	0.00000	0.00000
2003	11	13	24	0.00000	0.00000	0.00000
2003	11	14	24	0.00000	0.00000	0.00000
2003	11	15	24	0.00000	0.00000	0.00000
2003	11	16	24	0.00000	0.00000	0.00000
2003	11	17	24	0.00000	0.00000	0.00000
2003	11	18	24	0.00000	0.00000	0.00000
2003	11	19	24	0.00000	0.00000	0.00000
2003	11	20	24	0.00000	0.00000	0.00000
2003	11	21	24	0.00000	0.00000	0.00000
2003	11	22	24	0.00000	0.00000	0.00000
2003	11	23	24	0.00000	0.00000	0.00000
2003	11	24	24	0.00000	0.00000	0.00000
2003	11	25	24	0.00000	0.00000	0.00000
2003	11	26	24	0.00000	0.00000	0.00000
2003	11	27	24	0.00000	0.00000	0.00000
2003	11	28	24	0.00000	0.00000	0.00000
2003	11	29	24	0.00000	0.00000	0.00000
2003	11	30	24	0.00000	0.00000	0.00000
2003	12	 1	24	0.00000	0.00000	0.00000
2003	12	 2	24	0.00000	0.00000	0.00000
2003	12	 3	24	0.00000	0.00000	0.00000
2003	12	 4	24	0.00000	0.00000	0.00000
2003	12	 5	24	0.00000	0.00000	0.00000
2003	12	 6	24	0.00000	0.00000	0.00000
2003	12	 7	24	0.00000	0.00000	0.00000
2003	12	 8	24	0.00000	0.00000	0.00000
2003	12	 9	24	0.00000	0.00000	0.00000
2003	12	10	24	0.00000	0.00000	0.00000
2003	12	11	24	0.00000	0.00000	0.00000
2003	12	12	24	0.00000	0.00000	0.00000
2003	12	13	24	0.03149	0.04470	0.03616
2003	12	14	24	0.04776	0.04470	0.04668
2003	12	15	24	0.00000	0.00000	0.00000
2003	12	16	24	0.00000	0.00000	0.00000
2003	12	17	24	0.00000	0.00000	0.00000
2003	12	18	24	0.00000	0.00000	0.00000
2003	12	19	24	0.00000	0.00000	0.00000
2003	12	20	24	0.00000	0.00000	0.00000
2003	12	21	24	0.00000	0.00000	0.00000
2003	12	22	24	0.00000	0.00000	0.00000
2003	12	23	24	0.00000	0.00000	0.00000
2003	12	24	24	0.00000	0.00000	0.00000
2003	12	25	24	0.00000	0.00000	0.00000
2003	12	26	24	0.00000	0.00000	0.00000
2003	12	27	24	0.00000	0.00000	0.00000
2003	12	28	24	0.00000	0.00000	0.00000
2003	12	29	24	0.00000	0.00000	0.00000
2003	12	30	24	0.00000	0.00000	0.00000
2003	12	31	24	0.00000	0.00000	0.00000
2004	 1	 1	24	0.00000	0.00000	0.00000
2004	 1	 2	24	0.00000	0.00000	0.00000
2004	 1	 3	24	0.00000	0.00000	0.00000
2004	 1	 4	24	0.00000	0.00000	0.00000
2004	 1	 5	24	0.00000	0.00000	0.00000
2004	 1	 6	24	0.00000	0.00000	0.00000
2004	 1	 7	24	0.00000	0.00000	0.00000
2004	 1	 8	24	0.00000	0.00000	0.00000
2004	 1	 9	24	0.00000	0.00000	0.00000
2004	 1	10	24	0.00240	0.00000	0.00156
2004	 1	11	24	0.04726	0.00000	0.03057
2004	 1	12	24	0.00000	0.00000	0.00000
2004	 1	13	24	0.04738	0.00000	0.03065
2004	 1	14	24	0.00265	0.00000	0.00172
2004	 1	15	24	0.00000	0.00000	0.00000
2004	 1	16	24	0.00000	0.00000	0.00000
2004	 1	17	24	0.00000	0.00000	0.00000
2004	 1	18	24	0.00000	0.00000	0.00000
2004	 1	19	24	0.00000	0.00000	0.00000
2004	 1	20	24	0.00000	0.00000	0.00000
2004	 1	21	24	0.00000	0.00000	0.00000
2004	 1	22	24	0.00000	0.00000	0.00000
2004	 1	23	24	0.00000	0.00000	0.00000
2004	 1	24	24	0.00000	0.00000	0.00000
2004	 1	25	24	0.00000	0.00000	0.00000
2004	 1	26	24	0.00000	0.00000	0.00000
2004	 1	27	24	0.00000	0.00000	0.00000
2004	 1	28	24	0.00000	0.00000	0.00000
2004	 1	29	24	0.00000	0.00000	0.00000
2004	 1	30	24	0.00000	0.00000	0.00000
2004	 1	31	24	0.00000	0.00000	0.00000
2004	 2	 1	24	0.04977	0.00000	0.03219
2004	 2	 2	24	0.05586	0.04470	0.05192
2004	 2	 3	24	0.05577	0.04470	0.05186
2004	 2	 4	24	0.04111	0.04470	0.04238
2004	 2	 5	24	0.01746	0.04470	0.02708
2004	 2	 6	24	0.01126	0.04470	0.02307
2004	 2	 7	24	0.00825	0.04470	0.02112
2004	 2	 8	24	0.00081	0.00000	0.00052
2004	 2	 9	24	0.00000	0.00000	0.00000
2004	 2	10	24	0.00000	0.00000	0.00000
2004	 2	11	24	0.00000	0.00000	0.00000
2004	 2	12	24	0.00000	0.00000	0.00000
2004	 2	13	24	0.00000	0.00000	0.00000
2004	 2	14	24	0.00000	0.00000	0.00000
2004	 2	15	24	0.00000	0.00000	0.00000
2004	 2	16	24	0.00000	0.00000	0.00000
2004	 2	17	24	0.00000	0.00000	0.00000
2004	 2	18	24	0.00000	0.00000	0.00000
2004	 2	19	24	0.00000	0.00000	0.00000
2004	 2	20	24	0.00000	0.00000	0.00000
2004	 2	21	24	0.00000	0.00000	0.00000
2004	 2	22	24	0.00000	0.00000	0.00000
2004	 2	23	24	0.00000	0.00000	0.00000
2004	 2	24	24	0.00000	0.00000	0.00000
2004	 2	25	24	0.00000	0.00000	0.00000
2004	 2	26	24	0.00000	0.00000	0.00000
2004	 2	27	24	0.00000	0.00000	0.00000
2004	 2	28	24	0.00000	0.00000	0.00000
2004	 2	29	24	0.00000	0.00000	0.00000
2004	 3	 1	24	0.00000	0.00000	0.00000
2004	 3	 2	24	0.00000	0.00000	0.00000
2004	 3	 3	24	0.00000	0.00000	0.00000
2004	 3	 4	24	0.00000	0.00000	0.00000
2004	 3	 5	24	0.00000	0.00000	0.00000
2004	 3	 6	24	0.00000	0.00000	0.00000
2004	 3	 7	24	0.00000	0.00000	0.00000
2004	 3	 8	24	0.00000	0.00000	0.00000
2004	 3	 9	24	0.00000	0.00000	0.00000
2004	 3	10	24	0.00000	0.00000	0.00000
2004	 3	11	24	0.00000	0.00000	0.00000
2004	 3	12	24	0.00000	0.00000	0.00000
2004	 3	13	24	0.00000	0.00000	0.00000
2004	 3	14	24	0.00000	0.00000	0.00000
2004	 3	15	24	0.00000	0.00000	0.00000
2004	 3	16	24	0.00574	0.04329	0.01900
2004	 3	17	24	0.00593	0.04470	0.01962
2004	 3	18	24	0.00500	0.04468	0.01901
2004	 3	19	24	0.00371	0.04443	0.01809
2004	 3	20	24	0.00264	0.04392	0.01722
2004	 3	21	24	0.00062	0.03850	0.01400
2004	 3	22	24	0.00000	0.00000	0.00000
2004	 3	23	24	0.00040	0.00000	0.00026
2004	 3	24	24	0.05118	0.00000	0.03311
2004	 3	25	24	0.00000	0.00000	0.00000
2004	 3	26	24	0.00000	0.00000	0.00000
2004	 3	27	24	0.00000	0.00000	0.00000
2004	 3	28	24	0.00000	0.00000	0.00000
2004	 3	29	24	0.00000	0.00000	0.00000
2004	 3	30	24	0.00000	0.00000	0.00000
2004	 3	31	24	0.00000	0.00000	0.00000
2004	 4	 1	24	0.00000	0.00076	0.00027
2004	 4	 2	24	0.00000	0.00187	0.00066
2004	 4	 3	24	0.00000	0.00000	0.00000
2004	 4	 4	24	0.00000	0.00000	0.00000
2004	 4	 5	24	0.00000	0.00000	0.00000
2004	 4	 6	24	0.00000	0.00000	0.00000
2004	 4	 7	24	0.00000	0.00000	0.00000
2004	 4	 8	24	0.00000	0.00000	0.00000
2004	 4	 9	24	0.00000	0.00000	0.00000
2004	 4	10	24	0.00000	0.00000	0.00000
2004	 4	11	24	0.00000	0.00000	0.00000
2004	 4	12	24	0.00000	0.00000	0.00000
2004	 4	13	24	0.00000	0.00000	0.00000
2004	 4	14	24	0.00000	0.00000	0.00000
2004	 4	15	24	0.00000	0.00000	0.00000
2004	 4	16	24	0.00000	0.00000	0.00000
2004	 4	17	24	0.00000	0.00000	0.00000
2004	 4	18	24	0.00000	0.00000	0.00000
2004	 4	19	24	0.00000	0.00000	0.00000
2004	 4	20	24	0.00000	0.00000	0.00000
2004	 4	21	24	0.00000	0.00000	0.00000
2004	 4	22	24	0.00000	0.00000	0.00000
2004	 4	23	24	0.00000	0.00000	0.00000
2004	 4	24	24	0.00000	0.00000	0.00000
2004	 4	25	24	0.00000	0.00000	0.00000
2004	 4	26	24	0.00000	0.00000	0.00000
2004	 4	27	24	0.00000	0.00000	0.00000
2004	 4	28	24	0.00000	0.00000	0.00000
2004	 4	29	24	0.00000	0.00000	0.00000
2004	 4	30	24	0.00000	0.00000	0.00000
2004	 5	 1	24	0.00000	0.00000	0.00000
2004	 5	 2	24	0.00000	0.00000	0.00000
2004	 5	 3	24	0.00000	0.00000	0.00000
2004	 5	 4	24	0.00000	0.00000	0.00000
2004	 5	 5	24	0.01664	0.00000	0.01077
2004	 5	 6	24	0.05553	0.04462	0.05168
2004	 5	 7	24	0.00000	0.00000	0.00000
2004	 5	 8	24	0.00000	0.00000	0.00000
2004	 5	 9	24	0.00000	0.00000	0.00000
2004	 5	10	24	0.05586	0.04470	0.05192
2004	 5	11	24	0.00000	0.00000	0.00000
2004	 5	12	24	0.00000	0.00000	0.00000
2004	 5	13	24	0.00000	0.00000	0.00000
2004	 5	14	24	0.00000	0.00000	0.00000
2004	 5	15	24	0.05120	0.04330	0.04841
2004	 5	16	24	0.00000	0.00000	0.00000
2004	 5	17	24	0.00000	0.00000	0.00000
2004	 5	18	24	0.00000	0.00000	0.00000
2004	 5	19	24	0.00000	0.00000	0.00000
2004	 5	20	24	0.00000	0.00000	0.00000
2004	 5	21	24	0.00000	0.00000	0.00000
2004	 5	22	24	0.00000	0.00000	0.00000
2004	 5	23	24	0.00411	0.04155	0.01733
2004	 5	24	24	0.00000	0.00000	0.00000
2004	 5	25	24	0.00000	0.00000	0.00000
2004	 5	26	24	0.00000	0.00000	0.00000
2004	 5	27	24	0.00000	0.00000	0.00000
2004	 5	28	24	0.00000	0.00000	0.00000
2004	 5	29	24	0.00000	0.00000	0.00000
2004	 5	30	24	0.00000	0.00000	0.00000
2004	 5	31	24	0.00000	0.00000	0.00000
2004	 6	 1	24	0.00000	0.00000	0.00000
2004	 6	 2	24	0.00000	0.00000	0.00000
2004	 6	 3	24	0.00000	0.00000	0.00000
2004	 6	 4	24	0.00000	0.00000	0.00000
2004	 6	 5	24	0.00000	0.00000	0.00000
2004	 6	 6	24	0.00000	0.00000	0.00000
2004	 6	 7	24	0.00000	0.00000	0.00000
2004	 6	 8	24	0.00000	0.00000	0.00000
2004	 6	 9	24	0.00000	0.00000	0.00000
2004	 6	10	24	0.00000	0.00000	0.00000
2004	 6	11	24	0.00000	0.00011	0.00004
2004	 6	12	24	0.00000	0.00000	0.00000
2004	 6	13	24	0.00000	0.00000	0.00000
2004	 6	14	24	0.00000	0.00000	0.00000
2004	 6	15	24	0.00000	0.00000	0.00000
2004	 6	16	24	0.00000	0.00000	0.00000
2004	 6	17	24	0.00000	0.00000	0.00000
2004	 6	18	24	0.00000	0.00000	0.00000
2004	 6	19	24	0.00000	0.00000	0.00000
2004	 6	20	24	0.00000	0.00000	0.00000
2004	 6	21	24	0.00000	0.00000	0.00000
2004	 6	22	24	0.00000	0.00000	0.00000
2004	 6	23	24	0.00000	0.00000	0.00000
2004	 6	24	24	0.00000	0.00000	0.00000
2004	 6	25	24	0.00000	0.00000	0.00000
2004	 6	26	24	0.00000	0.00000	0.00000
2004	 6	27	24	0.00000	0.00000	0.00000
2004	 6	28	24	0.00000	0.00000	0.00000
2004	 6	29	24	0.00000	0.00000	0.00000
2004	 6	30	24	0.00000	0.00000	0.00000
2004	 7	 1	24	0.00000	0.00000	0.00000
2004	 7	 2	24	0.00000	0.00000	0.00000
2004	 7	 3	24	0.00000	0.00000	0.00000
2004	 7	 4	24	0.00000	0.00000	0.00000
2004	 7	 5	24	0.00000	0.00000	0.00000
2004	 7	 6	24	0.00000	0.00000	0.00000
2004	 7	 7	24	0.00000	0.00000	0.00000
2004	 7	 8	24	0.04760	0.04470	0.04658
2004	 7	 9	24	0.00000	0.00000	0.00000
2004	 7	10	24	0.00000	0.00000	0.00000
2004	 7	11	24	0.00000	0.00000	0.00000
2004	 7	12	24	0.00000	0.00000	0.00000
2004	 7	13	24	0.00000	0.00000	0.00000
2004	 7	14	24	0.00000	0.00000	0.00000
2004	 7	15	24	0.00000	0.00000	0.00000
2004	 7	16	24	0.00000	0.00000	0.00000
2004	 7	17	24	0.00000	0.00000	0.00000
2004	 7	18	24	0.00000	0.00000	0.00000
2004	 7	19	24	0.00000	0.00000	0.00000
2004	 7	20	24	0.00000	0.00000	0.00000
2004	 7	21	24	0.00000	0.00000	0.00000
2004	 7	22	24	0.03684	0.04424	0.03945
2004	 7	23	24	0.00000	0.00000	0.00000
2004	 7	24	24	0.00000	0.00000	0.00000
2004	 7	25	24	0.00000	0.00000	0.00000
2004	 7	26	24	0.00000	0.00000	0.00000
2004	 7	27	24	0.00000	0.00000	0.00000
2004	 7	28	24	0.00000	0.00000	0.00000
2004	 7	29	24	0.00000	0.00000	0.00000
2004	 7	30	24	0.00000	0.00000	0.00000
2004	 7	31	24	0.00000	0.00000	0.00000
2004	 8	 1	24	0.00000	0.00000	0.00000
2004	 8	 2	24	0.00000	0.00000	0.00000
2004	 8	 3	24	0.00000	0.00000	0.00000
2004	 8	 4	24	0.00000	0.00000	0.00000
2004	 8	 5	24	0.00000	0.00000	0.00000
2004	 8	 6	24	0.00000	0.00000	0.00000
2004	 8	 7	24	0.00000	0.00000	0.00000
2004	 8	 8	24	0.00000	0.00000	0.00000
2004	 8	 9	24	0.00000	0.00000	0.00000
2004	 8	10	24	0.00000	0.00000	0.00000
2004	 8	11	24	0.00000	0.00000	0.00000
2004	 8	12	24	0.00630	0.04277	0.01918
2004	 8	13	24	0.00000	0.00000	0.00000
2004	 8	14	24	0.00000	0.00000	0.00000
2004	 8	15	24	0.00000	0.00000	0.00000
2004	 8	16	24	0.00000	0.00000	0.00000
2004	 8	17	24	0.00000	0.00000	0.00000
2004	 8	18	24	0.00000	0.00000	0.00000
2004	 8	19	24	0.00000	0.00000	0.00000
2004	 8	20	24	0.00000	0.00000	0.00000
2004	 8	21	24	0.00000	0.00000	0.00000
2004	 8	22	24	0.00000	0.00000	0.00000
2004	 8	23	24	0.00000	0.00000	0.00000
2004	 8	24	24	0.00000	0.00008	0.00003
2004	 8	25	24	0.00000	0.00000	0.00000
2004	 8	26	24	0.00020	0.01172	0.00426
2004	 8	27	24	0.00000	0.00000	0.00000
2004	 8	28	24	0.00000	0.00000	0.00000
2004	 8	29	24	0.00000	0.00000	0.00000
2004	 8	30	24	0.00000	0.00000	0.00000
2004	 8	31	24	0.00000	0.00000	0.00000
2004	 9	 1	24	0.00000	0.00000	0.00000
2004	 9	 2	24	0.00000	0.00000	0.00000
2004	 9	 3	24	0.00000	0.00000	0.00000
2004	 9	 4	24	0.00000	0.00000	0.00000
2004	 9	 5	24	0.00000	0.00000	0.00000
2004	 9	 6	24	0.00000	0.00000	0.00000
2004	 9	 7	24	0.00000	0.00000	0.00000
2004	 9	 8	24	0.00000	0.00000	0.00000
2004	 9	 9	24	0.00000	0.00000	0.00000
2004	 9	10	24	0.00000	0.00000	0.00000
2004	 9	11	24	0.00000	0.00000	0.00000
2004	 9	12	24	0.00000	0.00000	0.00000
2004	 9	13	24	0.00000	0.00000	0.00000
2004	 9	14	24	0.00000	0.00000	0.00000
2004	 9	15	24	0.00000	0.00000	0.00000
2004	 9	16	24	0.00000	0.00000	0.00000
2004	 9	17	24	0.00000	0.00000	0.00000
2004	 9	18	24	0.00000	0.00000	0.00000
2004	 9	19	24	0.00000	0.00000	0.00000
2004	 9	20	24	0.00000	0.00000	0.00000
2004	 9	21	24	0.00056	0.02089	0.00774
2004	 9	22	24	0.00041	0.01895	0.00696
2004	 9	23	24	0.00000	0.01292	0.00456
2004	 9	24	24	0.00000	0.00000	0.00000
2004	 9	25	24	0.00065	0.00000	0.00042
2004	 9	26	24	0.00000	0.00000	0.00000
2004	 9	27	24	0.00000	0.00000	0.00000
2004	 9	28	24	0.00000	0.00000	0.00000
2004	 9	29	24	0.00000	0.00000	0.00000
2004	 9	30	24	0.00000	0.00000	0.00000
2004	10	 1	24	0.00000	0.00000	0.00000
2004	10	 2	24	0.00000	0.00000	0.00000
2004	10	 3	24	0.00000	0.00000	0.00000
2004	10	 4	24	0.00000	0.00000	0.00000
2004	10	 5	24	0.00000	0.00000	0.00000
2004	10	 6	24	0.00000	0.00000	0.00000
2004	10	 7	24	0.00000	0.00000	0.00000
2004	10	 8	24	0.00000	0.00000	0.00000
2004	10	 9	24	0.00000	0.00000	0.00000
2004	10	10	24	0.00000	0.00000	0.00000
2004	10	11	24	0.00000	0.00000	0.00000
2004	10	12	24	0.00000	0.00000	0.00000
2004	10	13	24	0.00000	0.00000	0.00000
2004	10	14	24	0.00000	0.00000	0.00000
2004	10	15	24	0.00000	0.00000	0.00000
2004	10	16	24	0.00000	0.00000	0.00000
2004	10	17	24	0.00000	0.00000	0.00000
2004	10	18	24	0.00000	0.00000	0.00000
2004	10	19	24	0.00000	0.00000	0.00000
2004	10	20	24	0.00000	0.00000	0.00000
2004	10	21	24	0.00000	0.00000	0.00000
2004	10	22	24	0.00000	0.00000	0.00000
2004	10	23	24	0.00000	0.00000	0.00000
2004	10	24	24	0.00000	0.00000	0.00000
2004	10	25	24	0.00000	0.00000	0.00000
2004	10	26	24	0.00000	0.00000	0.00000
2004	10	27	24	0.00000	0.00000	0.00000
2004	10	28	24	0.00000	0.00000	0.00000
2004	10	29	24	0.00000	0.00000	0.00000
2004	10	30	24	0.00000	0.00000	0.00000
2004	10	31	24	0.00000	0.00000	0.00000
2004	11	 1	24	0.00000	0.00000	0.00000
2004	11	 2	24	0.00000	0.00000	0.00000
2004	11	 3	24	0.00000	0.00000	0.00000
2004	11	 4	24	0.00000	0.00000	0.00000
2004	11	 5	24	0.00000	0.00000	0.00000
2004	11	 6	24	0.00000	0.00388	0.00137
2004	11	 7	24	0.00000	0.00000	0.00000
2004	11	 8	24	0.00068	0.00000	0.00044
2004	11	 9	24	0.04451	0.00000	0.02879
2004	11	10	24	0.00000	0.00000	0.00000
2004	11	11	24	0.00000	0.00000	0.00000
2004	11	12	24	0.00000	0.00000	0.00000
2004	11	13	24	0.00000	0.00000	0.00000
2004	11	14	24	0.00000	0.00000	0.00000
2004	11	15	24	0.00000	0.00000	0.00000
2004	11	16	24	0.01021	0.03662	0.01954
2004	11	17	24	0.00239	0.04373	0.01699
2004	11	18	24	0.05503	0.04470	0.05138
2004	11	19	24	0.00000	0.00000	0.00000
2004	11	20	24	0.00000	0.00000	0.00000
2004	11	21	24	0.00000	0.00000	0.00000
2004	11	22	24	0.05149	0.04456	0.04904
2004	11	23	24	0.02495	0.03518	0.02856
2004	11	24	24	0.00000	0.00000	0.00000
2004	11	25	24	0.00000	0.00000	0.00000
2004	11	26	24	0.00000	0.00000	0.00000
2004	11	27	24	0.00000	0.00000	0.00000
2004	11	28	24	0.00000	0.00000	0.00000
2004	11	29	24	0.00000	0.00000	0.00000
2004	11	30	24	0.00000	0.00000	0.00000
2004	12	 1	24	0.00000	0.00000	0.00000
2004	12	 2	24	0.00000	0.00000	0.00000
2004	12	 3	24	0.00000	0.00000	0.00000
2004	12	 4	24	0.00000	0.00000	0.00000
2004	12	 5	24	0.00000	0.00000	0.00000
2004	12	 6	24	0.00000	0.00000	0.00000
2004	12	 7	24	0.00000	0.00000	0.00000
2004	12	 8	24	0.00000	0.00000	0.00000
2004	12	 9	24	0.00000	0.00000	0.00000
2004	12	10	24	0.00000	0.00000	0.00000
2004	12	11	24	0.00000	0.00000	0.00000
2004	12	12	24	0.00000	0.00000	0.00000
2004	12	13	24	0.00000	0.00000	0.00000
2004	12	14	24	0.00000	0.00000	0.00000
2004	12	15	24	0.00000	0.00000	0.00000
2004	12	16	24	0.00000	0.00000	0.00000
2004	12	17	24	0.00000	0.00000	0.00000
2004	12	18	24	0.00063	0.00000	0.00041
2004	12	19	24	0.00000	0.00000	0.00000
2004	12	20	24	0.00000	0.00000	0.00000
2004	12	21	24	0.00000	0.00000	0.00000
2004	12	22	24	0.00000	0.00000	0.00000
2004	12	23	24	0.00000	0.00000	0.00000
2004	12	24	24	0.00000	0.00000	0.00000
2004	12	25	24	0.00000	0.00000	0.00000
2004	12	26	24	0.02064	0.00000	0.01335
2004	12	27	24	0.00000	0.00000	0.00000
2004	12	28	24	0.00000	0.00000	0.00000
2004	12	29	24	0.00000	0.00000	0.00000
2004	12	30	24	0.00000	0.00000	0.00000
2004	12	31	24	0.00000	0.00000	0.00000
2005	 1	 1	24	0.00000	0.00000	0.00000
2005	 1	 2	24	0.00000	0.00000	0.00000
2005	 1	 3	24	0.00841	0.00000	0.00544
2005	 1	 4	24	0.00000	0.00000	0.00000
2005	 1	 5	24	0.00000	0.00000	0.00000
2005	 1	 6	24	0.00000	0.00000	0.00000
2005	 1	 7	24	0.00000	0.00000	0.00000
2005	 1	 8	24	0.00000	0.00000	0.00000
2005	 1	 9	24	0.00000	0.00000	0.00000
2005	 1	10	24	0.00000	0.00000	0.00000
2005	 1	11	24	0.00000	0.00000	0.00000
2005	 1	12	24	0.00000	0.00100	0.00035
2005	 1	13	24	0.00000	0.00000	0.00000
2005	 1	14	24	0.00000	0.00000	0.00000
2005	 1	15	24	0.00000	0.00000	0.00000
2005	 1	16	24	0.00000	0.00000	0.00000
2005	 1	17	24	0.00000	0.00000	0.00000
2005	 1	18	24	0.00000	0.00000	0.00000
2005	 1	19	24	0.00000	0.00000	0.00000
2005	 1	20	24	0.05559	0.04470	0.05175
2005	 1	21	24	0.02619	0.00000	0.01694
2005	 1	22	24	0.00000	0.00000	0.00000
2005	 1	23	24	0.00000	0.00000	0.00000
2005	 1	24	24	0.00000	0.00000	0.00000
2005	 1	25	24	0.00000	0.00000	0.00000
2005	 1	26	24	0.00000	0.00000	0.00000
2005	 1	27	24	0.00000	0.00000	0.00000
2005	 1	28	24	0.00000	0.00000	0.00000
2005	 1	29	24	0.00000	0.00000	0.00000
2005	 1	30	24	0.00000	0.00000	0.00000
2005	 1	31	24	0.01250	0.00000	0.00809
2005	 2	 1	24	0.00000	0.00000	0.00000
2005	 2	 2	24	0.00000	0.00000	0.00000
2005	 2	 3	24	0.00000	0.00000	0.00000
2005	 2	 4	24	0.00000	0.00000	0.00000
2005	 2	 5	24	0.00000	0.00000	0.00000
2005	 2	 6	24	0.00000	0.00000	0.00000
2005	 2	 7	24	0.00000	0.00000	0.00000
2005	 2	 8	24	0.00000	0.00000	0.00000
2005	 2	 9	24	0.00000	0.00000	0.00000
2005	 2	10	24	0.00014	0.00000	0.00009
2005	 2	11	24	0.00474	0.00000	0.00306
2005	 2	12	24	0.05187	0.04470	0.04934
2005	 2	13	24	0.00000	0.00000	0.00000
2005	 2	14	24	0.00000	0.00000	0.00000
2005	 2	15	24	0.00000	0.00000	0.00000
2005	 2	16	24	0.00000	0.00000	0.00000
2005	 2	17	24	0.00000	0.00000	0.00000
2005	 2	18	24	0.00000	0.00000	0.00000
2005	 2	19	24	0.00000	0.00000	0.00000
2005	 2	20	24	0.00000	0.00000	0.00000
2005	 2	21	24	0.00000	0.00000	0.00000
2005	 2	22	24	0.00000	0.00000	0.00000
2005	 2	23	24	0.00000	0.00000	0.00000
2005	 2	24	24	0.00000	0.00000	0.00000
2005	 2	25	24	0.00000	0.00000	0.00000
2005	 2	26	24	0.00000	0.00000	0.00000
2005	 2	27	24	0.00000	0.00000	0.00000
2005	 2	28	24	0.00000	0.00000	0.00000
2005	 3	 1	24	0.00000	0.00000	0.00000
2005	 3	 2	24	0.00000	0.00000	0.00000
2005	 3	 3	24	0.00000	0.00000	0.00000
2005	 3	 4	24	0.00000	0.00000	0.00000
2005	 3	 5	24	0.00000	0.00000	0.00000
2005	 3	 6	24	0.00000	0.00000	0.00000
2005	 3	 7	24	0.00000	0.00000	0.00000
2005	 3	 8	24	0.00000	0.00000	0.00000
2005	 3	 9	24	0.00000	0.00000	0.00000
2005	 3	10	24	0.00000	0.00000	0.00000
2005	 3	11	24	0.00000	0.00000	0.00000
2005	 3	12	24	0.00000	0.00000	0.00000
2005	 3	13	24	0.00000	0.00000	0.00000
2005	 3	14	24	0.00000	0.00000	0.00000
2005	 3	15	24	0.00000	0.00000	0.00000
2005	 3	16	24	0.03124	0.04470	0.03600
2005	 3	17	24	0.04386	0.04470	0.04416
2005	 3	18	24	0.04177	0.04470	0.04281
2005	 3	19	24	0.00000	0.00000	0.00000
2005	 3	20	24	0.00000	0.00000	0.00000
2005	 3	21	24	0.00000	0.00000	0.00000
2005	 3	22	24	0.00000	0.00000	0.00000
2005	 3	23	24	0.00000	0.00000	0.00000
2005	 3	24	24	0.01073	0.04450	0.02265
2005	 3	25	24	0.01467	0.04470	0.02527
2005	 3	26	24	0.01078	0.04470	0.02276
2005	 3	27	24	0.00818	0.04470	0.02107
2005	 3	28	24	0.00526	0.04470	0.01919
2005	 3	29	24	0.00487	0.04470	0.01894
2005	 3	30	24	0.00213	0.02086	0.00874
2005	 3	31	24	0.00000	0.00000	0.00000
2005	 4	 1	24	0.00000	0.00000	0.00000
2005	 4	 2	24	0.00051	0.00711	0.00284
2005	 4	 3	24	0.00113	0.04258	0.01577
2005	 4	 4	24	0.00000	0.02827	0.00998
2005	 4	 5	24	0.00000	0.01755	0.00620
2005	 4	 6	24	0.00000	0.01158	0.00409
2005	 4	 7	24	0.00000	0.00446	0.00158
2005	 4	 8	24	0.00000	0.00208	0.00074
2005	 4	 9	24	0.00000	0.00000	0.00000
2005	 4	10	24	0.00000	0.00000	0.00000
2005	 4	11	24	0.00000	0.00000	0.00000
2005	 4	12	24	0.00000	0.00008	0.00003
2005	 4	13	24	0.00000	0.00000	0.00000
2005	 4	14	24	0.00000	0.00000	0.00000
2005	 4	15	24	0.00000	0.00000	0.00000
2005	 4	16	24	0.00000	0.00000	0.00000
2005	 4	17	24	0.00000	0.00000	0.00000
2005	 4	18	24	0.00000	0.00000	0.00000
2005	 4	19	24	0.00000	0.00000	0.00000
2005	 4	20	24	0.00000	0.00000	0.00000
2005	 4	21	24	0.00000	0.00000	0.00000
2005	 4	22	24	0.00000	0.00000	0.00000
2005	 4	23	24	0.00000	0.00000	0.00000
2005	 4	24	24	0.00000	0.00000	0.00000
2005	 4	25	24	0.00000	0.00000	0.00000
2005	 4	26	24	0.00000	0.00000	0.00000
2005	 4	27	24	0.00000	0.00000	0.00000
2005	 4	28	24	0.00000	0.00000	0.00000
2005	 4	29	24	0.00000	0.00000	0.00000
2005	 4	30	24	0.00000	0.00000	0.00000
2005	 5	 1	24	0.00000	0.00000	0.00000
2005	 5	 2	24	0.00000	0.00000	0.00000
2005	 5	 3	24	0.00000	0.00000	0.00000
2005	 5	 4	24	0.00000	0.00000	0.00000
2005	 5	 5	24	0.00000	0.00000	0.00000
2005	 5	 6	24	0.00000	0.00000	0.00000
2005	 5	 7	24	0.00000	0.00000	0.00000
2005	 5	 8	24	0.00000	0.00000	0.00000
2005	 5	 9	24	0.00000	0.00000	0.00000
2005	 5	10	24	0.00000	0.00000	0.00000
2005	 5	11	24	0.00000	0.00000	0.00000
2005	 5	12	24	0.00000	0.00000	0.00000
2005	 5	13	24	0.00000	0.00000	0.00000
2005	 5	14	24	0.00000	0.00000	0.00000
2005	 5	15	24	0.00000	0.00000	0.00000
2005	 5	16	24	0.01626	0.04154	0.02519
2005	 5	17	24	0.00000	0.00000	0.00000
2005	 5	18	24	0.00000	0.00000	0.00000
2005	 5	19	24	0.00000	0.00000	0.00000
2005	 5	20	24	0.00000	0.00000	0.00000
2005	 5	21	24	0.00000	0.00000	0.00000
2005	 5	22	24	0.00000	0.00000	0.00000
2005	 5	23	24	0.01016	0.01885	0.01323
2005	 5	24	24	0.00000	0.00000	0.00000
2005	 5	25	24	0.00000	0.00000	0.00000
2005	 5	26	24	0.00000	0.00000	0.00000
2005	 5	27	24	0.00000	0.00000	0.00000
2005	 5	28	24	0.00000	0.00000	0.00000
2005	 5	29	24	0.00000	0.00000	0.00000
2005	 5	30	24	0.00000	0.00000	0.00000
2005	 5	31	24	0.00000	0.00000	0.00000
2005	 6	 1	24	0.00000	0.00000	0.00000
2005	 6	 2	24	0.00000	0.00000	0.00000
2005	 6	 3	24	0.00000	0.00000	0.00000
2005	 6	 4	24	0.00000	0.00000	0.00000
2005	 6	 5	24	0.00000	0.00000	0.00000
2005	 6	 6	24	0.00000	0.00000	0.00000
2005	 6	 7	24	0.00000	0.00000	0.00000
2005	 6	 8	24	0.00000	0.00000	0.00000
2005	 6	 9	24	0.00000	0.00000	0.00000
2005	 6	10	24	0.00000	0.00000	0.00000
2005	 6	11	24	0.00000	0.00000	0.00000
2005	 6	12	24	0.00000	0.00000	0.00000
2005	 6	13	24	0.00000	0.00000	0.00000
2005	 6	14	24	0.04368	0.04470	0.04404
2005	 6	15	24	0.00000	0.00000	0.00000
2005	 6	16	24	0.00000	0.00000	0.00000
2005	 6	17	24	0.00000	0.00000	0.00000
2005	 6	18	24	0.00000	0.00000	0.00000
2005	 6	19	24	0.00000	0.00000	0.00000
2005	 6	20	24	0.00000	0.00000	0.00000
2005	 6	21	24	0.00000	0.00000	0.00000
2005	 6	22	24	0.00000	0.00000	0.00000
2005	 6	23	24	0.00000	0.00000	0.00000
2005	 6	24	24	0.00000	0.00000	0.00000
2005	 6	25	24	0.00000	0.00000	0.00000
2005	 6	26	24	0.00000	0.00000	0.00000
2005	 6	27	24	0.00000	0.00000	0.00000
2005	 6	28	24	0.00000	0.00000	0.00000
2005	 6	29	24	0.00000	0.00000	0.00000
2005	 6	30	24	0.00000	0.00000	0.00000
2005	 7	 1	24	0.00000	0.00000	0.00000
2005	 7	 2	24	0.00000	0.00000	0.00000
2005	 7	 3	24	0.00000	0.00000	0.00000
2005	 7	 4	24	0.00000	0.00000	0.00000
2005	 7	 5	24	0.02685	0.03505	0.02975
2005	 7	 6	24	0.00000	0.00000	0.00000
2005	 7	 7	24	0.00000	0.00000	0.00000
2005	 7	 8	24	0.00411	0.01122	0.00662
2005	 7	 9	24	0.00000	0.00000	0.00000
2005	 7	10	24	0.00000	0.00000	0.00000
2005	 7	11	24	0.00000	0.00000	0.00000
2005	 7	12	24	0.00000	0.00000	0.00000
2005	 7	13	24	0.00000	0.00000	0.00000
2005	 7	14	24	0.00000	0.00000	0.00000
2005	 7	15	24	0.00000	0.00000	0.00000
2005	 7	16	24	0.00000	0.00000	0.00000
2005	 7	17	24	0.00000	0.00000	0.00000
2005	 7	18	24	0.00000	0.00000	0.00000
2005	 7	19	24	0.00610	0.01332	0.00865
2005	 7	20	24	0.00000	0.00000	0.00000
2005	 7	21	24	0.00001	0.00458	0.00163
2005	 7	22	24	0.00000	0.00000	0.00000
2005	 7	23	24	0.00000	0.00000	0.00000
2005	 7	24	24	0.00000	0.00000	0.00000
2005	 7	25	24	0.00000	0.00000	0.00000
2005	 7	26	24	0.00000	0.00000	0.00000
2005	 7	27	24	0.00000	0.00000	0.00000
2005	 7	28	24	0.00000	0.00000	0.00000
2005	 7	29	24	0.00119	0.00059	0.00098
2005	 7	30	24	0.00000	0.00000	0.00000
2005	 7	31	24	0.00000	0.00000	0.00000
2005	 8	 1	24	0.00000	0.00000	0.00000
2005	 8	 2	24	0.00000	0.00000	0.00000
2005	 8	 3	24	0.00000	0.00000	0.00000
2005	 8	 4	24	0.00000	0.00000	0.00000
2005	 8	 5	24	0.00016	0.00000	0.00010
2005	 8	 6	24	0.00000	0.00000	0.00000
2005	 8	 7	24	0.00000	0.00000	0.00000
2005	 8	 8	24	0.00000	0.00000	0.00000
2005	 8	 9	24	0.00000	0.00000	0.00000
2005	 8	10	24	0.00000	0.00000	0.00000
2005	 8	11	24	0.00000	0.00000	0.00000
2005	 8	12	24	0.00000	0.00000	0.00000
2005	 8	13	24	0.00000	0.00000	0.00000
2005	 8	14	24	0.00000	0.00000	0.00000
2005	 8	15	24	0.00000	0.00000	0.00000
2005	 8	16	24	0.00000	0.00000	0.00000
2005	 8	17	24	0.00000	0.00000	0.00000
2005	 8	18	24	0.00000	0.00000	0.00000
2005	 8	19	24	0.00000	0.00000	0.00000
2005	 8	20	24	0.00035	0.01042	0.00391
2005	 8	21	24	0.00000	0.00000	0.00000
2005	 8	22	24	0.02914	0.04446	0.03455
2005	 8	23	24	0.00000	0.00000	0.00000
2005	 8	24	24	0.00000	0.00000	0.00000
2005	 8	25	24	0.00000	0.00000	0.00000
2005	 8	26	24	0.00000	0.00000	0.00000
2005	 8	27	24	0.00000	0.00000	0.00000
2005	 8	28	24	0.00000	0.00000	0.00000
2005	 8	29	24	0.00000	0.00000	0.00000
2005	 8	30	24	0.00000	0.00000	0.00000
2005	 8	31	24	0.00000	0.00000	0.00000
2005	 9	 1	24	0.00000	0.00000	0.00000
2005	 9	 2	24	0.00000	0.00000	0.00000
2005	 9	 3	24	0.00000	0.00000	0.00000
2005	 9	 4	24	0.00000	0.00000	0.00000
2005	 9	 5	24	0.00000	0.00000	0.00000
2005	 9	 6	24	0.00000	0.00000	0.00000
2005	 9	 7	24	0.00000	0.00000	0.00000
2005	 9	 8	24	0.00000	0.00000	0.00000
2005	 9	 9	24	0.00000	0.00000	0.00000
2005	 9	10	24	0.04996	0.04470	0.04811
2005	 9	11	24	0.00000	0.00000	0.00000
2005	 9	12	24	0.04626	0.04442	0.04561
2005	 9	13	24	0.00000	0.00000	0.00000
2005	 9	14	24	0.00000	0.00000	0.00000
2005	 9	15	24	0.00000	0.00000	0.00000
2005	 9	16	24	0.00071	0.00000	0.00046
2005	 9	17	24	0.00000	0.00000	0.00000
2005	 9	18	24	0.00000	0.00000	0.00000
2005	 9	19	24	0.00000	0.00000	0.00000
2005	 9	20	24	0.00000	0.00000	0.00000
2005	 9	21	24	0.00000	0.00000	0.00000
2005	 9	22	24	0.00000	0.00000	0.00000
2005	 9	23	24	0.00000	0.00000	0.00000
2005	 9	24	24	0.00000	0.00000	0.00000
2005	 9	25	24	0.00000	0.00000	0.00000
2005	 9	26	24	0.00000	0.00000	0.00000
2005	 9	27	24	0.00000	0.00000	0.00000
2005	 9	28	24	0.00000	0.00000	0.00000
2005	 9	29	24	0.00000	0.00000	0.00000
2005	 9	30	24	0.00000	0.00000	0.00000
2005	10	 1	24	0.00000	0.00000	0.00000
2005	10	 2	24	0.00000	0.00000	0.00000
2005	10	 3	24	0.00000	0.00000	0.00000
2005	10	 4	24	0.00000	0.00000	0.00000
2005	10	 5	24	0.00000	0.00000	0.00000
2005	10	 6	24	0.00000	0.00000	0.00000
2005	10	 7	24	0.00000	0.00000	0.00000
2005	10	 8	24	0.00000	0.00000	0.00000
2005	10	 9	24	0.00000	0.00000	0.00000
2005	10	10	24	0.00000	0.00000	0.00000
2005	10	11	24	0.00000	0.00000	0.00000
2005	10	12	24	0.00000	0.00000	0.00000
2005	10	13	24	0.00000	0.00000	0.00000
2005	10	14	24	0.00000	0.00000	0.00000
2005	10	15	24	0.00000	0.00000	0.00000
2005	10	16	24	0.00000	0.00000	0.00000
2005	10	17	24	0.00000	0.00000	0.00000
2005	10	18	24	0.00000	0.00000	0.00000
2005	10	19	24	0.00000	0.00000	0.00000
2005	10	20	24	0.00000	0.00000	0.00000
2005	10	21	24	0.00000	0.00000	0.00000
2005	10	22	24	0.00000	0.00000	0.00000
2005	10	23	24	0.00000	0.00000	0.00000
2005	10	24	24	0.00000	0.00000	0.00000
2005	10	25	24	0.00000	0.00000	0.00000
2005	10	26	24	0.00000	0.00000	0.00000
2005	10	27	24	0.00000	0.00000	0.00000
2005	10	28	24	0.00000	0.00000	0.00000
2005	10	29	24	0.00000	0.00000	0.00000
2005	10	30	24	0.00000	0.00000	0.00000
2005	10	31	24	0.00000	0.00000	0.00000
2005	11	 1	24	0.00000	0.00000	0.00000
2005	11	 2	24	0.00000	0.00000	0.00000
2005	11	 3	24	0.00000	0.00000	0.00000
2005	11	 4	24	0.00000	0.00000	0.00000
2005	11	 5	24	0.00000	0.00000	0.00000
2005	11	 6	24	0.00000	0.00000	0.00000
2005	11	 7	24	0.00000	0.00000	0.00000
2005	11	 8	24	0.00000	0.00000	0.00000
2005	11	 9	24	0.00000	0.00000	0.00000
2005	11	10	24	0.00000	0.00000	0.00000
2005	11	11	24	0.00000	0.00000	0.00000
2005	11	12	24	0.00000	0.00000	0.00000
2005	11	13	24	0.00000	0.00000	0.00000
2005	11	14	24	0.00000	0.00000	0.00000
2005	11	15	24	0.00000	0.00000	0.00000
2005	11	16	24	0.00000	0.00000	0.00000
2005	11	17	24	0.00000	0.00000	0.00000
2005	11	18	24	0.00000	0.00000	0.00000
2005	11	19	24	0.00000	0.00000	0.00000
2005	11	20	24	0.00072	0.00000	0.00047
2005	11	21	24	0.00000	0.00000	0.00000
2005	11	22	24	0.00000	0.00000	0.00000
2005	11	23	24	0.00000	0.00000	0.00000
2005	11	24	24	0.00000	0.00000	0.00000
2005	11	25	24	0.00000	0.00000	0.00000
2005	11	26	24	0.00000	0.00000	0.00000
2005	11	27	24	0.00000	0.00000	0.00000
2005	11	28	24	0.00000	0.00000	0.00000
2005	11	29	24	0.00000	0.00000	0.00000
2005	11	30	24	0.00000	0.00000	0.00000
2005	12	 1	24	0.00000	0.00000	0.00000
2005	12	 2	24	0.00000	0.00000	0.00000
2005	12	 3	24	0.00000	0.00000	0.00000
2005	12	 4	24	0.00000	0.00000	0.00000
2005	12	 5	24	0.00000	0.00000	0.00000
2005	12	 6	24	0.00000	0.00000	0.00000
2005	12	 7	24	0.00000	0.00000	0.00000
2005	12	 8	24	0.00000	0.00000	0.00000
2005	12	 9	24	0.00000	0.00000	0.00000
2005	12	10	24	0.00000	0.00000	0.00000
2005	12	11	24	0.00000	0.00000	0.00000
2005	12	12	24	0.00000	0.00000	0.00000
2005	12	13	24	0.00000	0.00000	0.00000
2005	12	14	24	0.00000	0.00000	0.00000
2005	12	15	24	0.02657	0.00000	0.01719
2005	12	16	24	0.02980	0.00000	0.01928
2005	12	17	24	0.00000	0.00000	0.00000
2005	12	18	24	0.00000	0.00000	0.00000
2005	12	19	24	0.00000	0.00000	0.00000
2005	12	20	24	0.00808	0.00000	0.00522
2005	12	21	24	0.00000	0.00000	0.00000
2005	12	22	24	0.00000	0.00000	0.00000
2005	12	23	24	0.00000	0.00000	0.00000
2005	12	24	24	0.00000	0.00000	0.00000
2005	12	25	24	0.00000	0.00000	0.00000
2005	12	26	24	0.00000	0.00000	0.00000
2005	12	27	24	0.00000	0.00000	0.00000
2005	12	28	24	0.00000	0.00000	0.00000
2005	12	29	24	0.00000	0.00000	0.00000
2005	12	30	24	0.00000	0.00000	0.00000
2005	12	31	24	0.00000	0.00000	0.00000
2006	 1	 1	24	0.00000	0.00000	0.00000
2006	 1	 2	24	0.00000	0.00000	0.00000
2006	 1	 3	24	0.00000	0.00000	0.00000
2006	 1	 4	24	0.00000	0.00000	0.00000
2006	 1	 5	24	0.00000	0.00000	0.00000
2006	 1	 6	24	0.00000	0.00000	0.00000
2006	 1	 7	24	0.00000	0.00000	0.00000
2006	 1	 8	24	0.00000	0.00000	0.00000
2006	 1	 9	24	0.00000	0.00000	0.00000
2006	 1	10	24	0.00000	0.00000	0.00000
2006	 1	11	24	0.00000	0.00000	0.00000
2006	 1	12	24	0.00000	0.00000	0.00000
2006	 1	13	24	0.00000	0.00000	0.00000
2006	 1	14	24	0.00000	0.00000	0.00000
2006	 1	15	24	0.00000	0.00000	0.00000
2006	 1	16	24	0.00000	0.00000	0.00000
2006	 1	17	24	0.00000	0.00000	0.00000
2006	 1	18	24	0.00000	0.00000	0.00000
2006	 1	19	24	0.00000	0.00000	0.00000
2006	 1	20	24	0.00109	0.00000	0.00070
2006	 1	21	24	0.02381	0.00000	0.01540
2006	 1	22	24	0.00000	0.00000	0.00000
2006	 1	23	24	0.00000	0.00000	0.00000
2006	 1	24	24	0.00000	0.00000	0.00000
2006	 1	25	24	0.00000	0.00000	0.00000
2006	 1	26	24	0.00000	0.00000	0.00000
2006	 1	27	24	0.00000	0.00000	0.00000
2006	 1	28	24	0.00000	0.00000	0.00000
2006	 1	29	24	0.00000	0.00000	0.00000
2006	 1	30	24	0.00000	0.00000	0.00000
2006	 1	31	24	0.00000	0.00000	0.00000
2006	 2	 1	24	0.00000	0.00000	0.00000
2006	 2	 2	24	0.00000	0.00000	0.00000
2006	 2	 3	24	0.00000	0.00000	0.00000
2006	 2	 4	24	0.00000	0.00000	0.00000
2006	 2	 5	24	0.00000	0.00000	0.00000
2006	 2	 6	24	0.00000	0.00000	0.00000
2006	 2	 7	24	0.04716	0.03861	0.04414
2006	 2	 8	24	0.01035	0.00000	0.00670
2006	 2	 9	24	0.00000	0.00000	0.00000
2006	 2	10	24	0.00000	0.00000	0.00000
2006	 2	11	24	0.00000	0.00000	0.00000
2006	 2	12	24	0.00000	0.00000	0.00000
2006	 2	13	24	0.00000	0.00000	0.00000
2006	 2	14	24	0.00000	0.00000	0.00000
2006	 2	15	24	0.00000	0.00000	0.00000
2006	 2	16	24	0.00000	0.00000	0.00000
2006	 2	17	24	0.00000	0.00000	0.00000
2006	 2	18	24	0.00000	0.00000	0.00000
2006	 2	19	24	0.00000	0.00000	0.00000
2006	 2	20	24	0.00000	0.00000	0.00000
2006	 2	21	24	0.00000	0.00000	0.00000
2006	 2	22	24	0.00000	0.00000	0.00000
2006	 2	23	24	0.00000	0.00000	0.00000
2006	 2	24	24	0.00000	0.00000	0.00000
2006	 2	25	24	0.00000	0.00000	0.00000
2006	 2	26	24	0.00000	0.00000	0.00000
2006	 2	27	24	0.00000	0.00000	0.00000
2006	 2	28	24	0.00000	0.00000	0.00000
2006	 3	 1	24	0.00000	0.00000	0.00000
2006	 3	 2	24	0.00000	0.00000	0.00000
2006	 3	 3	24	0.00000	0.00000	0.00000
2006	 3	 4	24	0.00000	0.00000	0.00000
2006	 3	 5	24	0.00000	0.00000	0.00000
2006	 3	 6	24	0.00000	0.00000	0.00000
2006	 3	 7	24	0.00000	0.00000	0.00000
2006	 3	 8	24	0.00000	0.00000	0.00000
2006	 3	 9	24	0.00000	0.00000	0.00000
2006	 3	10	24	0.00000	0.00000	0.00000
2006	 3	11	24	0.00000	0.00000	0.00000
2006	 3	12	24	0.00000	0.00000	0.00000
2006	 3	13	24	0.00000	0.00000	0.00000
2006	 3	14	24	0.00000	0.00000	0.00000
2006	 3	15	24	0.00000	0.00000	0.00000
2006	 3	16	24	0.00000	0.00000	0.00000
2006	 3	17	24	0.00000	0.00000	0.00000
2006	 3	18	24	0.00000	0.00000	0.00000
2006	 3	19	24	0.00000	0.00000	0.00000
2006	 3	20	24	0.00000	0.00000	0.00000
2006	 3	21	24	0.00000	0.00000	0.00000
2006	 3	22	24	0.00000	0.00000	0.00000
2006	 3	23	24	0.00000	0.00000	0.00000
2006	 3	24	24	0.00000	0.00000	0.00000
2006	 3	25	24	0.00006	0.00000	0.00004
2006	 3	26	24	0.00768	0.04470	0.02075
2006	 3	27	24	0.00709	0.04470	0.02037
2006	 3	28	24	0.00655	0.04470	0.02002
2006	 3	29	24	0.00315	0.02855	0.01212
2006	 3	30	24	0.00609	0.04470	0.01973
2006	 3	31	24	0.00557	0.04470	0.01939
2006	 4	 1	24	0.00531	0.04470	0.01922
2006	 4	 2	24	0.00500	0.04470	0.01902
2006	 4	 3	24	0.00237	0.02315	0.00971
2006	 4	 4	24	0.00000	0.00000	0.00000
2006	 4	 5	24	0.00000	0.00000	0.00000
2006	 4	 6	24	0.00000	0.00000	0.00000
2006	 4	 7	24	0.00000	0.00000	0.00000
2006	 4	 8	24	0.00185	0.02193	0.00894
2006	 4	 9	24	0.00019	0.00218	0.00089
2006	 4	10	24	0.00000	0.00000	0.00000
2006	 4	11	24	0.00000	0.00000	0.00000
2006	 4	12	24	0.00000	0.00000	0.00000
2006	 4	13	24	0.00000	0.00000	0.00000
2006	 4	14	24	0.00221	0.04360	0.01683
2006	 4	15	24	0.00222	0.04411	0.01701
2006	 4	16	24	0.00136	0.04379	0.01634
2006	 4	17	24	0.00052	0.04040	0.01460
2006	 4	18	24	0.00000	0.03008	0.01062
2006	 4	19	24	0.00000	0.02267	0.00800
2006	 4	20	24	0.00000	0.01776	0.00627
2006	 4	21	24	0.00000	0.01138	0.00402
2006	 4	22	24	0.00000	0.00613	0.00216
2006	 4	23	24	0.00000	0.00245	0.00086
2006	 4	24	24	0.00000	0.00072	0.00025
2006	 4	25	24	0.00000	0.00000	0.00000
2006	 4	26	24	0.00000	0.00000	0.00000
2006	 4	27	24	0.00000	0.00000	0.00000
2006	 4	28	24	0.00000	0.00000	0.00000
2006	 4	29	24	0.00000	0.00036	0.00013
