YY	MM	DD	HH	"1"	"2"	tot_average
Bodenoberflächenspeicher in mm je Zone  soil_model
--	--	--	--	0.6468891	0.3531109	1.0000
2000	 8	 1	24	0.00000	0.00000	0.00000
2000	 8	 2	24	0.00000	0.00000	0.00000
2000	 8	 3	24	0.00000	0.00000	0.00000
2000	 8	 4	24	0.00000	0.00000	0.00000
2000	 8	 5	24	0.00000	0.00000	0.00000
2000	 8	 6	24	0.00000	0.00000	0.00000
2000	 8	 7	24	0.00000	0.00000	0.00000
2000	 8	 8	24	0.00000	0.00000	0.00000
2000	 8	 9	24	0.00000	0.00000	0.00000
2000	 8	10	24	0.00000	0.00000	0.00000
2000	 8	11	24	0.00000	0.00000	0.00000
2000	 8	12	24	0.00000	0.00000	0.00000
2000	 8	13	24	0.00000	0.00000	0.00000
2000	 8	14	24	0.00000	0.00000	0.00000
2000	 8	15	24	0.00000	0.00000	0.00000
2000	 8	16	24	0.00000	0.00000	0.00000
2000	 8	17	24	0.00000	0.00000	0.00000
2000	 8	18	24	0.00000	0.00000	0.00000
2000	 8	19	24	0.00000	0.00000	0.00000
2000	 8	20	24	0.00000	0.00000	0.00000
2000	 8	21	24	0.00000	0.00000	0.00000
2000	 8	22	24	0.00000	0.00000	0.00000
2000	 8	23	24	0.00000	0.00000	0.00000
2000	 8	24	24	0.00000	0.00000	0.00000
2000	 8	25	24	0.00000	0.00000	0.00000
2000	 8	26	24	0.00000	0.00000	0.00000
2000	 8	27	24	0.00000	0.00000	0.00000
2000	 8	28	24	0.00000	0.00000	0.00000
2000	 8	29	24	0.00000	0.00000	0.00000
2000	 8	30	24	0.00000	0.00000	0.00000
2000	 8	31	24	0.00000	0.00000	0.00000
2000	 9	 1	24	0.00000	0.00000	0.00000
2000	 9	 2	24	0.00000	0.00000	0.00000
2000	 9	 3	24	0.00000	0.00000	0.00000
2000	 9	 4	24	0.00000	0.00000	0.00000
2000	 9	 5	24	0.00000	0.00000	0.00000
2000	 9	 6	24	0.00000	0.00000	0.00000
2000	 9	 7	24	0.00000	0.00000	0.00000
2000	 9	 8	24	0.00000	0.00000	0.00000
2000	 9	 9	24	0.00000	0.00000	0.00000
2000	 9	10	24	0.00000	0.00000	0.00000
2000	 9	11	24	0.00000	0.00000	0.00000
2000	 9	12	24	0.00000	0.00000	0.00000
2000	 9	13	24	0.00000	0.00000	0.00000
2000	 9	14	24	0.00000	0.00000	0.00000
2000	 9	15	24	0.00000	0.00000	0.00000
2000	 9	16	24	0.00000	0.00000	0.00000
2000	 9	17	24	0.00000	0.00000	0.00000
2000	 9	18	24	0.00000	0.00000	0.00000
2000	 9	19	24	0.00000	0.00000	0.00000
2000	 9	20	24	0.00000	0.00000	0.00000
2000	 9	21	24	0.00000	0.00000	0.00000
2000	 9	22	24	0.00000	0.00000	0.00000
2000	 9	23	24	0.00000	0.00000	0.00000
2000	 9	24	24	0.00000	0.00000	0.00000
2000	 9	25	24	0.00000	0.00000	0.00000
2000	 9	26	24	0.00000	0.00000	0.00000
2000	 9	27	24	0.00000	0.00000	0.00000
2000	 9	28	24	0.00000	0.00000	0.00000
2000	 9	29	24	0.00000	0.00000	0.00000
2000	 9	30	24	0.00000	0.00000	0.00000
2000	10	 1	24	0.00000	0.00000	0.00000
2000	10	 2	24	0.00000	0.00000	0.00000
2000	10	 3	24	0.00000	0.00000	0.00000
2000	10	 4	24	0.00000	0.00000	0.00000
2000	10	 5	24	0.00000	0.00000	0.00000
2000	10	 6	24	0.00000	0.00000	0.00000
2000	10	 7	24	0.00000	0.00000	0.00000
2000	10	 8	24	0.00000	0.00000	0.00000
2000	10	 9	24	0.00000	0.00000	0.00000
2000	10	10	24	0.00000	0.00000	0.00000
2000	10	11	24	0.00000	0.00000	0.00000
2000	10	12	24	0.00000	0.00000	0.00000
2000	10	13	24	0.00000	0.00000	0.00000
2000	10	14	24	0.00000	0.00000	0.00000
2000	10	15	24	0.00000	0.00000	0.00000
2000	10	16	24	0.00000	0.00000	0.00000
2000	10	17	24	0.00000	0.00000	0.00000
2000	10	18	24	0.00000	0.00000	0.00000
2000	10	19	24	0.00000	0.00000	0.00000
2000	10	20	24	0.00000	0.00000	0.00000
2000	10	21	24	0.00000	0.00000	0.00000
2000	10	22	24	0.00000	0.00000	0.00000
2000	10	23	24	0.00000	0.00000	0.00000
2000	10	24	24	0.00000	0.00000	0.00000
2000	10	25	24	0.00000	0.00000	0.00000
2000	10	26	24	0.00000	0.00000	0.00000
2000	10	27	24	0.00000	0.00000	0.00000
2000	10	28	24	0.00000	0.00000	0.00000
2000	10	29	24	0.00000	0.00000	0.00000
2000	10	30	24	0.00000	0.00000	0.00000
2000	10	31	24	0.00000	0.00000	0.00000
2000	11	 1	24	0.00000	0.00000	0.00000
2000	11	 2	24	0.00000	0.00000	0.00000
2000	11	 3	24	0.00000	0.00000	0.00000
2000	11	 4	24	0.00000	0.00000	0.00000
2000	11	 5	24	0.00000	0.00000	0.00000
2000	11	 6	24	0.00000	0.00000	0.00000
2000	11	 7	24	0.00000	0.00000	0.00000
2000	11	 8	24	0.00000	0.00000	0.00000
2000	11	 9	24	0.00000	0.00000	0.00000
2000	11	10	24	0.00000	0.00000	0.00000
2000	11	11	24	0.00000	0.00000	0.00000
2000	11	12	24	0.00000	0.00000	0.00000
2000	11	13	24	0.00000	0.00000	0.00000
2000	11	14	24	0.00000	0.00000	0.00000
2000	11	15	24	0.00000	0.00000	0.00000
2000	11	16	24	0.00000	0.00000	0.00000
2000	11	17	24	0.00000	0.00000	0.00000
2000	11	18	24	0.00000	0.00000	0.00000
2000	11	19	24	0.00000	0.00000	0.00000
2000	11	20	24	0.00000	0.00000	0.00000
2000	11	21	24	0.00000	0.00000	0.00000
2000	11	22	24	0.00000	0.00000	0.00000
2000	11	23	24	0.00000	0.00000	0.00000
2000	11	24	24	0.00000	0.00000	0.00000
2000	11	25	24	0.00000	0.00000	0.00000
2000	11	26	24	0.00000	0.00000	0.00000
2000	11	27	24	0.00000	0.00000	0.00000
2000	11	28	24	0.00000	0.00000	0.00000
2000	11	29	24	0.00000	0.00000	0.00000
2000	11	30	24	0.00000	0.00000	0.00000
2000	12	 1	24	0.00000	0.00000	0.00000
2000	12	 2	24	0.00000	0.00000	0.00000
2000	12	 3	24	0.00000	0.00000	0.00000
2000	12	 4	24	0.00000	0.00000	0.00000
2000	12	 5	24	0.00000	0.00000	0.00000
2000	12	 6	24	0.00000	0.00000	0.00000
2000	12	 7	24	0.00000	0.00000	0.00000
2000	12	 8	24	0.00000	0.00000	0.00000
2000	12	 9	24	0.00000	0.00000	0.00000
2000	12	10	24	0.00000	0.00000	0.00000
2000	12	11	24	0.00000	0.00000	0.00000
2000	12	12	24	0.00000	0.00000	0.00000
2000	12	13	24	0.00000	0.00000	0.00000
2000	12	14	24	0.00000	0.00000	0.00000
2000	12	15	24	0.00000	0.00000	0.00000
2000	12	16	24	0.00000	0.00000	0.00000
2000	12	17	24	0.00000	0.00000	0.00000
2000	12	18	24	0.00000	0.00000	0.00000
2000	12	19	24	0.00000	0.00000	0.00000
2000	12	20	24	0.00000	0.00000	0.00000
2000	12	21	24	0.00000	0.00000	0.00000
2000	12	22	24	0.00000	0.00000	0.00000
2000	12	23	24	0.00000	0.00000	0.00000
2000	12	24	24	0.00000	0.00000	0.00000
2000	12	25	24	0.00000	0.00000	0.00000
2000	12	26	24	0.00000	0.00000	0.00000
2000	12	27	24	0.00000	0.00000	0.00000
2000	12	28	24	0.00000	0.00000	0.00000
2000	12	29	24	0.00000	0.00000	0.00000
2000	12	30	24	0.00000	0.00000	0.00000
2000	12	31	24	0.00000	0.00000	0.00000
2001	 1	 1	24	0.00000	0.00000	0.00000
2001	 1	 2	24	0.00001	0.00000	0.00001
2001	 1	 3	24	0.00000	0.00000	0.00000
2001	 1	 4	24	0.00000	0.00000	0.00000
2001	 1	 5	24	0.02439	0.12659	0.06048
2001	 1	 6	24	0.02520	0.29581	0.12075
2001	 1	 7	24	0.00567	0.33084	0.12049
2001	 1	 8	24	0.00038	0.24572	0.08702
2001	 1	 9	24	0.00034	0.23956	0.08481
2001	 1	10	24	0.00045	0.25044	0.08872
2001	 1	11	24	0.00023	0.00656	0.00247
2001	 1	12	24	0.00009	0.00004	0.00007
2001	 1	13	24	0.00000	0.00000	0.00000
2001	 1	14	24	0.00000	0.00000	0.00000
2001	 1	15	24	0.00000	0.00000	0.00000
2001	 1	16	24	0.00000	0.00000	0.00000
2001	 1	17	24	0.00000	0.00001	0.00000
2001	 1	18	24	0.00000	0.00000	0.00000
2001	 1	19	24	0.00000	0.00000	0.00000
2001	 1	20	24	0.00000	0.00000	0.00000
2001	 1	21	24	0.00000	0.00000	0.00000
2001	 1	22	24	0.00000	0.00000	0.00000
2001	 1	23	24	0.00001	0.00000	0.00001
2001	 1	24	24	0.01385	0.00000	0.00896
2001	 1	25	24	0.04078	0.01763	0.03261
2001	 1	26	24	0.05477	0.05908	0.05629
2001	 1	27	24	0.05917	0.05799	0.05875
2001	 1	28	24	0.06575	0.10401	0.07926
2001	 1	29	24	0.06738	0.10962	0.08230
2001	 1	30	24	0.06897	0.08699	0.07533
2001	 1	31	24	0.02475	0.00000	0.01601
2001	 2	 1	24	0.03610	0.00000	0.02335
2001	 2	 2	24	0.04615	0.00000	0.02985
2001	 2	 3	24	0.00031	0.00000	0.00020
2001	 2	 4	24	0.05561	0.00000	0.03598
2001	 2	 5	24	0.25090	0.13803	0.21104
2001	 2	 6	24	0.49046	0.37123	0.44836
2001	 2	 7	24	0.53618	0.58508	0.55345
2001	 2	 8	24	0.39430	0.73451	0.51443
2001	 2	 9	24	0.40740	0.90144	0.58185
2001	 2	10	24	0.39410	0.93081	0.58361
2001	 2	11	24	0.32711	0.97626	0.55633
2001	 2	12	24	0.23891	0.97634	0.49930
2001	 2	13	24	0.17410	0.96795	0.45442
2001	 2	14	24	0.12145	0.93201	0.40767
2001	 2	15	24	0.07388	0.28839	0.14963
2001	 2	16	24	0.00349	0.12557	0.04660
2001	 2	17	24	0.00024	0.10224	0.03626
2001	 2	18	24	0.00024	0.07772	0.02760
2001	 2	19	24	0.00024	0.05377	0.01914
2001	 2	20	24	0.00024	0.05377	0.01914
2001	 2	21	24	0.00024	0.06267	0.02228
2001	 2	22	24	0.23115	0.01725	0.15562
2001	 2	23	24	0.19134	0.00043	0.12393
2001	 2	24	24	0.07327	0.00000	0.04740
2001	 2	25	24	0.05102	0.00000	0.03300
2001	 2	26	24	0.06115	0.00000	0.03956
2001	 2	27	24	0.10154	0.00000	0.06569
2001	 2	28	24	0.16159	0.00000	0.10453
2001	 3	 1	24	0.24404	0.00000	0.15786
2001	 3	 2	24	0.29666	0.00000	0.19190
2001	 3	 3	24	0.38913	0.00000	0.25173
2001	 3	 4	24	0.48891	0.00320	0.31740
2001	 3	 5	24	0.50615	0.00201	0.32813
2001	 3	 6	24	0.56223	0.01256	0.36813
2001	 3	 7	24	0.65047	0.04490	0.43664
2001	 3	 8	24	0.79941	0.24835	0.60483
2001	 3	 9	24	0.83948	0.45775	0.70469
2001	 3	10	24	0.75070	0.69038	0.72940
2001	 3	11	24	0.73977	0.95811	0.81687
2001	 3	12	24	0.71950	0.97634	0.81019
2001	 3	13	24	0.70760	0.97634	0.80249
2001	 3	14	24	0.70239	0.97634	0.79912
2001	 3	15	24	0.69824	0.97634	0.79644
2001	 3	16	24	0.64746	0.97634	0.76359
2001	 3	17	24	0.63913	0.97634	0.75820
2001	 3	18	24	0.62088	0.95471	0.73876
2001	 3	19	24	0.61329	0.93082	0.72541
2001	 3	20	24	0.56570	0.84910	0.66577
2001	 3	21	24	0.47923	0.09119	0.34221
2001	 3	22	24	0.49030	0.17534	0.37908
2001	 3	23	24	0.50448	0.31434	0.43734
2001	 3	24	24	0.51249	0.41972	0.47973
2001	 3	25	24	0.51639	0.41434	0.48036
2001	 3	26	24	0.48587	0.37172	0.44556
2001	 3	27	24	0.39135	0.03768	0.26646
2001	 3	28	24	0.37976	0.00000	0.24566
2001	 3	29	24	0.29570	0.00000	0.19129
2001	 3	30	24	0.26177	0.00000	0.16934
2001	 3	31	24	0.17808	0.00000	0.11520
2001	 4	 1	24	0.08819	0.00000	0.05705
2001	 4	 2	24	0.00012	0.00000	0.00007
2001	 4	 3	24	0.00000	0.00000	0.00000
2001	 4	 4	24	0.00000	0.00000	0.00000
2001	 4	 5	24	0.00000	0.00000	0.00000
2001	 4	 6	24	0.00000	0.00000	0.00000
2001	 4	 7	24	0.00000	0.00000	0.00000
2001	 4	 8	24	0.00000	0.00000	0.00000
2001	 4	 9	24	0.00000	0.00000	0.00000
2001	 4	10	24	0.00000	0.00000	0.00000
2001	 4	11	24	0.00000	0.00000	0.00000
2001	 4	12	24	0.00000	0.00000	0.00000
2001	 4	13	24	0.00047	0.00000	0.00030
2001	 4	14	24	0.00475	0.00000	0.00307
2001	 4	15	24	0.01602	0.00087	0.01067
2001	 4	16	24	0.03393	0.08914	0.05342
2001	 4	17	24	0.03585	0.09075	0.05524
2001	 4	18	24	0.03298	0.00008	0.02136
2001	 4	19	24	0.02746	0.00008	0.01780
2001	 4	20	24	0.02746	0.00008	0.01780
2001	 4	21	24	0.02746	0.00008	0.01780
2001	 4	22	24	0.02734	0.00008	0.01771
2001	 4	23	24	0.00089	0.00000	0.00058
2001	 4	24	24	0.00000	0.00000	0.00000
2001	 4	25	24	0.00000	0.00000	0.00000
2001	 4	26	24	0.00000	0.00000	0.00000
2001	 4	27	24	0.00000	0.00000	0.00000
2001	 4	28	24	0.00000	0.00000	0.00000
2001	 4	29	24	0.00000	0.00000	0.00000
2001	 4	30	24	0.00000	0.00000	0.00000
2001	 5	 1	24	0.00000	0.00000	0.00000
2001	 5	 2	24	0.00000	0.00000	0.00000
2001	 5	 3	24	0.00000	0.00000	0.00000
2001	 5	 4	24	0.00000	0.00000	0.00000
2001	 5	 5	24	0.00000	0.00000	0.00000
2001	 5	 6	24	0.00000	0.00000	0.00000
2001	 5	 7	24	0.00000	0.00000	0.00000
2001	 5	 8	24	0.00000	0.00000	0.00000
2001	 5	 9	24	0.00000	0.00000	0.00000
2001	 5	10	24	0.00000	0.00000	0.00000
2001	 5	11	24	0.00000	0.00000	0.00000
2001	 5	12	24	0.00000	0.00000	0.00000
2001	 5	13	24	0.00000	0.00000	0.00000
2001	 5	14	24	0.00000	0.00000	0.00000
2001	 5	15	24	0.00000	0.00000	0.00000
2001	 5	16	24	0.00000	0.00000	0.00000
2001	 5	17	24	0.00000	0.00000	0.00000
2001	 5	18	24	0.00000	0.00000	0.00000
2001	 5	19	24	0.00000	0.00000	0.00000
2001	 5	20	24	0.00000	0.00000	0.00000
2001	 5	21	24	0.00000	0.00000	0.00000
2001	 5	22	24	0.00000	0.00000	0.00000
2001	 5	23	24	0.00000	0.00000	0.00000
2001	 5	24	24	0.00000	0.00000	0.00000
2001	 5	25	24	0.00000	0.00000	0.00000
2001	 5	26	24	0.00000	0.00000	0.00000
2001	 5	27	24	0.00000	0.00000	0.00000
2001	 5	28	24	0.00000	0.00000	0.00000
2001	 5	29	24	0.00000	0.00000	0.00000
2001	 5	30	24	0.00000	0.00000	0.00000
2001	 5	31	24	0.00000	0.00000	0.00000
2001	 6	 1	24	0.00000	0.00000	0.00000
2001	 6	 2	24	0.00000	0.00000	0.00000
2001	 6	 3	24	0.00000	0.00000	0.00000
2001	 6	 4	24	0.00000	0.00000	0.00000
2001	 6	 5	24	0.00000	0.00000	0.00000
2001	 6	 6	24	0.00000	0.00000	0.00000
2001	 6	 7	24	0.00000	0.00000	0.00000
2001	 6	 8	24	0.00000	0.00000	0.00000
2001	 6	 9	24	0.00000	0.00000	0.00000
2001	 6	10	24	0.00000	0.00000	0.00000
2001	 6	11	24	0.00000	0.00000	0.00000
2001	 6	12	24	0.00000	0.00000	0.00000
2001	 6	13	24	0.00000	0.00000	0.00000
2001	 6	14	24	0.00000	0.00000	0.00000
2001	 6	15	24	0.00000	0.00000	0.00000
2001	 6	16	24	0.00000	0.00000	0.00000
2001	 6	17	24	0.00000	0.00000	0.00000
2001	 6	18	24	0.00000	0.00000	0.00000
2001	 6	19	24	0.00000	0.00000	0.00000
2001	 6	20	24	0.00000	0.00000	0.00000
2001	 6	21	24	0.00000	0.00000	0.00000
2001	 6	22	24	0.00000	0.00000	0.00000
2001	 6	23	24	0.00000	0.00000	0.00000
2001	 6	24	24	0.00000	0.00000	0.00000
2001	 6	25	24	0.00000	0.00000	0.00000
2001	 6	26	24	0.00000	0.00000	0.00000
2001	 6	27	24	0.00000	0.00000	0.00000
2001	 6	28	24	0.00000	0.00000	0.00000
2001	 6	29	24	0.00000	0.00000	0.00000
2001	 6	30	24	0.00000	0.00000	0.00000
2001	 7	 1	24	0.00000	0.00000	0.00000
2001	 7	 2	24	0.00000	0.00000	0.00000
2001	 7	 3	24	0.00000	0.00000	0.00000
2001	 7	 4	24	0.00000	0.00000	0.00000
2001	 7	 5	24	0.00000	0.00000	0.00000
2001	 7	 6	24	0.00000	0.00000	0.00000
2001	 7	 7	24	0.00000	0.00000	0.00000
2001	 7	 8	24	0.00000	0.00000	0.00000
2001	 7	 9	24	0.00000	0.00000	0.00000
2001	 7	10	24	0.00000	0.00000	0.00000
2001	 7	11	24	0.00000	0.00000	0.00000
2001	 7	12	24	0.00000	0.00000	0.00000
2001	 7	13	24	0.00000	0.00000	0.00000
2001	 7	14	24	0.00000	0.00000	0.00000
2001	 7	15	24	0.00000	0.00000	0.00000
2001	 7	16	24	0.00000	0.00000	0.00000
2001	 7	17	24	0.00000	0.00000	0.00000
2001	 7	18	24	0.00000	0.00000	0.00000
2001	 7	19	24	0.00000	0.00000	0.00000
2001	 7	20	24	0.00000	0.00000	0.00000
2001	 7	21	24	0.00000	0.00000	0.00000
2001	 7	22	24	0.00000	0.00000	0.00000
2001	 7	23	24	0.00000	0.00000	0.00000
2001	 7	24	24	0.00000	0.00000	0.00000
2001	 7	25	24	0.00000	0.00000	0.00000
2001	 7	26	24	0.00000	0.00000	0.00000
2001	 7	27	24	0.00000	0.00000	0.00000
2001	 7	28	24	0.00000	0.00000	0.00000
2001	 7	29	24	0.00000	0.00000	0.00000
2001	 7	30	24	0.00000	0.00000	0.00000
2001	 7	31	24	0.00000	0.00000	0.00000
2001	 8	 1	24	0.00000	0.00000	0.00000
2001	 8	 2	24	0.00000	0.00000	0.00000
2001	 8	 3	24	0.00000	0.00000	0.00000
2001	 8	 4	24	0.00000	0.00000	0.00000
2001	 8	 5	24	0.00000	0.00000	0.00000
2001	 8	 6	24	0.00000	0.00000	0.00000
2001	 8	 7	24	0.00000	0.00000	0.00000
2001	 8	 8	24	0.00000	0.00000	0.00000
2001	 8	 9	24	0.00000	0.00000	0.00000
2001	 8	10	24	0.00000	0.00000	0.00000
2001	 8	11	24	0.00000	0.00000	0.00000
2001	 8	12	24	0.00000	0.00000	0.00000
2001	 8	13	24	0.00000	0.00000	0.00000
2001	 8	14	24	0.00000	0.00000	0.00000
2001	 8	15	24	0.00000	0.00000	0.00000
2001	 8	16	24	0.00000	0.00000	0.00000
2001	 8	17	24	0.00000	0.00000	0.00000
2001	 8	18	24	0.00000	0.00000	0.00000
2001	 8	19	24	0.00000	0.00000	0.00000
2001	 8	20	24	0.00000	0.00000	0.00000
2001	 8	21	24	0.00000	0.00000	0.00000
2001	 8	22	24	0.00000	0.00000	0.00000
2001	 8	23	24	0.00000	0.00000	0.00000
2001	 8	24	24	0.00000	0.00000	0.00000
2001	 8	25	24	0.00000	0.00000	0.00000
2001	 8	26	24	0.00000	0.00000	0.00000
2001	 8	27	24	0.00000	0.00000	0.00000
2001	 8	28	24	0.00000	0.00000	0.00000
2001	 8	29	24	0.00000	0.00000	0.00000
2001	 8	30	24	0.00000	0.00000	0.00000
2001	 8	31	24	0.00000	0.00000	0.00000
2001	 9	 1	24	0.00000	0.00000	0.00000
2001	 9	 2	24	0.00000	0.00000	0.00000
2001	 9	 3	24	0.00000	0.00000	0.00000
2001	 9	 4	24	0.00000	0.00000	0.00000
2001	 9	 5	24	0.00000	0.00000	0.00000
2001	 9	 6	24	0.00000	0.00000	0.00000
2001	 9	 7	24	0.00000	0.00000	0.00000
2001	 9	 8	24	0.00000	0.00000	0.00000
2001	 9	 9	24	0.00000	0.00000	0.00000
2001	 9	10	24	0.00000	0.02373	0.00838
2001	 9	11	24	0.00000	0.00059	0.00021
2001	 9	12	24	0.00000	0.00000	0.00000
2001	 9	13	24	0.00000	0.00000	0.00000
2001	 9	14	24	0.00000	0.00000	0.00000
2001	 9	15	24	0.00000	0.00000	0.00000
2001	 9	16	24	0.00000	0.00000	0.00000
2001	 9	17	24	0.00000	0.00000	0.00000
2001	 9	18	24	0.00000	0.00000	0.00000
2001	 9	19	24	0.00000	0.00000	0.00000
2001	 9	20	24	0.00000	0.00000	0.00000
2001	 9	21	24	0.00000	0.00000	0.00000
2001	 9	22	24	0.00000	0.00000	0.00000
2001	 9	23	24	0.00000	0.00000	0.00000
2001	 9	24	24	0.00000	0.00000	0.00000
2001	 9	25	24	0.00000	0.00000	0.00000
2001	 9	26	24	0.00000	0.00000	0.00000
2001	 9	27	24	0.00000	0.00000	0.00000
2001	 9	28	24	0.00000	0.00000	0.00000
2001	 9	29	24	0.00000	0.00000	0.00000
2001	 9	30	24	0.00000	0.00000	0.00000
2001	10	 1	24	0.00000	0.00000	0.00000
2001	10	 2	24	0.00000	0.00000	0.00000
2001	10	 3	24	0.00000	0.00000	0.00000
2001	10	 4	24	0.00000	0.00000	0.00000
2001	10	 5	24	0.00000	0.00000	0.00000
2001	10	 6	24	0.00000	0.00000	0.00000
2001	10	 7	24	0.00000	0.00000	0.00000
2001	10	 8	24	0.00000	0.00000	0.00000
2001	10	 9	24	0.00000	0.00000	0.00000
2001	10	10	24	0.00000	0.00000	0.00000
2001	10	11	24	0.00000	0.00000	0.00000
2001	10	12	24	0.00000	0.00000	0.00000
2001	10	13	24	0.00000	0.00000	0.00000
2001	10	14	24	0.00000	0.00000	0.00000
2001	10	15	24	0.00000	0.00000	0.00000
2001	10	16	24	0.00000	0.00000	0.00000
2001	10	17	24	0.00000	0.00000	0.00000
2001	10	18	24	0.00000	0.00000	0.00000
2001	10	19	24	0.00000	0.00000	0.00000
2001	10	20	24	0.00000	0.00000	0.00000
2001	10	21	24	0.00000	0.00000	0.00000
2001	10	22	24	0.00000	0.00000	0.00000
2001	10	23	24	0.00000	0.00000	0.00000
2001	10	24	24	0.00000	0.00000	0.00000
2001	10	25	24	0.00000	0.00000	0.00000
2001	10	26	24	0.00000	0.00000	0.00000
2001	10	27	24	0.00000	0.00000	0.00000
2001	10	28	24	0.00000	0.00000	0.00000
2001	10	29	24	0.00000	0.00000	0.00000
2001	10	30	24	0.00000	0.00000	0.00000
2001	10	31	24	0.00000	0.00000	0.00000
2001	11	 1	24	0.00000	0.00000	0.00000
2001	11	 2	24	0.00000	0.00000	0.00000
2001	11	 3	24	0.00000	0.00000	0.00000
2001	11	 4	24	0.00000	0.00000	0.00000
2001	11	 5	24	0.00000	0.00000	0.00000
2001	11	 6	24	0.00000	0.00000	0.00000
2001	11	 7	24	0.00000	0.00000	0.00000
2001	11	 8	24	0.00078	0.00000	0.00050
2001	11	 9	24	0.00077	0.00000	0.00050
2001	11	10	24	0.00077	0.00000	0.00050
2001	11	11	24	0.00070	0.00000	0.00045
2001	11	12	24	0.00070	0.00000	0.00045
2001	11	13	24	0.00070	0.00000	0.00045
2001	11	14	24	0.00056	0.00000	0.00036
2001	11	15	24	0.00056	0.00000	0.00036
2001	11	16	24	0.00035	0.00000	0.00022
2001	11	17	24	0.00019	0.00000	0.00012
2001	11	18	24	0.00019	0.00000	0.00012
2001	11	19	24	0.00019	0.00000	0.00012
2001	11	20	24	0.00019	0.00000	0.00012
2001	11	21	24	0.00019	0.00000	0.00012
2001	11	22	24	0.01156	0.26051	0.09947
2001	11	23	24	0.00104	0.02962	0.01113
2001	11	24	24	0.00095	0.01693	0.00659
2001	11	25	24	0.00109	0.01023	0.00432
2001	11	26	24	0.00725	0.18560	0.07023
2001	11	27	24	0.00911	0.23324	0.08826
2001	11	28	24	0.01296	0.27585	0.10579
2001	11	29	24	0.02435	0.36917	0.14611
2001	11	30	24	0.02594	0.39097	0.15484
2001	12	 1	24	0.00137	0.00020	0.00096
2001	12	 2	24	0.00440	0.03144	0.01395
2001	12	 3	24	0.00658	0.06317	0.02656
2001	12	 4	24	0.00031	0.00000	0.00020
2001	12	 5	24	0.06132	0.44511	0.19684
2001	12	 6	24	0.39838	0.82068	0.54749
2001	12	 7	24	0.39687	0.84403	0.55477
2001	12	 8	24	0.33301	0.65957	0.44832
2001	12	 9	24	0.29114	0.60146	0.40072
2001	12	10	24	0.29259	0.60678	0.40353
2001	12	11	24	0.29295	0.58931	0.39759
2001	12	12	24	0.30278	0.00967	0.19928
2001	12	13	24	0.25678	0.00000	0.16611
2001	12	14	24	0.18151	0.00000	0.11742
2001	12	15	24	0.10243	0.00000	0.06626
2001	12	16	24	0.04617	0.00000	0.02987
2001	12	17	24	0.02130	0.00000	0.01378
2001	12	18	24	0.00177	0.00000	0.00114
2001	12	19	24	0.11285	0.00000	0.07300
2001	12	20	24	0.04847	0.00000	0.03135
2001	12	21	24	0.02836	0.00000	0.01834
2001	12	22	24	0.05890	0.00000	0.03810
2001	12	23	24	0.01171	0.00000	0.00757
2001	12	24	24	0.02060	0.00000	0.01333
2001	12	25	24	0.14740	0.00000	0.09535
2001	12	26	24	0.19533	0.00000	0.12636
2001	12	27	24	0.27106	0.00000	0.17535
2001	12	28	24	0.46181	0.00000	0.29874
2001	12	29	24	0.53548	0.00000	0.34640
2001	12	30	24	0.52509	0.00000	0.33968
2001	12	31	24	0.20600	0.00000	0.13326
2002	 1	 1	24	0.09630	0.00000	0.06230
2002	 1	 2	24	0.09970	0.00000	0.06450
2002	 1	 3	24	0.10468	0.00000	0.06772
2002	 1	 4	24	0.12786	0.00000	0.08271
2002	 1	 5	24	0.17562	0.00000	0.11361
2002	 1	 6	24	0.25318	0.00000	0.16378
2002	 1	 7	24	0.28935	0.00000	0.18718
2002	 1	 8	24	0.31536	0.00000	0.20401
2002	 1	 9	24	0.39123	0.03264	0.26461
2002	 1	10	24	0.46073	0.11046	0.33704
2002	 1	11	24	0.52327	0.15712	0.39398
2002	 1	12	24	0.58940	0.03723	0.39442
2002	 1	13	24	0.62268	0.03804	0.41624
2002	 1	14	24	0.67671	0.04751	0.45453
2002	 1	15	24	0.59067	0.00000	0.38210
2002	 1	16	24	0.55743	0.00000	0.36060
2002	 1	17	24	0.57292	0.00000	0.37062
2002	 1	18	24	0.58982	0.00000	0.38155
2002	 1	19	24	0.64728	0.00131	0.41918
2002	 1	20	24	0.73234	0.12488	0.51784
2002	 1	21	24	0.80550	0.33144	0.63810
2002	 1	22	24	0.85729	0.47690	0.72297
2002	 1	23	24	0.89562	0.58637	0.78642
2002	 1	24	24	0.94072	0.79245	0.88836
2002	 1	25	24	0.95403	0.86166	0.92141
2002	 1	26	24	0.96597	0.97575	0.96942
2002	 1	27	24	0.95941	0.97634	0.96539
2002	 1	28	24	0.94480	0.97634	0.95593
2002	 1	29	24	0.91246	0.97634	0.93501
2002	 1	30	24	0.82655	0.97634	0.87944
2002	 1	31	24	0.70352	0.97634	0.79985
2002	 2	 1	24	0.51033	0.97634	0.67488
2002	 2	 2	24	0.38533	0.97634	0.59402
2002	 2	 3	24	0.31400	0.97634	0.54788
2002	 2	 4	24	0.26738	0.97634	0.51772
2002	 2	 5	24	0.24068	0.97634	0.50045
2002	 2	 6	24	0.21811	0.97634	0.48585
2002	 2	 7	24	0.21196	0.97634	0.48187
2002	 2	 8	24	0.19602	0.97192	0.47000
2002	 2	 9	24	0.18631	0.91662	0.44419
2002	 2	10	24	0.18037	0.86999	0.42388
2002	 2	11	24	0.17727	0.63526	0.33899
2002	 2	12	24	0.17702	0.44561	0.27187
2002	 2	13	24	0.17612	0.43089	0.26608
2002	 2	14	24	0.10890	0.04951	0.08793
2002	 2	15	24	0.03535	0.00000	0.02287
2002	 2	16	24	0.00907	0.00000	0.00587
2002	 2	17	24	0.00000	0.00000	0.00000
2002	 2	18	24	0.00000	0.00000	0.00000
2002	 2	19	24	0.00000	0.00000	0.00000
2002	 2	20	24	0.01087	0.17139	0.06755
2002	 2	21	24	0.00409	0.00000	0.00265
2002	 2	22	24	0.11086	0.00000	0.07171
2002	 2	23	24	0.29213	0.08285	0.21823
2002	 2	24	24	0.36134	0.00263	0.23467
2002	 2	25	24	0.51136	0.02110	0.33825
2002	 2	26	24	0.74431	0.23413	0.56416
2002	 2	27	24	0.83830	0.42356	0.69185
2002	 2	28	24	0.83080	0.52262	0.72198
2002	 3	 1	24	0.80830	0.61404	0.73971
2002	 3	 2	24	0.59846	0.61460	0.60416
2002	 3	 3	24	0.41677	0.03877	0.28329
2002	 3	 4	24	0.28591	0.08930	0.21648
2002	 3	 5	24	0.24342	0.22196	0.23584
2002	 3	 6	24	0.19444	0.42581	0.27614
2002	 3	 7	24	0.18860	0.57957	0.32666
2002	 3	 8	24	0.09006	0.48399	0.22916
2002	 3	 9	24	0.01999	0.25571	0.10322
2002	 3	10	24	0.00006	0.17623	0.06227
2002	 3	11	24	0.00000	0.00044	0.00016
2002	 3	12	24	0.00000	0.00000	0.00000
2002	 3	13	24	0.00000	0.00000	0.00000
2002	 3	14	24	0.00000	0.00000	0.00000
2002	 3	15	24	0.00000	0.00000	0.00000
2002	 3	16	24	0.00000	0.00000	0.00000
2002	 3	17	24	0.00000	0.00000	0.00000
2002	 3	18	24	0.00000	0.00000	0.00000
2002	 3	19	24	0.00000	0.00000	0.00000
2002	 3	20	24	0.00000	0.00000	0.00000
2002	 3	21	24	0.00000	0.00000	0.00000
2002	 3	22	24	0.00000	0.00000	0.00000
2002	 3	23	24	0.01084	0.00000	0.00701
2002	 3	24	24	0.03255	0.00000	0.02105
2002	 3	25	24	0.02993	0.00000	0.01936
2002	 3	26	24	0.03038	0.00000	0.01965
2002	 3	27	24	0.03164	0.00000	0.02047
2002	 3	28	24	0.05628	0.05989	0.05756
2002	 3	29	24	0.04616	0.26522	0.12351
2002	 3	30	24	0.02525	0.10809	0.05451
2002	 3	31	24	0.00000	0.02939	0.01038
2002	 4	 1	24	0.00000	0.00000	0.00000
2002	 4	 2	24	0.00000	0.00000	0.00000
2002	 4	 3	24	0.00000	0.00000	0.00000
2002	 4	 4	24	0.00000	0.00000	0.00000
2002	 4	 5	24	0.00000	0.00000	0.00000
2002	 4	 6	24	0.00000	0.00000	0.00000
2002	 4	 7	24	0.00000	0.00000	0.00000
2002	 4	 8	24	0.00000	0.00000	0.00000
2002	 4	 9	24	0.00000	0.00000	0.00000
2002	 4	10	24	0.00000	0.00000	0.00000
2002	 4	11	24	0.00000	0.00000	0.00000
2002	 4	12	24	0.00000	0.00000	0.00000
2002	 4	13	24	0.00000	0.00000	0.00000
2002	 4	14	24	0.00000	0.00000	0.00000
2002	 4	15	24	0.00000	0.00000	0.00000
2002	 4	16	24	0.00000	0.00000	0.00000
2002	 4	17	24	0.00000	0.00000	0.00000
2002	 4	18	24	0.00000	0.00000	0.00000
2002	 4	19	24	0.00000	0.00000	0.00000
2002	 4	20	24	0.00000	0.00000	0.00000
2002	 4	21	24	0.00000	0.00000	0.00000
2002	 4	22	24	0.00000	0.00000	0.00000
2002	 4	23	24	0.00000	0.00000	0.00000
2002	 4	24	24	0.00000	0.00000	0.00000
2002	 4	25	24	0.00000	0.00000	0.00000
2002	 4	26	24	0.00000	0.00000	0.00000
2002	 4	27	24	0.00000	0.00000	0.00000
2002	 4	28	24	0.00000	0.00000	0.00000
2002	 4	29	24	0.00000	0.00000	0.00000
2002	 4	30	24	0.00000	0.00000	0.00000
2002	 5	 1	24	0.00000	0.00000	0.00000
2002	 5	 2	24	0.00000	0.00000	0.00000
2002	 5	 3	24	0.00000	0.00000	0.00000
2002	 5	 4	24	0.00000	0.00000	0.00000
2002	 5	 5	24	0.00000	0.00000	0.00000
2002	 5	 6	24	0.00000	0.00000	0.00000
2002	 5	 7	24	0.00000	0.00000	0.00000
2002	 5	 8	24	0.00000	0.00000	0.00000
2002	 5	 9	24	0.00000	0.00000	0.00000
2002	 5	10	24	0.00000	0.00000	0.00000
2002	 5	11	24	0.00000	0.00000	0.00000
2002	 5	12	24	0.00000	0.00000	0.00000
2002	 5	13	24	0.00000	0.00000	0.00000
2002	 5	14	24	0.00000	0.00000	0.00000
2002	 5	15	24	0.00000	0.00000	0.00000
2002	 5	16	24	0.00000	0.00000	0.00000
2002	 5	17	24	0.00000	0.00000	0.00000
2002	 5	18	24	0.00000	0.00000	0.00000
2002	 5	19	24	0.00000	0.00000	0.00000
2002	 5	20	24	0.00000	0.00000	0.00000
2002	 5	21	24	0.00000	0.00000	0.00000
2002	 5	22	24	0.00000	0.00000	0.00000
2002	 5	23	24	0.00000	0.00000	0.00000
2002	 5	24	24	0.00000	0.00000	0.00000
2002	 5	25	24	0.00000	0.00000	0.00000
2002	 5	26	24	0.00000	0.00000	0.00000
2002	 5	27	24	0.00000	0.00000	0.00000
2002	 5	28	24	0.00000	0.00000	0.00000
2002	 5	29	24	0.00000	0.00000	0.00000
2002	 5	30	24	0.00000	0.00000	0.00000
2002	 5	31	24	0.00000	0.00000	0.00000
2002	 6	 1	24	0.00000	0.00000	0.00000
2002	 6	 2	24	0.00000	0.00000	0.00000
2002	 6	 3	24	0.00000	0.00000	0.00000
2002	 6	 4	24	0.00000	0.00000	0.00000
2002	 6	 5	24	0.00000	0.00000	0.00000
2002	 6	 6	24	0.00000	0.00000	0.00000
2002	 6	 7	24	0.00000	0.00000	0.00000
2002	 6	 8	24	0.00000	0.00000	0.00000
2002	 6	 9	24	0.00000	0.00000	0.00000
2002	 6	10	24	0.00000	0.00000	0.00000
2002	 6	11	24	0.00000	0.00000	0.00000
2002	 6	12	24	0.00000	0.00000	0.00000
2002	 6	13	24	0.00000	0.00000	0.00000
2002	 6	14	24	0.00000	0.00000	0.00000
2002	 6	15	24	0.00000	0.00000	0.00000
2002	 6	16	24	0.00000	0.00000	0.00000
2002	 6	17	24	0.00000	0.00000	0.00000
2002	 6	18	24	0.00000	0.00000	0.00000
2002	 6	19	24	0.00000	0.00000	0.00000
2002	 6	20	24	0.00000	0.00000	0.00000
2002	 6	21	24	0.00000	0.00000	0.00000
2002	 6	22	24	0.00000	0.00000	0.00000
2002	 6	23	24	0.00000	0.00000	0.00000
2002	 6	24	24	0.00000	0.00000	0.00000
2002	 6	25	24	0.00000	0.00000	0.00000
2002	 6	26	24	0.00000	0.00000	0.00000
2002	 6	27	24	0.00000	0.00000	0.00000
2002	 6	28	24	0.00000	0.00000	0.00000
2002	 6	29	24	0.00000	0.00000	0.00000
2002	 6	30	24	0.00000	0.00000	0.00000
2002	 7	 1	24	0.00000	0.00000	0.00000
2002	 7	 2	24	0.00000	0.00000	0.00000
2002	 7	 3	24	0.00000	0.00000	0.00000
2002	 7	 4	24	0.00000	0.00000	0.00000
2002	 7	 5	24	0.00000	0.00000	0.00000
2002	 7	 6	24	0.00000	0.00000	0.00000
2002	 7	 7	24	0.00000	0.00000	0.00000
2002	 7	 8	24	0.00000	0.00000	0.00000
2002	 7	 9	24	0.00000	0.00000	0.00000
2002	 7	10	24	0.00000	0.00000	0.00000
2002	 7	11	24	0.00000	0.00000	0.00000
2002	 7	12	24	0.00000	0.00000	0.00000
2002	 7	13	24	0.00000	0.00000	0.00000
2002	 7	14	24	0.00000	0.00000	0.00000
2002	 7	15	24	0.00000	0.00000	0.00000
2002	 7	16	24	0.00000	0.00000	0.00000
2002	 7	17	24	0.00000	0.00000	0.00000
2002	 7	18	24	0.00000	0.00000	0.00000
2002	 7	19	24	0.00000	0.00000	0.00000
2002	 7	20	24	0.00000	0.00000	0.00000
2002	 7	21	24	0.00000	0.00000	0.00000
2002	 7	22	24	0.00000	0.00000	0.00000
2002	 7	23	24	0.00000	0.00000	0.00000
2002	 7	24	24	0.00000	0.00000	0.00000
2002	 7	25	24	0.00000	0.00000	0.00000
2002	 7	26	24	0.00000	0.00000	0.00000
2002	 7	27	24	0.00000	0.00000	0.00000
2002	 7	28	24	0.00000	0.00000	0.00000
2002	 7	29	24	0.00000	0.00000	0.00000
2002	 7	30	24	0.00000	0.00000	0.00000
2002	 7	31	24	0.00000	0.00000	0.00000
2002	 8	 1	24	0.00000	0.00000	0.00000
2002	 8	 2	24	0.00000	0.00000	0.00000
2002	 8	 3	24	0.00000	0.00000	0.00000
2002	 8	 4	24	0.00000	0.00000	0.00000
2002	 8	 5	24	0.00000	0.00000	0.00000
2002	 8	 6	24	0.00000	0.00000	0.00000
2002	 8	 7	24	0.00000	0.00000	0.00000
2002	 8	 8	24	0.00000	0.00000	0.00000
2002	 8	 9	24	0.00000	0.00000	0.00000
2002	 8	10	24	0.00000	0.00000	0.00000
2002	 8	11	24	0.00408	0.36068	0.13000
2002	 8	12	24	0.96478	0.96904	0.96629
2002	 8	13	24	0.13122	0.72590	0.34121
2002	 8	14	24	0.00178	0.08046	0.02956
2002	 8	15	24	0.00000	0.00000	0.00000
2002	 8	16	24	0.00000	0.00000	0.00000
2002	 8	17	24	0.00000	0.00000	0.00000
2002	 8	18	24	0.00000	0.00000	0.00000
2002	 8	19	24	0.00000	0.00000	0.00000
2002	 8	20	24	0.00000	0.00000	0.00000
2002	 8	21	24	0.00000	0.00000	0.00000
2002	 8	22	24	0.00000	0.00000	0.00000
2002	 8	23	24	0.00000	0.00000	0.00000
2002	 8	24	24	0.00000	0.00000	0.00000
2002	 8	25	24	0.00000	0.00000	0.00000
2002	 8	26	24	0.00000	0.00000	0.00000
2002	 8	27	24	0.00000	0.00000	0.00000
2002	 8	28	24	0.00000	0.00000	0.00000
2002	 8	29	24	0.00000	0.00000	0.00000
2002	 8	30	24	0.00000	0.00000	0.00000
2002	 8	31	24	0.00000	0.00000	0.00000
2002	 9	 1	24	0.00000	0.00000	0.00000
2002	 9	 2	24	0.00000	0.00000	0.00000
2002	 9	 3	24	0.00000	0.00000	0.00000
2002	 9	 4	24	0.00000	0.00000	0.00000
2002	 9	 5	24	0.00000	0.00000	0.00000
2002	 9	 6	24	0.00000	0.00000	0.00000
2002	 9	 7	24	0.00000	0.00000	0.00000
2002	 9	 8	24	0.00000	0.00000	0.00000
2002	 9	 9	24	0.00000	0.00000	0.00000
2002	 9	10	24	0.00000	0.00000	0.00000
2002	 9	11	24	0.00000	0.00000	0.00000
2002	 9	12	24	0.00000	0.00000	0.00000
2002	 9	13	24	0.00000	0.00000	0.00000
2002	 9	14	24	0.00000	0.00000	0.00000
2002	 9	15	24	0.00000	0.00000	0.00000
2002	 9	16	24	0.00000	0.00000	0.00000
2002	 9	17	24	0.00000	0.00000	0.00000
2002	 9	18	24	0.00000	0.00000	0.00000
2002	 9	19	24	0.00000	0.00000	0.00000
2002	 9	20	24	0.00000	0.00000	0.00000
2002	 9	21	24	0.00000	0.00000	0.00000
2002	 9	22	24	0.00000	0.00000	0.00000
2002	 9	23	24	0.00000	0.00000	0.00000
2002	 9	24	24	0.00000	0.00000	0.00000
2002	 9	25	24	0.00000	0.00000	0.00000
2002	 9	26	24	0.00000	0.00000	0.00000
2002	 9	27	24	0.00000	0.00000	0.00000
2002	 9	28	24	0.00000	0.00000	0.00000
2002	 9	29	24	0.00000	0.00000	0.00000
2002	 9	30	24	0.00000	0.00000	0.00000
2002	10	 1	24	0.00000	0.00000	0.00000
2002	10	 2	24	0.00000	0.00000	0.00000
2002	10	 3	24	0.00000	0.00000	0.00000
2002	10	 4	24	0.00000	0.00000	0.00000
2002	10	 5	24	0.00000	0.00000	0.00000
2002	10	 6	24	0.00000	0.00000	0.00000
2002	10	 7	24	0.00000	0.00000	0.00000
2002	10	 8	24	0.00000	0.00000	0.00000
2002	10	 9	24	0.00000	0.00000	0.00000
2002	10	10	24	0.00000	0.00000	0.00000
2002	10	11	24	0.00000	0.00000	0.00000
2002	10	12	24	0.00000	0.00000	0.00000
2002	10	13	24	0.00000	0.00000	0.00000
2002	10	14	24	0.00000	0.00000	0.00000
2002	10	15	24	0.00000	0.00000	0.00000
2002	10	16	24	0.00000	0.00000	0.00000
2002	10	17	24	0.00000	0.00000	0.00000
2002	10	18	24	0.00000	0.00000	0.00000
2002	10	19	24	0.00000	0.00000	0.00000
2002	10	20	24	0.00000	0.00000	0.00000
2002	10	21	24	0.00000	0.00000	0.00000
2002	10	22	24	0.00000	0.00000	0.00000
2002	10	23	24	0.00000	0.00000	0.00000
2002	10	24	24	0.00000	0.00000	0.00000
2002	10	25	24	0.00000	0.00000	0.00000
2002	10	26	24	0.00000	0.00000	0.00000
2002	10	27	24	0.00000	0.00000	0.00000
2002	10	28	24	0.00000	0.00000	0.00000
2002	10	29	24	0.00000	0.00000	0.00000
2002	10	30	24	0.00000	0.00000	0.00000
2002	10	31	24	0.00000	0.00000	0.00000
2002	11	 1	24	0.00000	0.00000	0.00000
2002	11	 2	24	0.00000	0.00000	0.00000
2002	11	 3	24	0.00412	0.01623	0.00840
2002	11	 4	24	0.00709	0.02937	0.01496
2002	11	 5	24	0.00415	0.01467	0.00787
2002	11	 6	24	0.00073	0.00000	0.00047
2002	11	 7	24	0.00008	0.00000	0.00005
2002	11	 8	24	0.06154	0.03179	0.05104
2002	11	 9	24	0.11055	0.15586	0.12655
2002	11	10	24	0.13059	0.21040	0.15877
2002	11	11	24	0.17267	0.37941	0.24567
2002	11	12	24	0.18322	0.55729	0.31531
2002	11	13	24	0.17671	0.69939	0.36128
2002	11	14	24	0.16352	0.82858	0.39836
2002	11	15	24	0.11617	0.97260	0.41859
2002	11	16	24	0.03641	0.93981	0.35541
2002	11	17	24	0.00981	0.65989	0.23936
2002	11	18	24	0.00787	0.34457	0.12676
2002	11	19	24	0.00865	0.32749	0.12123
2002	11	20	24	0.00849	0.16907	0.06519
2002	11	21	24	0.00738	0.01458	0.00992
2002	11	22	24	0.00738	0.01420	0.00979
2002	11	23	24	0.00738	0.01455	0.00991
2002	11	24	24	0.00643	0.00000	0.00416
2002	11	25	24	0.00398	0.00000	0.00258
2002	11	26	24	0.00194	0.00000	0.00126
2002	11	27	24	0.00194	0.00000	0.00126
2002	11	28	24	0.00194	0.00000	0.00126
2002	11	29	24	0.00194	0.00000	0.00126
2002	11	30	24	0.00194	0.00000	0.00126
2002	12	 1	24	0.00194	0.00000	0.00126
2002	12	 2	24	0.00194	0.00000	0.00126
2002	12	 3	24	0.00194	0.00000	0.00126
2002	12	 4	24	0.00172	0.00000	0.00111
2002	12	 5	24	0.00171	0.00000	0.00111
2002	12	 6	24	0.00013	0.00000	0.00008
2002	12	 7	24	0.00000	0.00000	0.00000
2002	12	 8	24	0.00000	0.00000	0.00000
2002	12	 9	24	0.00000	0.00000	0.00000
2002	12	10	24	0.00000	0.00000	0.00000
2002	12	11	24	0.00000	0.00000	0.00000
2002	12	12	24	0.00000	0.00000	0.00000
2002	12	13	24	0.00000	0.00000	0.00000
2002	12	14	24	0.00000	0.00000	0.00000
2002	12	15	24	0.00000	0.00000	0.00000
2002	12	16	24	0.00000	0.00000	0.00000
2002	12	17	24	0.00168	0.00000	0.00109
2002	12	18	24	0.00000	0.00000	0.00000
2002	12	19	24	0.00162	0.00000	0.00105
2002	12	20	24	0.00347	0.00000	0.00224
2002	12	21	24	0.00375	0.00000	0.00243
2002	12	22	24	0.06346	0.00000	0.04105
2002	12	23	24	0.07221	0.00000	0.04671
2002	12	24	24	0.01540	0.00000	0.00996
2002	12	25	24	0.04125	0.00000	0.02668
2002	12	26	24	0.07781	0.00000	0.05034
2002	12	27	24	0.13784	0.00000	0.08917
2002	12	28	24	0.19829	0.00000	0.12827
2002	12	29	24	0.33451	0.16379	0.27422
2002	12	30	24	0.77477	0.68866	0.74436
2002	12	31	24	0.57877	0.09372	0.40749
2003	 1	 1	24	0.54028	0.09372	0.38259
2003	 1	 2	24	0.74121	0.66508	0.71433
2003	 1	 3	24	0.80185	0.94475	0.85231
2003	 1	 4	24	0.63984	0.40940	0.55847
2003	 1	 5	24	0.50678	0.36630	0.45717
2003	 1	 6	24	0.40402	0.19653	0.33075
2003	 1	 7	24	0.31668	0.12209	0.24797
2003	 1	 8	24	0.22198	0.02926	0.15392
2003	 1	 9	24	0.18714	0.00000	0.12106
2003	 1	10	24	0.13826	0.00000	0.08944
2003	 1	11	24	0.08369	0.00000	0.05414
2003	 1	12	24	0.02220	0.00000	0.01436
2003	 1	13	24	0.07162	0.00000	0.04633
2003	 1	14	24	0.19482	0.06379	0.14855
2003	 1	15	24	0.25756	0.10099	0.20228
2003	 1	16	24	0.27618	0.12566	0.22303
2003	 1	17	24	0.29498	0.17320	0.25198
2003	 1	18	24	0.29479	0.20399	0.26273
2003	 1	19	24	0.25583	0.21274	0.24062
2003	 1	20	24	0.24057	0.25209	0.24464
2003	 1	21	24	0.17889	0.00000	0.11572
2003	 1	22	24	0.17154	0.00000	0.11097
2003	 1	23	24	0.22988	0.11317	0.18867
2003	 1	24	24	0.24135	0.13018	0.20210
2003	 1	25	24	0.23096	0.00000	0.14940
2003	 1	26	24	0.22864	0.00000	0.14790
2003	 1	27	24	0.29108	0.34865	0.31141
2003	 1	28	24	0.32610	0.60080	0.42310
2003	 1	29	24	0.29226	0.23770	0.27300
2003	 1	30	24	0.22338	0.12732	0.18946
2003	 1	31	24	0.07766	0.00255	0.05114
2003	 2	 1	24	0.01915	0.00000	0.01239
2003	 2	 2	24	0.00804	0.00000	0.00520
2003	 2	 3	24	0.05915	0.00000	0.03826
2003	 2	 4	24	0.06291	0.00000	0.04070
2003	 2	 5	24	0.07045	0.00000	0.04557
2003	 2	 6	24	0.00138	0.00000	0.00090
2003	 2	 7	24	0.01126	0.00000	0.00728
2003	 2	 8	24	0.00973	0.00000	0.00629
2003	 2	 9	24	0.01004	0.00000	0.00649
2003	 2	10	24	0.01879	0.00000	0.01216
2003	 2	11	24	0.02993	0.00000	0.01936
2003	 2	12	24	0.03767	0.00000	0.02437
2003	 2	13	24	0.04173	0.00000	0.02700
2003	 2	14	24	0.04800	0.00000	0.03105
2003	 2	15	24	0.00005	0.00000	0.00003
2003	 2	16	24	0.00000	0.00000	0.00000
2003	 2	17	24	0.00007	0.00000	0.00004
2003	 2	18	24	0.00004	0.00000	0.00003
2003	 2	19	24	0.00005	0.00000	0.00003
2003	 2	20	24	0.01931	0.01016	0.01608
2003	 2	21	24	0.04321	0.06324	0.05029
2003	 2	22	24	0.05972	0.09182	0.07106
2003	 2	23	24	0.07763	0.13560	0.09810
2003	 2	24	24	0.10293	0.23245	0.14866
2003	 2	25	24	0.12808	0.34279	0.20390
2003	 2	26	24	0.13770	0.40233	0.23115
2003	 2	27	24	0.15283	0.50944	0.27875
2003	 2	28	24	0.16520	0.70234	0.35487
2003	 3	 1	24	0.15451	0.89164	0.41480
2003	 3	 2	24	0.12868	0.95482	0.42040
2003	 3	 3	24	0.10279	0.95064	0.40217
2003	 3	 4	24	0.08443	0.94494	0.38829
2003	 3	 5	24	0.07442	0.93829	0.37947
2003	 3	 6	24	0.07445	0.93830	0.37948
2003	 3	 7	24	0.07456	0.93852	0.37964
2003	 3	 8	24	0.07418	0.93796	0.37919
2003	 3	 9	24	0.06994	0.92147	0.37062
2003	 3	10	24	0.05336	0.74926	0.29909
2003	 3	11	24	0.05313	0.57407	0.23708
2003	 3	12	24	0.05313	0.51437	0.21600
2003	 3	13	24	0.05017	0.50269	0.20996
2003	 3	14	24	0.02083	0.22250	0.09204
2003	 3	15	24	0.00441	0.10413	0.03962
2003	 3	16	24	0.00043	0.07010	0.02503
2003	 3	17	24	0.00000	0.02368	0.00836
2003	 3	18	24	0.00000	0.00272	0.00096
2003	 3	19	24	0.00000	0.00062	0.00022
2003	 3	20	24	0.00000	0.00006	0.00002
2003	 3	21	24	0.00000	0.00000	0.00000
2003	 3	22	24	0.00000	0.00000	0.00000
2003	 3	23	24	0.00000	0.00000	0.00000
2003	 3	24	24	0.00000	0.00000	0.00000
2003	 3	25	24	0.00000	0.00000	0.00000
2003	 3	26	24	0.00000	0.00000	0.00000
2003	 3	27	24	0.00000	0.00000	0.00000
2003	 3	28	24	0.00000	0.00000	0.00000
2003	 3	29	24	0.00000	0.00000	0.00000
2003	 3	30	24	0.00000	0.00000	0.00000
2003	 3	31	24	0.00000	0.00000	0.00000
2003	 4	 1	24	0.00000	0.00000	0.00000
2003	 4	 2	24	0.00000	0.00000	0.00000
2003	 4	 3	24	0.00000	0.00000	0.00000
2003	 4	 4	24	0.00000	0.00000	0.00000
2003	 4	 5	24	0.00000	0.00000	0.00000
2003	 4	 6	24	0.00000	0.00000	0.00000
2003	 4	 7	24	0.00000	0.00000	0.00000
2003	 4	 8	24	0.00000	0.00000	0.00000
2003	 4	 9	24	0.00000	0.00000	0.00000
2003	 4	10	24	0.00000	0.00000	0.00000
2003	 4	11	24	0.00000	0.00000	0.00000
2003	 4	12	24	0.00000	0.00000	0.00000
2003	 4	13	24	0.00000	0.00000	0.00000
2003	 4	14	24	0.00000	0.00000	0.00000
2003	 4	15	24	0.00000	0.00000	0.00000
2003	 4	16	24	0.00000	0.00000	0.00000
2003	 4	17	24	0.00000	0.00000	0.00000
2003	 4	18	24	0.00000	0.00000	0.00000
2003	 4	19	24	0.00000	0.00000	0.00000
2003	 4	20	24	0.00000	0.00000	0.00000
2003	 4	21	24	0.00000	0.00000	0.00000
2003	 4	22	24	0.00000	0.00000	0.00000
2003	 4	23	24	0.00000	0.00000	0.00000
2003	 4	24	24	0.00000	0.00000	0.00000
2003	 4	25	24	0.00000	0.00000	0.00000
2003	 4	26	24	0.00000	0.00000	0.00000
2003	 4	27	24	0.00000	0.00000	0.00000
2003	 4	28	24	0.00000	0.00000	0.00000
2003	 4	29	24	0.00000	0.00000	0.00000
2003	 4	30	24	0.00000	0.00000	0.00000
2003	 5	 1	24	0.00000	0.00000	0.00000
2003	 5	 2	24	0.00000	0.00000	0.00000
2003	 5	 3	24	0.00000	0.00000	0.00000
2003	 5	 4	24	0.00000	0.00000	0.00000
2003	 5	 5	24	0.00000	0.00000	0.00000
2003	 5	 6	24	0.00000	0.00000	0.00000
2003	 5	 7	24	0.00000	0.00000	0.00000
2003	 5	 8	24	0.00000	0.00000	0.00000
2003	 5	 9	24	0.00000	0.00000	0.00000
2003	 5	10	24	0.00000	0.00000	0.00000
2003	 5	11	24	0.00000	0.00000	0.00000
2003	 5	12	24	0.00000	0.00000	0.00000
2003	 5	13	24	0.00000	0.00000	0.00000
2003	 5	14	24	0.00000	0.00000	0.00000
2003	 5	15	24	0.00000	0.00000	0.00000
2003	 5	16	24	0.00000	0.00000	0.00000
2003	 5	17	24	0.00000	0.00000	0.00000
2003	 5	18	24	0.00000	0.00000	0.00000
2003	 5	19	24	0.00000	0.00000	0.00000
2003	 5	20	24	0.00000	0.00000	0.00000
2003	 5	21	24	0.00000	0.00000	0.00000
2003	 5	22	24	0.00000	0.00000	0.00000
2003	 5	23	24	0.00000	0.00000	0.00000
2003	 5	24	24	0.00000	0.00000	0.00000
2003	 5	25	24	0.00000	0.00000	0.00000
2003	 5	26	24	0.00000	0.00000	0.00000
2003	 5	27	24	0.00000	0.00000	0.00000
2003	 5	28	24	0.00000	0.00000	0.00000
2003	 5	29	24	0.00000	0.00000	0.00000
2003	 5	30	24	0.00000	0.00000	0.00000
2003	 5	31	24	0.00000	0.00000	0.00000
2003	 6	 1	24	0.00000	0.00000	0.00000
2003	 6	 2	24	0.00000	0.00000	0.00000
2003	 6	 3	24	0.00000	0.00000	0.00000
2003	 6	 4	24	0.00000	0.00000	0.00000
2003	 6	 5	24	0.00000	0.00000	0.00000
2003	 6	 6	24	0.00000	0.00000	0.00000
2003	 6	 7	24	0.00000	0.00000	0.00000
2003	 6	 8	24	0.00000	0.00000	0.00000
2003	 6	 9	24	0.00000	0.00000	0.00000
2003	 6	10	24	0.00000	0.00000	0.00000
2003	 6	11	24	0.00000	0.00000	0.00000
2003	 6	12	24	0.00000	0.00000	0.00000
2003	 6	13	24	0.00000	0.00000	0.00000
2003	 6	14	24	0.00000	0.00000	0.00000
2003	 6	15	24	0.00000	0.00000	0.00000
2003	 6	16	24	0.00000	0.00000	0.00000
2003	 6	17	24	0.00000	0.00000	0.00000
2003	 6	18	24	0.00000	0.00000	0.00000
2003	 6	19	24	0.00000	0.00000	0.00000
2003	 6	20	24	0.00000	0.00000	0.00000
2003	 6	21	24	0.00000	0.00000	0.00000
2003	 6	22	24	0.00000	0.00000	0.00000
2003	 6	23	24	0.00000	0.00000	0.00000
2003	 6	24	24	0.00000	0.00000	0.00000
2003	 6	25	24	0.00000	0.00000	0.00000
2003	 6	26	24	0.00000	0.00000	0.00000
2003	 6	27	24	0.00000	0.00000	0.00000
2003	 6	28	24	0.00000	0.00000	0.00000
2003	 6	29	24	0.00000	0.00000	0.00000
2003	 6	30	24	0.00000	0.00000	0.00000
2003	 7	 1	24	0.00000	0.00000	0.00000
2003	 7	 2	24	0.00000	0.00000	0.00000
2003	 7	 3	24	0.00000	0.00000	0.00000
2003	 7	 4	24	0.00000	0.00000	0.00000
2003	 7	 5	24	0.00000	0.00000	0.00000
2003	 7	 6	24	0.00000	0.00000	0.00000
2003	 7	 7	24	0.00000	0.00000	0.00000
2003	 7	 8	24	0.00000	0.00000	0.00000
2003	 7	 9	24	0.00000	0.00000	0.00000
2003	 7	10	24	0.00000	0.00000	0.00000
2003	 7	11	24	0.00000	0.00000	0.00000
2003	 7	12	24	0.00000	0.00000	0.00000
2003	 7	13	24	0.00000	0.00000	0.00000
2003	 7	14	24	0.00000	0.00000	0.00000
2003	 7	15	24	0.00000	0.00000	0.00000
2003	 7	16	24	0.00000	0.00000	0.00000
2003	 7	17	24	0.00000	0.00000	0.00000
2003	 7	18	24	0.00000	0.00000	0.00000
2003	 7	19	24	0.00000	0.00000	0.00000
2003	 7	20	24	0.00000	0.00000	0.00000
2003	 7	21	24	0.00000	0.00000	0.00000
2003	 7	22	24	0.00000	0.00000	0.00000
2003	 7	23	24	0.00000	0.00000	0.00000
2003	 7	24	24	0.00000	0.00000	0.00000
2003	 7	25	24	0.00000	0.00000	0.00000
2003	 7	26	24	0.00000	0.00000	0.00000
2003	 7	27	24	0.00000	0.00000	0.00000
2003	 7	28	24	0.00000	0.00000	0.00000
2003	 7	29	24	0.00000	0.00000	0.00000
2003	 7	30	24	0.00000	0.00000	0.00000
2003	 7	31	24	0.00000	0.00000	0.00000
2003	 8	 1	24	0.00000	0.00000	0.00000
2003	 8	 2	24	0.00000	0.00000	0.00000
2003	 8	 3	24	0.00000	0.00000	0.00000
2003	 8	 4	24	0.00000	0.00000	0.00000
2003	 8	 5	24	0.00000	0.00000	0.00000
2003	 8	 6	24	0.00000	0.00000	0.00000
2003	 8	 7	24	0.00000	0.00000	0.00000
2003	 8	 8	24	0.00000	0.00000	0.00000
2003	 8	 9	24	0.00000	0.00000	0.00000
2003	 8	10	24	0.00000	0.00000	0.00000
2003	 8	11	24	0.00000	0.00000	0.00000
2003	 8	12	24	0.00000	0.00000	0.00000
2003	 8	13	24	0.00000	0.00000	0.00000
2003	 8	14	24	0.00000	0.00000	0.00000
2003	 8	15	24	0.00000	0.00000	0.00000
2003	 8	16	24	0.00000	0.00000	0.00000
2003	 8	17	24	0.00000	0.00000	0.00000
2003	 8	18	24	0.00000	0.00000	0.00000
2003	 8	19	24	0.00000	0.00000	0.00000
2003	 8	20	24	0.00000	0.00000	0.00000
2003	 8	21	24	0.00000	0.00000	0.00000
2003	 8	22	24	0.00000	0.00000	0.00000
2003	 8	23	24	0.00000	0.00000	0.00000
2003	 8	24	24	0.00000	0.00000	0.00000
2003	 8	25	24	0.00000	0.00000	0.00000
2003	 8	26	24	0.00000	0.00000	0.00000
2003	 8	27	24	0.00000	0.00000	0.00000
2003	 8	28	24	0.00000	0.00000	0.00000
2003	 8	29	24	0.00000	0.00000	0.00000
2003	 8	30	24	0.00000	0.00000	0.00000
2003	 8	31	24	0.00000	0.00000	0.00000
2003	 9	 1	24	0.00000	0.00000	0.00000
2003	 9	 2	24	0.00000	0.00000	0.00000
2003	 9	 3	24	0.00000	0.00000	0.00000
2003	 9	 4	24	0.00000	0.00000	0.00000
2003	 9	 5	24	0.00000	0.00000	0.00000
2003	 9	 6	24	0.00000	0.00000	0.00000
2003	 9	 7	24	0.00000	0.00000	0.00000
2003	 9	 8	24	0.00000	0.00000	0.00000
2003	 9	 9	24	0.00000	0.00000	0.00000
2003	 9	10	24	0.00000	0.00000	0.00000
2003	 9	11	24	0.00000	0.00000	0.00000
2003	 9	12	24	0.00000	0.00000	0.00000
2003	 9	13	24	0.00000	0.00000	0.00000
2003	 9	14	24	0.00000	0.00000	0.00000
2003	 9	15	24	0.00000	0.00000	0.00000
2003	 9	16	24	0.00000	0.00000	0.00000
2003	 9	17	24	0.00000	0.00000	0.00000
2003	 9	18	24	0.00000	0.00000	0.00000
2003	 9	19	24	0.00000	0.00000	0.00000
2003	 9	20	24	0.00000	0.00000	0.00000
2003	 9	21	24	0.00000	0.00000	0.00000
2003	 9	22	24	0.00000	0.00000	0.00000
2003	 9	23	24	0.00000	0.00000	0.00000
2003	 9	24	24	0.00000	0.00000	0.00000
2003	 9	25	24	0.00000	0.00000	0.00000
2003	 9	26	24	0.00000	0.00000	0.00000
2003	 9	27	24	0.00000	0.00000	0.00000
2003	 9	28	24	0.00000	0.00000	0.00000
2003	 9	29	24	0.00000	0.00000	0.00000
2003	 9	30	24	0.00000	0.00000	0.00000
2003	10	 1	24	0.00000	0.00000	0.00000
2003	10	 2	24	0.00000	0.00000	0.00000
2003	10	 3	24	0.00000	0.00000	0.00000
2003	10	 4	24	0.00000	0.00000	0.00000
2003	10	 5	24	0.00000	0.00000	0.00000
2003	10	 6	24	0.00000	0.00000	0.00000
2003	10	 7	24	0.00000	0.00000	0.00000
2003	10	 8	24	0.00000	0.00000	0.00000
2003	10	 9	24	0.00000	0.00000	0.00000
2003	10	10	24	0.00000	0.00000	0.00000
2003	10	11	24	0.00000	0.00000	0.00000
2003	10	12	24	0.00000	0.00000	0.00000
2003	10	13	24	0.00000	0.00000	0.00000
2003	10	14	24	0.00000	0.00000	0.00000
2003	10	15	24	0.00000	0.00000	0.00000
2003	10	16	24	0.00000	0.00000	0.00000
2003	10	17	24	0.00000	0.00000	0.00000
2003	10	18	24	0.00000	0.00000	0.00000
2003	10	19	24	0.00000	0.00000	0.00000
2003	10	20	24	0.00000	0.00000	0.00000
2003	10	21	24	0.00000	0.00000	0.00000
2003	10	22	24	0.00000	0.00000	0.00000
2003	10	23	24	0.00000	0.00000	0.00000
2003	10	24	24	0.00000	0.00000	0.00000
2003	10	25	24	0.00000	0.00000	0.00000
2003	10	26	24	0.00000	0.00000	0.00000
2003	10	27	24	0.00000	0.00000	0.00000
2003	10	28	24	0.00000	0.00000	0.00000
2003	10	29	24	0.00000	0.00000	0.00000
2003	10	30	24	0.00000	0.00000	0.00000
2003	10	31	24	0.00000	0.00000	0.00000
2003	11	 1	24	0.00000	0.00000	0.00000
2003	11	 2	24	0.00000	0.00000	0.00000
2003	11	 3	24	0.00000	0.00000	0.00000
2003	11	 4	24	0.00000	0.00000	0.00000
2003	11	 5	24	0.00000	0.00000	0.00000
2003	11	 6	24	0.00000	0.00000	0.00000
2003	11	 7	24	0.00000	0.00000	0.00000
2003	11	 8	24	0.00000	0.00000	0.00000
2003	11	 9	24	0.00000	0.00000	0.00000
2003	11	10	24	0.00000	0.00000	0.00000
2003	11	11	24	0.00000	0.00000	0.00000
2003	11	12	24	0.00000	0.00000	0.00000
2003	11	13	24	0.00000	0.00000	0.00000
2003	11	14	24	0.00000	0.00000	0.00000
2003	11	15	24	0.00000	0.00000	0.00000
2003	11	16	24	0.00000	0.00000	0.00000
2003	11	17	24	0.00000	0.00000	0.00000
2003	11	18	24	0.00000	0.00000	0.00000
2003	11	19	24	0.00000	0.00000	0.00000
2003	11	20	24	0.00000	0.00000	0.00000
2003	11	21	24	0.00000	0.00000	0.00000
2003	11	22	24	0.00000	0.00000	0.00000
2003	11	23	24	0.00000	0.00000	0.00000
2003	11	24	24	0.00000	0.00000	0.00000
2003	11	25	24	0.00000	0.00000	0.00000
2003	11	26	24	0.00000	0.00000	0.00000
2003	11	27	24	0.00000	0.00000	0.00000
2003	11	28	24	0.00000	0.00000	0.00000
2003	11	29	24	0.00000	0.00000	0.00000
2003	11	30	24	0.00000	0.00000	0.00000
2003	12	 1	24	0.00000	0.00000	0.00000
2003	12	 2	24	0.00000	0.00000	0.00000
2003	12	 3	24	0.00000	0.00000	0.00000
2003	12	 4	24	0.00000	0.00000	0.00000
2003	12	 5	24	0.00000	0.00000	0.00000
2003	12	 6	24	0.00000	0.00000	0.00000
2003	12	 7	24	0.00000	0.00000	0.00000
2003	12	 8	24	0.00000	0.00000	0.00000
2003	12	 9	24	0.00000	0.00000	0.00000
2003	12	10	24	0.00000	0.00000	0.00000
2003	12	11	24	0.00000	0.00000	0.00000
2003	12	12	24	0.00000	0.00000	0.00000
2003	12	13	24	0.00000	0.00000	0.00000
2003	12	14	24	0.00000	0.06027	0.02128
2003	12	15	24	0.00000	0.06027	0.02128
2003	12	16	24	0.00043	0.06027	0.02156
2003	12	17	24	0.00390	0.06027	0.02380
2003	12	18	24	0.00104	0.06027	0.02196
2003	12	19	24	0.00104	0.06027	0.02196
2003	12	20	24	0.00104	0.06027	0.02196
2003	12	21	24	0.00104	0.06027	0.02196
2003	12	22	24	0.00306	0.06027	0.02326
2003	12	23	24	0.00171	0.04549	0.01717
2003	12	24	24	0.00167	0.02648	0.01043
2003	12	25	24	0.00167	0.02635	0.01039
2003	12	26	24	0.00137	0.02635	0.01019
2003	12	27	24	0.00002	0.01284	0.00455
2003	12	28	24	0.00001	0.01284	0.00454
2003	12	29	24	0.00000	0.01284	0.00454
2003	12	30	24	0.00000	0.01284	0.00454
2003	12	31	24	0.00000	0.00284	0.00101
2004	 1	 1	24	0.00000	0.00004	0.00001
2004	 1	 2	24	0.00000	0.00000	0.00000
2004	 1	 3	24	0.00000	0.00000	0.00000
2004	 1	 4	24	0.00000	0.00000	0.00000
2004	 1	 5	24	0.00000	0.00000	0.00000
2004	 1	 6	24	0.08708	0.00000	0.05633
2004	 1	 7	24	0.15284	0.00000	0.09887
2004	 1	 8	24	0.22557	0.00016	0.14597
2004	 1	 9	24	0.30620	0.00000	0.19807
2004	 1	10	24	0.50791	0.10985	0.36735
2004	 1	11	24	0.76300	0.26621	0.58758
2004	 1	12	24	0.83741	0.42289	0.69104
2004	 1	13	24	0.90464	0.59673	0.79592
2004	 1	14	24	0.92508	0.68186	0.83920
2004	 1	15	24	0.93621	0.72345	0.86108
2004	 1	16	24	0.77535	0.73452	0.76093
2004	 1	17	24	0.58797	0.77269	0.65320
2004	 1	18	24	0.44989	0.02051	0.29827
2004	 1	19	24	0.51244	0.00005	0.33151
2004	 1	20	24	0.54387	0.00000	0.35183
2004	 1	21	24	0.27196	0.00000	0.17593
2004	 1	22	24	0.19994	0.00000	0.12934
2004	 1	23	24	0.20398	0.00000	0.13195
2004	 1	24	24	0.24569	0.00000	0.15893
2004	 1	25	24	0.26127	0.00000	0.16901
2004	 1	26	24	0.30444	0.00000	0.19694
2004	 1	27	24	0.19812	0.00000	0.12816
2004	 1	28	24	0.20412	0.00000	0.13204
2004	 1	29	24	0.23445	0.00000	0.15166
2004	 1	30	24	0.28061	0.00000	0.18152
2004	 1	31	24	0.36112	0.00000	0.23360
2004	 2	 1	24	0.58656	0.19827	0.44945
2004	 2	 2	24	0.92840	0.94070	0.93275
2004	 2	 3	24	0.82774	0.97634	0.88021
2004	 2	 4	24	0.66585	0.97634	0.77548
2004	 2	 5	24	0.59892	0.97634	0.73219
2004	 2	 6	24	0.43845	0.97634	0.62838
2004	 2	 7	24	0.41009	0.97634	0.61004
2004	 2	 8	24	0.41016	0.97634	0.61008
2004	 2	 9	24	0.29445	0.21504	0.26641
2004	 2	10	24	0.30775	0.05059	0.21694
2004	 2	11	24	0.31195	0.00440	0.20335
2004	 2	12	24	0.29947	0.00000	0.19373
2004	 2	13	24	0.35428	0.00016	0.22924
2004	 2	14	24	0.39047	0.05427	0.27175
2004	 2	15	24	0.40114	0.08044	0.28790
2004	 2	16	24	0.40209	0.11176	0.29957
2004	 2	17	24	0.41305	0.17675	0.32961
2004	 2	18	24	0.41802	0.10777	0.30847
2004	 2	19	24	0.30395	0.00000	0.19662
2004	 2	20	24	0.31637	0.02018	0.21178
2004	 2	21	24	0.30983	0.05092	0.21841
2004	 2	22	24	0.22960	0.04039	0.16279
2004	 2	23	24	0.14730	0.00000	0.09529
2004	 2	24	24	0.15134	0.00035	0.09802
2004	 2	25	24	0.14758	0.00002	0.09547
2004	 2	26	24	0.14956	0.00000	0.09675
2004	 2	27	24	0.13311	0.00000	0.08611
2004	 2	28	24	0.12294	0.00000	0.07953
2004	 2	29	24	0.07001	0.00000	0.04529
2004	 3	 1	24	0.06767	0.00000	0.04377
2004	 3	 2	24	0.15812	0.02243	0.11021
2004	 3	 3	24	0.19557	0.00000	0.12651
2004	 3	 4	24	0.19080	0.00000	0.12343
2004	 3	 5	24	0.20791	0.00072	0.13475
2004	 3	 6	24	0.20384	0.00000	0.13186
2004	 3	 7	24	0.20977	0.01669	0.14159
2004	 3	 8	24	0.20897	0.01507	0.14050
2004	 3	 9	24	0.24630	0.00000	0.15933
2004	 3	10	24	0.27597	0.00000	0.17852
2004	 3	11	24	0.30368	0.02564	0.20550
2004	 3	12	24	0.31214	0.07497	0.22839
2004	 3	13	24	0.32746	0.15616	0.26697
2004	 3	14	24	0.29667	0.30701	0.30032
2004	 3	15	24	0.22955	0.52153	0.33265
2004	 3	16	24	0.21712	0.80342	0.42415
2004	 3	17	24	0.18934	0.97532	0.46688
2004	 3	18	24	0.12682	0.96562	0.42301
2004	 3	19	24	0.08545	0.93905	0.38687
2004	 3	20	24	0.08031	0.89263	0.36715
2004	 3	21	24	0.07074	0.79647	0.32700
2004	 3	22	24	0.04334	0.71831	0.28168
2004	 3	23	24	0.04332	0.69984	0.27514
2004	 3	24	24	0.04332	0.72120	0.28269
2004	 3	25	24	0.04325	0.10288	0.06431
2004	 3	26	24	0.04260	0.02961	0.03802
2004	 3	27	24	0.04260	0.03250	0.03904
2004	 3	28	24	0.04177	0.07137	0.05222
2004	 3	29	24	0.03352	0.13262	0.06851
2004	 3	30	24	0.00552	0.16939	0.06338
2004	 3	31	24	0.00000	0.13711	0.04842
2004	 4	 1	24	0.00000	0.08308	0.02934
2004	 4	 2	24	0.00000	0.00206	0.00073
2004	 4	 3	24	0.00000	0.00048	0.00017
2004	 4	 4	24	0.00000	0.00004	0.00001
2004	 4	 5	24	0.00000	0.00000	0.00000
2004	 4	 6	24	0.00000	0.00000	0.00000
2004	 4	 7	24	0.00000	0.00000	0.00000
2004	 4	 8	24	0.00000	0.00000	0.00000
2004	 4	 9	24	0.00000	0.00000	0.00000
2004	 4	10	24	0.00000	0.00000	0.00000
2004	 4	11	24	0.00000	0.00000	0.00000
2004	 4	12	24	0.00000	0.00000	0.00000
2004	 4	13	24	0.00000	0.00000	0.00000
2004	 4	14	24	0.00000	0.00000	0.00000
2004	 4	15	24	0.00000	0.00000	0.00000
2004	 4	16	24	0.00000	0.00000	0.00000
2004	 4	17	24	0.00000	0.00000	0.00000
2004	 4	18	24	0.00000	0.00000	0.00000
2004	 4	19	24	0.00000	0.00000	0.00000
2004	 4	20	24	0.00000	0.00000	0.00000
2004	 4	21	24	0.00000	0.00000	0.00000
2004	 4	22	24	0.00000	0.00000	0.00000
2004	 4	23	24	0.00000	0.00000	0.00000
2004	 4	24	24	0.00000	0.00000	0.00000
2004	 4	25	24	0.00000	0.00000	0.00000
2004	 4	26	24	0.00000	0.00000	0.00000
2004	 4	27	24	0.00000	0.00000	0.00000
2004	 4	28	24	0.00000	0.00000	0.00000
2004	 4	29	24	0.00000	0.00000	0.00000
2004	 4	30	24	0.00000	0.00000	0.00000
2004	 5	 1	24	0.00000	0.00000	0.00000
2004	 5	 2	24	0.00000	0.00000	0.00000
2004	 5	 3	24	0.00000	0.00000	0.00000
2004	 5	 4	24	0.00000	0.00000	0.00000
2004	 5	 5	24	0.00000	0.00000	0.00000
2004	 5	 6	24	0.00000	0.00000	0.00000
2004	 5	 7	24	0.00000	0.00000	0.00000
2004	 5	 8	24	0.00000	0.00000	0.00000
2004	 5	 9	24	0.00000	0.00000	0.00000
2004	 5	10	24	0.00627	0.00000	0.00406
2004	 5	11	24	0.00627	0.00000	0.00406
2004	 5	12	24	0.00261	0.00000	0.00169
2004	 5	13	24	0.00261	0.00000	0.00169
2004	 5	14	24	0.00164	0.00000	0.00106
2004	 5	15	24	0.00164	0.00000	0.00106
2004	 5	16	24	0.00141	0.00000	0.00091
2004	 5	17	24	0.00000	0.00000	0.00000
2004	 5	18	24	0.00000	0.00000	0.00000
2004	 5	19	24	0.00000	0.00000	0.00000
2004	 5	20	24	0.00000	0.00000	0.00000
2004	 5	21	24	0.00000	0.00000	0.00000
2004	 5	22	24	0.00000	0.00000	0.00000
2004	 5	23	24	0.00000	0.00000	0.00000
2004	 5	24	24	0.00000	0.00000	0.00000
2004	 5	25	24	0.00000	0.00000	0.00000
2004	 5	26	24	0.00000	0.00000	0.00000
2004	 5	27	24	0.00000	0.00000	0.00000
2004	 5	28	24	0.00000	0.00000	0.00000
2004	 5	29	24	0.00000	0.00000	0.00000
2004	 5	30	24	0.00000	0.00000	0.00000
2004	 5	31	24	0.00000	0.00000	0.00000
2004	 6	 1	24	0.00000	0.00000	0.00000
2004	 6	 2	24	0.00000	0.00000	0.00000
2004	 6	 3	24	0.00000	0.00000	0.00000
2004	 6	 4	24	0.00000	0.00000	0.00000
2004	 6	 5	24	0.00000	0.00000	0.00000
2004	 6	 6	24	0.00000	0.00000	0.00000
2004	 6	 7	24	0.00000	0.00000	0.00000
2004	 6	 8	24	0.00000	0.00000	0.00000
2004	 6	 9	24	0.00000	0.00000	0.00000
2004	 6	10	24	0.00000	0.00000	0.00000
2004	 6	11	24	0.00000	0.00000	0.00000
2004	 6	12	24	0.00000	0.00000	0.00000
2004	 6	13	24	0.00000	0.00000	0.00000
2004	 6	14	24	0.00000	0.00000	0.00000
2004	 6	15	24	0.00000	0.00000	0.00000
2004	 6	16	24	0.00000	0.00000	0.00000
2004	 6	17	24	0.00000	0.00000	0.00000
2004	 6	18	24	0.00000	0.00000	0.00000
2004	 6	19	24	0.00000	0.00000	0.00000
2004	 6	20	24	0.00000	0.00000	0.00000
2004	 6	21	24	0.00000	0.00000	0.00000
2004	 6	22	24	0.00000	0.00000	0.00000
2004	 6	23	24	0.00000	0.00000	0.00000
2004	 6	24	24	0.00000	0.00000	0.00000
2004	 6	25	24	0.00000	0.00000	0.00000
2004	 6	26	24	0.00000	0.00000	0.00000
2004	 6	27	24	0.00000	0.00000	0.00000
2004	 6	28	24	0.00000	0.00000	0.00000
2004	 6	29	24	0.00000	0.00000	0.00000
2004	 6	30	24	0.00000	0.00000	0.00000
2004	 7	 1	24	0.00000	0.00000	0.00000
2004	 7	 2	24	0.00000	0.00000	0.00000
2004	 7	 3	24	0.00000	0.00000	0.00000
2004	 7	 4	24	0.00000	0.00000	0.00000
2004	 7	 5	24	0.00000	0.00000	0.00000
2004	 7	 6	24	0.00000	0.00000	0.00000
2004	 7	 7	24	0.00000	0.00000	0.00000
2004	 7	 8	24	0.00000	0.01167	0.00412
2004	 7	 9	24	0.00000	0.00118	0.00042
2004	 7	10	24	0.00000	0.00000	0.00000
2004	 7	11	24	0.00000	0.00000	0.00000
2004	 7	12	24	0.00000	0.00000	0.00000
2004	 7	13	24	0.00000	0.00000	0.00000
2004	 7	14	24	0.00000	0.00000	0.00000
2004	 7	15	24	0.00000	0.00000	0.00000
2004	 7	16	24	0.00000	0.00000	0.00000
2004	 7	17	24	0.00000	0.00000	0.00000
2004	 7	18	24	0.00000	0.00000	0.00000
2004	 7	19	24	0.00000	0.00000	0.00000
2004	 7	20	24	0.00000	0.00000	0.00000
2004	 7	21	24	0.00000	0.00000	0.00000
2004	 7	22	24	0.00000	0.00000	0.00000
2004	 7	23	24	0.00000	0.00000	0.00000
2004	 7	24	24	0.00000	0.00000	0.00000
2004	 7	25	24	0.00000	0.00000	0.00000
2004	 7	26	24	0.00000	0.00000	0.00000
2004	 7	27	24	0.00000	0.00000	0.00000
2004	 7	28	24	0.00000	0.00000	0.00000
2004	 7	29	24	0.00000	0.00000	0.00000
2004	 7	30	24	0.00000	0.00000	0.00000
2004	 7	31	24	0.00000	0.00000	0.00000
2004	 8	 1	24	0.00000	0.00000	0.00000
2004	 8	 2	24	0.00000	0.00000	0.00000
2004	 8	 3	24	0.00000	0.00000	0.00000
2004	 8	 4	24	0.00000	0.00000	0.00000
2004	 8	 5	24	0.00000	0.00000	0.00000
2004	 8	 6	24	0.00000	0.00000	0.00000
2004	 8	 7	24	0.00000	0.00000	0.00000
2004	 8	 8	24	0.00000	0.00000	0.00000
2004	 8	 9	24	0.00000	0.00000	0.00000
2004	 8	10	24	0.00000	0.00000	0.00000
2004	 8	11	24	0.00000	0.00000	0.00000
2004	 8	12	24	0.00000	0.00000	0.00000
2004	 8	13	24	0.00000	0.00000	0.00000
2004	 8	14	24	0.00000	0.00000	0.00000
2004	 8	15	24	0.00000	0.00000	0.00000
2004	 8	16	24	0.00000	0.00000	0.00000
2004	 8	17	24	0.00000	0.00000	0.00000
2004	 8	18	24	0.00000	0.00000	0.00000
2004	 8	19	24	0.00000	0.00000	0.00000
2004	 8	20	24	0.00000	0.00000	0.00000
2004	 8	21	24	0.00000	0.00000	0.00000
2004	 8	22	24	0.00000	0.00000	0.00000
2004	 8	23	24	0.00000	0.00000	0.00000
2004	 8	24	24	0.00000	0.00000	0.00000
2004	 8	25	24	0.00000	0.00000	0.00000
2004	 8	26	24	0.00000	0.00000	0.00000
2004	 8	27	24	0.00000	0.00000	0.00000
2004	 8	28	24	0.00000	0.00000	0.00000
2004	 8	29	24	0.00000	0.00000	0.00000
2004	 8	30	24	0.00000	0.00000	0.00000
2004	 8	31	24	0.00000	0.00000	0.00000
2004	 9	 1	24	0.00000	0.00000	0.00000
2004	 9	 2	24	0.00000	0.00000	0.00000
2004	 9	 3	24	0.00000	0.00000	0.00000
2004	 9	 4	24	0.00000	0.00000	0.00000
2004	 9	 5	24	0.00000	0.00000	0.00000
2004	 9	 6	24	0.00000	0.00000	0.00000
2004	 9	 7	24	0.00000	0.00000	0.00000
2004	 9	 8	24	0.00000	0.00000	0.00000
2004	 9	 9	24	0.00000	0.00000	0.00000
2004	 9	10	24	0.00000	0.00000	0.00000
2004	 9	11	24	0.00000	0.00000	0.00000
2004	 9	12	24	0.00000	0.00000	0.00000
2004	 9	13	24	0.00000	0.00000	0.00000
2004	 9	14	24	0.00000	0.00000	0.00000
2004	 9	15	24	0.00000	0.00000	0.00000
2004	 9	16	24	0.00000	0.00000	0.00000
2004	 9	17	24	0.00000	0.00000	0.00000
2004	 9	18	24	0.00000	0.00000	0.00000
2004	 9	19	24	0.00000	0.00000	0.00000
2004	 9	20	24	0.00000	0.00000	0.00000
2004	 9	21	24	0.00000	0.00000	0.00000
2004	 9	22	24	0.00000	0.00000	0.00000
2004	 9	23	24	0.00000	0.00000	0.00000
2004	 9	24	24	0.00000	0.00000	0.00000
2004	 9	25	24	0.00000	0.00000	0.00000
2004	 9	26	24	0.00000	0.00000	0.00000
2004	 9	27	24	0.00000	0.00000	0.00000
2004	 9	28	24	0.00000	0.00000	0.00000
2004	 9	29	24	0.00000	0.00000	0.00000
2004	 9	30	24	0.00000	0.00000	0.00000
2004	10	 1	24	0.00000	0.00000	0.00000
2004	10	 2	24	0.00000	0.00000	0.00000
2004	10	 3	24	0.00000	0.00000	0.00000
2004	10	 4	24	0.00000	0.00000	0.00000
2004	10	 5	24	0.00000	0.00000	0.00000
2004	10	 6	24	0.00000	0.00000	0.00000
2004	10	 7	24	0.00000	0.00000	0.00000
2004	10	 8	24	0.00000	0.00000	0.00000
2004	10	 9	24	0.00000	0.00000	0.00000
2004	10	10	24	0.00000	0.00000	0.00000
2004	10	11	24	0.00000	0.00000	0.00000
2004	10	12	24	0.00000	0.00000	0.00000
2004	10	13	24	0.00000	0.00000	0.00000
2004	10	14	24	0.00000	0.00000	0.00000
2004	10	15	24	0.00000	0.00000	0.00000
2004	10	16	24	0.00000	0.00000	0.00000
2004	10	17	24	0.00000	0.00000	0.00000
2004	10	18	24	0.00000	0.00000	0.00000
2004	10	19	24	0.00000	0.00000	0.00000
2004	10	20	24	0.00000	0.00000	0.00000
2004	10	21	24	0.00000	0.00000	0.00000
2004	10	22	24	0.00000	0.00000	0.00000
2004	10	23	24	0.00000	0.00000	0.00000
2004	10	24	24	0.00000	0.00000	0.00000
2004	10	25	24	0.00000	0.00000	0.00000
2004	10	26	24	0.00000	0.00000	0.00000
2004	10	27	24	0.00000	0.00000	0.00000
2004	10	28	24	0.00000	0.00000	0.00000
2004	10	29	24	0.00000	0.00000	0.00000
2004	10	30	24	0.00000	0.00000	0.00000
2004	10	31	24	0.00000	0.00000	0.00000
2004	11	 1	24	0.00000	0.00000	0.00000
2004	11	 2	24	0.00000	0.00000	0.00000
2004	11	 3	24	0.00000	0.00000	0.00000
2004	11	 4	24	0.00000	0.00000	0.00000
2004	11	 5	24	0.00000	0.00000	0.00000
2004	11	 6	24	0.00000	0.00000	0.00000
2004	11	 7	24	0.00000	0.00000	0.00000
2004	11	 8	24	0.00000	0.00000	0.00000
2004	11	 9	24	0.04059	0.06253	0.04834
2004	11	10	24	0.03341	0.08670	0.05222
2004	11	11	24	0.02891	0.23991	0.10341
2004	11	12	24	0.01092	0.39521	0.14662
2004	11	13	24	0.01363	0.46942	0.17457
2004	11	14	24	0.01032	0.49130	0.18016
2004	11	15	24	0.00325	0.51935	0.18549
2004	11	16	24	0.00045	0.54044	0.19113
2004	11	17	24	0.00045	0.08307	0.02962
2004	11	18	24	0.03296	0.39654	0.16134
2004	11	19	24	0.03891	0.30131	0.13157
2004	11	20	24	0.04510	0.11023	0.06810
2004	11	21	24	0.06156	0.04884	0.05707
2004	11	22	24	0.14279	0.39403	0.23151
2004	11	23	24	0.18475	0.61313	0.33602
2004	11	24	24	0.17697	0.65645	0.34628
2004	11	25	24	0.16153	0.70531	0.35355
2004	11	26	24	0.15054	0.78172	0.37342
2004	11	27	24	0.14731	0.92713	0.42267
2004	11	28	24	0.12734	0.96571	0.42338
2004	11	29	24	0.09475	0.97486	0.40553
2004	11	30	24	0.07416	0.95985	0.38691
2004	12	 1	24	0.06415	0.93993	0.37339
2004	12	 2	24	0.05331	0.90979	0.35574
2004	12	 3	24	0.03936	0.85712	0.32812
2004	12	 4	24	0.02945	0.78807	0.29732
2004	12	 5	24	0.02894	0.72453	0.27456
2004	12	 6	24	0.01961	0.65355	0.24346
2004	12	 7	24	0.01349	0.59302	0.21813
2004	12	 8	24	0.01021	0.52289	0.19124
2004	12	 9	24	0.00721	0.44451	0.16162
2004	12	10	24	0.00366	0.23607	0.08573
2004	12	11	24	0.00005	0.10186	0.03600
2004	12	12	24	0.00000	0.03997	0.01411
2004	12	13	24	0.00000	0.00019	0.00007
2004	12	14	24	0.00000	0.00000	0.00000
2004	12	15	24	0.00000	0.00000	0.00000
2004	12	16	24	0.00000	0.00000	0.00000
2004	12	17	24	0.00069	0.00004	0.00046
2004	12	18	24	0.01230	0.00023	0.00804
2004	12	19	24	0.01806	0.00028	0.01178
2004	12	20	24	0.02649	0.00316	0.01825
2004	12	21	24	0.02694	0.01765	0.02366
2004	12	22	24	0.01671	0.00000	0.01081
2004	12	23	24	0.02827	0.13080	0.06448
2004	12	24	24	0.03344	0.28795	0.12331
2004	12	25	24	0.03610	0.46356	0.18704
2004	12	26	24	0.04483	0.54506	0.22147
2004	12	27	24	0.04580	0.49141	0.20315
2004	12	28	24	0.04587	0.29678	0.13447
2004	12	29	24	0.04772	0.30870	0.13987
2004	12	30	24	0.05259	0.35697	0.16007
2004	12	31	24	0.06379	0.49540	0.21620
2005	 1	 1	24	0.06750	0.64552	0.27160
2005	 1	 2	24	0.06119	0.70871	0.28983
2005	 1	 3	24	0.06355	0.72934	0.29865
2005	 1	 4	24	0.06425	0.77807	0.31630
2005	 1	 5	24	0.06461	0.85122	0.34237
2005	 1	 6	24	0.06196	0.89676	0.35674
2005	 1	 7	24	0.03971	0.95781	0.36390
2005	 1	 8	24	0.02633	0.87432	0.32576
2005	 1	 9	24	0.01684	0.78995	0.28983
2005	 1	10	24	0.00628	0.63269	0.22747
2005	 1	11	24	0.00175	0.49071	0.17441
2005	 1	12	24	0.00175	0.40406	0.14381
2005	 1	13	24	0.00175	0.40038	0.14251
2005	 1	14	24	0.00175	0.28952	0.10336
2005	 1	15	24	0.00175	0.06085	0.02261
2005	 1	16	24	0.00078	0.03166	0.01168
2005	 1	17	24	0.00013	0.01940	0.00693
2005	 1	18	24	0.00005	0.00012	0.00007
2005	 1	19	24	0.00005	0.00081	0.00032
2005	 1	20	24	0.15333	0.59056	0.30772
2005	 1	21	24	0.21213	0.65626	0.36896
2005	 1	22	24	0.23125	0.71241	0.40115
2005	 1	23	24	0.24822	0.71429	0.41280
2005	 1	24	24	0.15699	0.00150	0.10208
2005	 1	25	24	0.12170	0.00000	0.07873
2005	 1	26	24	0.09667	0.00000	0.06253
2005	 1	27	24	0.07041	0.00000	0.04555
2005	 1	28	24	0.05244	0.00000	0.03393
2005	 1	29	24	0.03572	0.00000	0.02311
2005	 1	30	24	0.02521	0.00000	0.01631
2005	 1	31	24	0.19024	0.00000	0.12307
2005	 2	 1	24	0.22533	0.00043	0.14591
2005	 2	 2	24	0.34352	0.01719	0.22829
2005	 2	 3	24	0.40347	0.02794	0.27087
2005	 2	 4	24	0.44327	0.03648	0.29963
2005	 2	 5	24	0.50754	0.04121	0.34287
2005	 2	 6	24	0.55971	0.02032	0.36925
2005	 2	 7	24	0.61085	0.02109	0.40260
2005	 2	 8	24	0.65641	0.02076	0.43195
2005	 2	 9	24	0.71804	0.02746	0.47419
2005	 2	10	24	0.78807	0.11438	0.55018
2005	 2	11	24	0.81617	0.29310	0.63147
2005	 2	12	24	0.81453	0.70953	0.77745
2005	 2	13	24	0.81209	0.82975	0.81832
2005	 2	14	24	0.71605	0.34369	0.58456
2005	 2	15	24	0.61881	0.22413	0.47944
2005	 2	16	24	0.47221	0.04548	0.32153
2005	 2	17	24	0.28901	0.00000	0.18696
2005	 2	18	24	0.15806	0.00000	0.10225
2005	 2	19	24	0.08649	0.00000	0.05595
2005	 2	20	24	0.10203	0.00000	0.06600
2005	 2	21	24	0.13471	0.00000	0.08714
2005	 2	22	24	0.06449	0.00000	0.04172
2005	 2	23	24	0.07164	0.00000	0.04634
2005	 2	24	24	0.07832	0.00000	0.05066
2005	 2	25	24	0.08589	0.00000	0.05556
2005	 2	26	24	0.10642	0.00000	0.06884
2005	 2	27	24	0.04178	0.00000	0.02703
2005	 2	28	24	0.00755	0.00000	0.00488
2005	 3	 1	24	0.01899	0.00000	0.01229
2005	 3	 2	24	0.06702	0.00000	0.04335
2005	 3	 3	24	0.11548	0.00000	0.07470
2005	 3	 4	24	0.15247	0.00000	0.09863
2005	 3	 5	24	0.19491	0.00000	0.12609
2005	 3	 6	24	0.03977	0.00000	0.02573
2005	 3	 7	24	0.06065	0.00000	0.03923
2005	 3	 8	24	0.09904	0.00000	0.06407
2005	 3	 9	24	0.15940	0.00000	0.10311
2005	 3	10	24	0.22329	0.00000	0.14444
2005	 3	11	24	0.35330	0.00000	0.22855
2005	 3	12	24	0.46268	0.00006	0.29932
2005	 3	13	24	0.50646	0.00111	0.32802
2005	 3	14	24	0.57752	0.01362	0.37840
2005	 3	15	24	0.67774	0.14869	0.49093
2005	 3	16	24	0.78313	0.46851	0.67203
2005	 3	17	24	0.82572	0.97175	0.87728
2005	 3	18	24	0.80996	0.97634	0.86871
2005	 3	19	24	0.80349	0.97634	0.86453
2005	 3	20	24	0.76200	0.97634	0.83769
2005	 3	21	24	0.66973	0.97634	0.77799
2005	 3	22	24	0.56248	0.97634	0.70861
2005	 3	23	24	0.45753	0.97634	0.64073
2005	 3	24	24	0.43019	0.97634	0.62304
2005	 3	25	24	0.41044	0.97634	0.61027
2005	 3	26	24	0.36330	0.97634	0.57977
2005	 3	27	24	0.33249	0.97634	0.55984
2005	 3	28	24	0.27190	0.97634	0.52064
2005	 3	29	24	0.22016	0.97545	0.48686
2005	 3	30	24	0.15050	0.97312	0.44098
2005	 3	31	24	0.09890	0.96838	0.40593
2005	 4	 1	24	0.06797	0.95847	0.38242
2005	 4	 2	24	0.04230	0.93021	0.35583
2005	 4	 3	24	0.02085	0.84784	0.31287
2005	 4	 4	24	0.00305	0.72902	0.25940
2005	 4	 5	24	0.00011	0.48474	0.17123
2005	 4	 6	24	0.00000	0.27332	0.09651
2005	 4	 7	24	0.00000	0.10875	0.03840
2005	 4	 8	24	0.00000	0.04595	0.01623
2005	 4	 9	24	0.00000	0.03897	0.01376
2005	 4	10	24	0.00000	0.02512	0.00887
2005	 4	11	24	0.00000	0.00403	0.00142
2005	 4	12	24	0.00000	0.00056	0.00020
2005	 4	13	24	0.00000	0.00006	0.00002
2005	 4	14	24	0.00000	0.00000	0.00000
2005	 4	15	24	0.00000	0.00000	0.00000
2005	 4	16	24	0.00000	0.00000	0.00000
2005	 4	17	24	0.00000	0.00000	0.00000
2005	 4	18	24	0.00000	0.00000	0.00000
2005	 4	19	24	0.00000	0.00000	0.00000
2005	 4	20	24	0.00000	0.00000	0.00000
2005	 4	21	24	0.00000	0.00000	0.00000
2005	 4	22	24	0.00000	0.00000	0.00000
2005	 4	23	24	0.00000	0.00000	0.00000
2005	 4	24	24	0.00000	0.00000	0.00000
2005	 4	25	24	0.00000	0.00000	0.00000
2005	 4	26	24	0.00000	0.00000	0.00000
2005	 4	27	24	0.00000	0.00000	0.00000
2005	 4	28	24	0.00000	0.00000	0.00000
2005	 4	29	24	0.00000	0.00000	0.00000
2005	 4	30	24	0.00000	0.00000	0.00000
2005	 5	 1	24	0.00000	0.00000	0.00000
2005	 5	 2	24	0.00000	0.00000	0.00000
2005	 5	 3	24	0.00000	0.00000	0.00000
2005	 5	 4	24	0.00000	0.00000	0.00000
2005	 5	 5	24	0.00000	0.00000	0.00000
2005	 5	 6	24	0.00000	0.00000	0.00000
2005	 5	 7	24	0.00000	0.00000	0.00000
2005	 5	 8	24	0.00000	0.00000	0.00000
2005	 5	 9	24	0.00000	0.00000	0.00000
2005	 5	10	24	0.00000	0.00000	0.00000
2005	 5	11	24	0.00000	0.00000	0.00000
2005	 5	12	24	0.00000	0.00000	0.00000
2005	 5	13	24	0.00000	0.00000	0.00000
2005	 5	14	24	0.00000	0.00000	0.00000
2005	 5	15	24	0.00000	0.00000	0.00000
2005	 5	16	24	0.00000	0.00000	0.00000
2005	 5	17	24	0.00000	0.00000	0.00000
2005	 5	18	24	0.00000	0.00000	0.00000
2005	 5	19	24	0.00000	0.00000	0.00000
2005	 5	20	24	0.00000	0.00000	0.00000
2005	 5	21	24	0.00000	0.00000	0.00000
2005	 5	22	24	0.00000	0.00000	0.00000
2005	 5	23	24	0.00000	0.00000	0.00000
2005	 5	24	24	0.00000	0.00000	0.00000
2005	 5	25	24	0.00000	0.00000	0.00000
2005	 5	26	24	0.00000	0.00000	0.00000
2005	 5	27	24	0.00000	0.00000	0.00000
2005	 5	28	24	0.00000	0.00000	0.00000
2005	 5	29	24	0.00000	0.00000	0.00000
2005	 5	30	24	0.00000	0.00000	0.00000
2005	 5	31	24	0.00000	0.00000	0.00000
2005	 6	 1	24	0.00000	0.00000	0.00000
2005	 6	 2	24	0.00000	0.00000	0.00000
2005	 6	 3	24	0.00000	0.00000	0.00000
2005	 6	 4	24	0.00000	0.00000	0.00000
2005	 6	 5	24	0.00000	0.00000	0.00000
2005	 6	 6	24	0.00000	0.00000	0.00000
2005	 6	 7	24	0.00000	0.00000	0.00000
2005	 6	 8	24	0.00000	0.00000	0.00000
2005	 6	 9	24	0.00000	0.00000	0.00000
2005	 6	10	24	0.00000	0.00000	0.00000
2005	 6	11	24	0.00000	0.00000	0.00000
2005	 6	12	24	0.00000	0.00000	0.00000
2005	 6	13	24	0.00000	0.00000	0.00000
2005	 6	14	24	0.00000	0.00025	0.00009
2005	 6	15	24	0.00000	0.00000	0.00000
2005	 6	16	24	0.00000	0.00000	0.00000
2005	 6	17	24	0.00000	0.00000	0.00000
2005	 6	18	24	0.00000	0.00000	0.00000
2005	 6	19	24	0.00000	0.00000	0.00000
2005	 6	20	24	0.00000	0.00000	0.00000
2005	 6	21	24	0.00000	0.00000	0.00000
2005	 6	22	24	0.00000	0.00000	0.00000
2005	 6	23	24	0.00000	0.00000	0.00000
2005	 6	24	24	0.00000	0.00000	0.00000
2005	 6	25	24	0.00000	0.00000	0.00000
2005	 6	26	24	0.00000	0.00000	0.00000
2005	 6	27	24	0.00000	0.00000	0.00000
2005	 6	28	24	0.00000	0.00000	0.00000
2005	 6	29	24	0.00000	0.00000	0.00000
2005	 6	30	24	0.00000	0.00000	0.00000
2005	 7	 1	24	0.00000	0.00000	0.00000
2005	 7	 2	24	0.00000	0.00000	0.00000
2005	 7	 3	24	0.00000	0.00000	0.00000
2005	 7	 4	24	0.00000	0.00000	0.00000
2005	 7	 5	24	0.00000	0.00000	0.00000
2005	 7	 6	24	0.00000	0.00000	0.00000
2005	 7	 7	24	0.00000	0.00000	0.00000
2005	 7	 8	24	0.00000	0.00000	0.00000
2005	 7	 9	24	0.00000	0.00000	0.00000
2005	 7	10	24	0.00000	0.00000	0.00000
2005	 7	11	24	0.00000	0.00000	0.00000
2005	 7	12	24	0.00000	0.00000	0.00000
2005	 7	13	24	0.00000	0.00000	0.00000
2005	 7	14	24	0.00000	0.00000	0.00000
2005	 7	15	24	0.00000	0.00000	0.00000
2005	 7	16	24	0.00000	0.00000	0.00000
2005	 7	17	24	0.00000	0.00000	0.00000
2005	 7	18	24	0.00000	0.00000	0.00000
2005	 7	19	24	0.00000	0.00000	0.00000
2005	 7	20	24	0.00000	0.00000	0.00000
2005	 7	21	24	0.00000	0.00000	0.00000
2005	 7	22	24	0.00000	0.00000	0.00000
2005	 7	23	24	0.00000	0.00000	0.00000
2005	 7	24	24	0.00000	0.00000	0.00000
2005	 7	25	24	0.00000	0.00000	0.00000
2005	 7	26	24	0.00000	0.00000	0.00000
2005	 7	27	24	0.00000	0.00000	0.00000
2005	 7	28	24	0.00000	0.00000	0.00000
2005	 7	29	24	0.00000	0.00000	0.00000
2005	 7	30	24	0.00000	0.00000	0.00000
2005	 7	31	24	0.00000	0.00000	0.00000
2005	 8	 1	24	0.00000	0.00000	0.00000
2005	 8	 2	24	0.00000	0.00000	0.00000
2005	 8	 3	24	0.00000	0.00000	0.00000
2005	 8	 4	24	0.00000	0.00000	0.00000
2005	 8	 5	24	0.00000	0.00000	0.00000
2005	 8	 6	24	0.00000	0.00000	0.00000
2005	 8	 7	24	0.00000	0.00000	0.00000
2005	 8	 8	24	0.00000	0.00000	0.00000
2005	 8	 9	24	0.00000	0.00000	0.00000
2005	 8	10	24	0.00000	0.00000	0.00000
2005	 8	11	24	0.00000	0.00000	0.00000
2005	 8	12	24	0.00000	0.00000	0.00000
2005	 8	13	24	0.00000	0.00000	0.00000
2005	 8	14	24	0.00000	0.00000	0.00000
2005	 8	15	24	0.00000	0.00000	0.00000
2005	 8	16	24	0.00000	0.00000	0.00000
2005	 8	17	24	0.00000	0.00000	0.00000
2005	 8	18	24	0.00000	0.00000	0.00000
2005	 8	19	24	0.00000	0.00000	0.00000
2005	 8	20	24	0.00000	0.00000	0.00000
2005	 8	21	24	0.00000	0.00000	0.00000
2005	 8	22	24	0.00000	0.00000	0.00000
2005	 8	23	24	0.00000	0.00000	0.00000
2005	 8	24	24	0.00000	0.00000	0.00000
2005	 8	25	24	0.00000	0.00000	0.00000
2005	 8	26	24	0.00000	0.00000	0.00000
2005	 8	27	24	0.00000	0.00000	0.00000
2005	 8	28	24	0.00000	0.00000	0.00000
2005	 8	29	24	0.00000	0.00000	0.00000
2005	 8	30	24	0.00000	0.00000	0.00000
2005	 8	31	24	0.00000	0.00000	0.00000
2005	 9	 1	24	0.00000	0.00000	0.00000
2005	 9	 2	24	0.00000	0.00000	0.00000
2005	 9	 3	24	0.00000	0.00000	0.00000
2005	 9	 4	24	0.00000	0.00000	0.00000
2005	 9	 5	24	0.00000	0.00000	0.00000
2005	 9	 6	24	0.00000	0.00000	0.00000
2005	 9	 7	24	0.00000	0.00000	0.00000
2005	 9	 8	24	0.00000	0.00000	0.00000
2005	 9	 9	24	0.00000	0.00000	0.00000
2005	 9	10	24	0.00000	0.00000	0.00000
2005	 9	11	24	0.00000	0.00000	0.00000
2005	 9	12	24	0.00000	0.00000	0.00000
2005	 9	13	24	0.00000	0.00000	0.00000
2005	 9	14	24	0.00000	0.00000	0.00000
2005	 9	15	24	0.00000	0.00000	0.00000
2005	 9	16	24	0.00000	0.00000	0.00000
2005	 9	17	24	0.00000	0.00000	0.00000
2005	 9	18	24	0.00000	0.00000	0.00000
2005	 9	19	24	0.00000	0.00000	0.00000
2005	 9	20	24	0.00000	0.00000	0.00000
2005	 9	21	24	0.00000	0.00000	0.00000
2005	 9	22	24	0.00000	0.00000	0.00000
2005	 9	23	24	0.00000	0.00000	0.00000
2005	 9	24	24	0.00000	0.00000	0.00000
2005	 9	25	24	0.00000	0.00000	0.00000
2005	 9	26	24	0.00000	0.00000	0.00000
2005	 9	27	24	0.00000	0.00000	0.00000
2005	 9	28	24	0.00000	0.00000	0.00000
2005	 9	29	24	0.00000	0.00000	0.00000
2005	 9	30	24	0.00000	0.00000	0.00000
2005	10	 1	24	0.00000	0.00000	0.00000
2005	10	 2	24	0.00000	0.00000	0.00000
2005	10	 3	24	0.00000	0.00000	0.00000
2005	10	 4	24	0.00000	0.00000	0.00000
2005	10	 5	24	0.00000	0.00000	0.00000
2005	10	 6	24	0.00000	0.00000	0.00000
2005	10	 7	24	0.00000	0.00000	0.00000
2005	10	 8	24	0.00000	0.00000	0.00000
2005	10	 9	24	0.00000	0.00000	0.00000
2005	10	10	24	0.00000	0.00000	0.00000
2005	10	11	24	0.00000	0.00000	0.00000
2005	10	12	24	0.00000	0.00000	0.00000
2005	10	13	24	0.00000	0.00000	0.00000
2005	10	14	24	0.00000	0.00000	0.00000
2005	10	15	24	0.00000	0.00000	0.00000
2005	10	16	24	0.00000	0.00000	0.00000
2005	10	17	24	0.00000	0.00000	0.00000
2005	10	18	24	0.00000	0.00000	0.00000
2005	10	19	24	0.00000	0.00000	0.00000
2005	10	20	24	0.00000	0.00000	0.00000
2005	10	21	24	0.00000	0.00000	0.00000
2005	10	22	24	0.00000	0.00000	0.00000
2005	10	23	24	0.00000	0.00000	0.00000
2005	10	24	24	0.00000	0.00000	0.00000
2005	10	25	24	0.00000	0.00000	0.00000
2005	10	26	24	0.00000	0.00000	0.00000
2005	10	27	24	0.00000	0.00000	0.00000
2005	10	28	24	0.00000	0.00000	0.00000
2005	10	29	24	0.00000	0.00000	0.00000
2005	10	30	24	0.00000	0.00000	0.00000
2005	10	31	24	0.00000	0.00000	0.00000
2005	11	 1	24	0.00000	0.00000	0.00000
2005	11	 2	24	0.00000	0.00000	0.00000
2005	11	 3	24	0.00000	0.00000	0.00000
2005	11	 4	24	0.00000	0.00000	0.00000
2005	11	 5	24	0.00000	0.00000	0.00000
2005	11	 6	24	0.00000	0.00000	0.00000
2005	11	 7	24	0.00000	0.00000	0.00000
2005	11	 8	24	0.00000	0.00000	0.00000
2005	11	 9	24	0.00000	0.00000	0.00000
2005	11	10	24	0.00000	0.00000	0.00000
2005	11	11	24	0.00000	0.00000	0.00000
2005	11	12	24	0.00000	0.00000	0.00000
2005	11	13	24	0.00000	0.00000	0.00000
2005	11	14	24	0.00000	0.00000	0.00000
2005	11	15	24	0.00000	0.00000	0.00000
2005	11	16	24	0.00000	0.00000	0.00000
2005	11	17	24	0.00082	0.00165	0.00111
2005	11	18	24	0.00736	0.00256	0.00566
2005	11	19	24	0.02550	0.00000	0.01650
2005	11	20	24	0.15860	0.04498	0.11848
2005	11	21	24	0.21579	0.05620	0.15944
2005	11	22	24	0.22106	0.00000	0.14300
2005	11	23	24	0.23356	0.00000	0.15109
2005	11	24	24	0.24384	0.00000	0.15774
2005	11	25	24	0.24875	0.00000	0.16091
2005	11	26	24	0.21834	0.00910	0.14445
2005	11	27	24	0.18356	0.00509	0.12054
2005	11	28	24	0.17736	0.00224	0.11552
2005	11	29	24	0.16610	0.02185	0.11516
2005	11	30	24	0.15988	0.03676	0.11640
2005	12	 1	24	0.15431	0.07325	0.12569
2005	12	 2	24	0.13171	0.00000	0.08520
2005	12	 3	24	0.14812	0.00000	0.09582
2005	12	 4	24	0.17374	0.04690	0.12895
2005	12	 5	24	0.16043	0.08883	0.13515
2005	12	 6	24	0.16083	0.16435	0.16207
2005	12	 7	24	0.15200	0.20167	0.16954
2005	12	 8	24	0.15180	0.25828	0.18940
2005	12	 9	24	0.15100	0.27310	0.19412
2005	12	10	24	0.13894	0.30761	0.19850
2005	12	11	24	0.13086	0.32439	0.19920
2005	12	12	24	0.12770	0.41851	0.23038
2005	12	13	24	0.12921	0.44787	0.24173
2005	12	14	24	0.13166	0.49212	0.25894
2005	12	15	24	0.16015	0.68001	0.34371
2005	12	16	24	0.16017	0.06368	0.12610
2005	12	17	24	0.04408	0.00072	0.02877
2005	12	18	24	0.03814	0.00072	0.02493
2005	12	19	24	0.10551	0.00063	0.06847
2005	12	20	24	0.28751	0.00156	0.18654
2005	12	21	24	0.34246	0.00908	0.22474
2005	12	22	24	0.44550	0.04101	0.30267
2005	12	23	24	0.53505	0.11318	0.38608
2005	12	24	24	0.57906	0.23366	0.45709
2005	12	25	24	0.59669	0.26690	0.48024
2005	12	26	24	0.58835	0.27057	0.47614
2005	12	27	24	0.46268	0.00271	0.30026
2005	12	28	24	0.16870	0.00027	0.10923
2005	12	29	24	0.10380	0.00002	0.06716
2005	12	30	24	0.13399	0.00000	0.08668
2005	12	31	24	0.16310	0.00000	0.10551
2006	 1	 1	24	0.20741	0.00380	0.13551
2006	 1	 2	24	0.24133	0.02276	0.16415
2006	 1	 3	24	0.26722	0.00284	0.17386
2006	 1	 4	24	0.24579	0.00000	0.15900
2006	 1	 5	24	0.24952	0.00000	0.16141
2006	 1	 6	24	0.26859	0.02070	0.18105
2006	 1	 7	24	0.27804	0.00949	0.18321
2006	 1	 8	24	0.27312	0.00476	0.17836
2006	 1	 9	24	0.29849	0.02077	0.20043
2006	 1	10	24	0.27692	0.07916	0.20709
2006	 1	11	24	0.29128	0.18128	0.25244
2006	 1	12	24	0.29253	0.21109	0.26377
2006	 1	13	24	0.29260	0.09553	0.22301
2006	 1	14	24	0.29297	0.13903	0.23861
2006	 1	15	24	0.22906	0.00562	0.15016
2006	 1	16	24	0.19019	0.00000	0.12303
2006	 1	17	24	0.16512	0.00000	0.10682
2006	 1	18	24	0.15189	0.00000	0.09826
2006	 1	19	24	0.08384	0.00000	0.05424
2006	 1	20	24	0.15122	0.08546	0.12800
2006	 1	21	24	0.23629	0.17118	0.21330
2006	 1	22	24	0.18044	0.15276	0.17066
2006	 1	23	24	0.17190	0.14073	0.16090
2006	 1	24	24	0.17753	0.14030	0.16439
2006	 1	25	24	0.17139	0.14077	0.16058
2006	 1	26	24	0.16226	0.14107	0.15478
2006	 1	27	24	0.16611	0.14113	0.15729
2006	 1	28	24	0.18933	0.21821	0.19953
2006	 1	29	24	0.19753	0.27285	0.22413
2006	 1	30	24	0.19907	0.32853	0.24478
2006	 1	31	24	0.19911	0.38964	0.26639
2006	 2	 1	24	0.22422	0.55306	0.34034
2006	 2	 2	24	0.21957	0.64111	0.36842
2006	 2	 3	24	0.20806	0.64291	0.36161
2006	 2	 4	24	0.04099	0.04699	0.04311
2006	 2	 5	24	0.02285	0.04054	0.02910
2006	 2	 6	24	0.03635	0.01866	0.03010
2006	 2	 7	24	0.15245	0.29835	0.20397
2006	 2	 8	24	0.17408	0.35779	0.23895
2006	 2	 9	24	0.20711	0.39329	0.27285
2006	 2	10	24	0.27400	0.05644	0.19718
2006	 2	11	24	0.30251	0.05042	0.21350
2006	 2	12	24	0.32641	0.02931	0.22150
2006	 2	13	24	0.34872	0.03841	0.23915
2006	 2	14	24	0.37998	0.09093	0.27791
2006	 2	15	24	0.38313	0.02514	0.25672
2006	 2	16	24	0.40105	0.08599	0.28980
2006	 2	17	24	0.40980	0.16859	0.32463
2006	 2	18	24	0.39695	0.22892	0.33761
2006	 2	19	24	0.37453	0.32193	0.35596
2006	 2	20	24	0.34791	0.37399	0.35712
2006	 2	21	24	0.32332	0.40852	0.35340
2006	 2	22	24	0.18078	0.03071	0.12779
2006	 2	23	24	0.15875	0.01321	0.10736
2006	 2	24	24	0.16610	0.04421	0.12306
2006	 2	25	24	0.15249	0.01591	0.10426
2006	 2	26	24	0.07318	0.00017	0.04740
2006	 2	27	24	0.07651	0.00001	0.04950
2006	 2	28	24	0.08282	0.00000	0.05358
2006	 3	 1	24	0.08954	0.00000	0.05792
2006	 3	 2	24	0.10192	0.00412	0.06738
2006	 3	 3	24	0.10772	0.00000	0.06968
2006	 3	 4	24	0.11273	0.00000	0.07293
2006	 3	 5	24	0.12636	0.01673	0.08765
2006	 3	 6	24	0.13656	0.02342	0.09661
2006	 3	 7	24	0.14290	0.02444	0.10107
2006	 3	 8	24	0.14218	0.00000	0.09198
2006	 3	 9	24	0.16417	0.02534	0.11515
2006	 3	10	24	0.18351	0.12801	0.16392
2006	 3	11	24	0.19821	0.12248	0.17147
2006	 3	12	24	0.13909	0.00055	0.09017
2006	 3	13	24	0.09721	0.00000	0.06288
2006	 3	14	24	0.08749	0.00000	0.05660
2006	 3	15	24	0.08628	0.00000	0.05581
2006	 3	16	24	0.10741	0.00000	0.06948
2006	 3	17	24	0.12077	0.00000	0.07813
2006	 3	18	24	0.14329	0.02300	0.10081
2006	 3	19	24	0.17231	0.10589	0.14885
2006	 3	20	24	0.19639	0.21334	0.20237
2006	 3	21	24	0.21730	0.30042	0.24665
2006	 3	22	24	0.21431	0.36721	0.26830
2006	 3	23	24	0.18862	0.43089	0.27417
2006	 3	24	24	0.18369	0.50907	0.29858
2006	 3	25	24	0.20507	0.67175	0.36986
2006	 3	26	24	0.23356	0.97634	0.49584
2006	 3	27	24	0.22524	0.97634	0.49046
2006	 3	28	24	0.21038	0.97634	0.48085
2006	 3	29	24	0.20663	0.97634	0.47842
2006	 3	30	24	0.20563	0.97634	0.47778
2006	 3	31	24	0.20397	0.97634	0.47670
2006	 4	 1	24	0.20145	0.97634	0.47507
2006	 4	 2	24	0.18575	0.97634	0.46491
2006	 4	 3	24	0.18171	0.97634	0.46230
2006	 4	 4	24	0.16127	0.97634	0.44908
2006	 4	 5	24	0.13421	0.97634	0.43157
2006	 4	 6	24	0.10839	0.97634	0.41487
2006	 4	 7	24	0.08192	0.97545	0.39743
2006	 4	 8	24	0.07038	0.97312	0.38915
2006	 4	 9	24	0.05827	0.96927	0.37995
2006	 4	10	24	0.05803	0.96831	0.37946
2006	 4	11	24	0.05382	0.96604	0.37594
2006	 4	12	24	0.04654	0.96351	0.37033
2006	 4	13	24	0.04572	0.95834	0.36797
2006	 4	14	24	0.04489	0.95278	0.36548
2006	 4	15	24	0.03565	0.93971	0.35488
2006	 4	16	24	0.03551	0.91872	0.34738
2006	 4	17	24	0.03502	0.87671	0.33223
2006	 4	18	24	0.01485	0.78973	0.28847
2006	 4	19	24	0.00072	0.64257	0.22737
2006	 4	20	24	0.00000	0.46536	0.16432
2006	 4	21	24	0.00000	0.28277	0.09985
2006	 4	22	24	0.00000	0.16000	0.05650
2006	 4	23	24	0.00000	0.03806	0.01344
2006	 4	24	24	0.00000	0.00086	0.00030
2006	 4	25	24	0.00000	0.00006	0.00002
2006	 4	26	24	0.00000	0.00000	0.00000
2006	 4	27	24	0.00000	0.00000	0.00000
2006	 4	28	24	0.00000	0.00000	0.00000
2006	 4	29	24	0.00000	0.00000	0.00000
