YY	MM	DD	HH	"1"	"2"	tot_average
snow_storage_in_mm___snow_model
--	--	--	--	0.6468891	0.3531109	1.0000
2000	 8	 1	24	0.000	0.000	0.000
2000	 8	 2	24	0.000	0.000	0.000
2000	 8	 3	24	0.000	0.000	0.000
2000	 8	 4	24	0.000	0.000	0.000
2000	 8	 5	24	0.000	0.000	0.000
2000	 8	 6	24	0.000	0.000	0.000
2000	 8	 7	24	0.000	0.000	0.000
2000	 8	 8	24	0.000	0.000	0.000
2000	 8	 9	24	0.000	0.000	0.000
2000	 8	10	24	0.000	0.000	0.000
2000	 8	11	24	0.000	0.000	0.000
2000	 8	12	24	0.000	0.000	0.000
2000	 8	13	24	0.000	0.000	0.000
2000	 8	14	24	0.000	0.000	0.000
2000	 8	15	24	0.000	0.000	0.000
2000	 8	16	24	0.000	0.000	0.000
2000	 8	17	24	0.000	0.000	0.000
2000	 8	18	24	0.000	0.000	0.000
2000	 8	19	24	0.000	0.000	0.000
2000	 8	20	24	0.000	0.000	0.000
2000	 8	21	24	0.000	0.000	0.000
2000	 8	22	24	0.000	0.000	0.000
2000	 8	23	24	0.000	0.000	0.000
2000	 8	24	24	0.000	0.000	0.000
2000	 8	25	24	0.000	0.000	0.000
2000	 8	26	24	0.000	0.000	0.000
2000	 8	27	24	0.000	0.000	0.000
2000	 8	28	24	0.000	0.000	0.000
2000	 8	29	24	0.000	0.000	0.000
2000	 8	30	24	0.000	0.000	0.000
2000	 8	31	24	0.000	0.000	0.000
2000	 9	 1	24	0.000	0.000	0.000
2000	 9	 2	24	0.000	0.000	0.000
2000	 9	 3	24	0.000	0.000	0.000
2000	 9	 4	24	0.000	0.000	0.000
2000	 9	 5	24	0.000	0.000	0.000
2000	 9	 6	24	0.000	0.000	0.000
2000	 9	 7	24	0.000	0.000	0.000
2000	 9	 8	24	0.000	0.000	0.000
2000	 9	 9	24	0.000	0.000	0.000
2000	 9	10	24	0.000	0.000	0.000
2000	 9	11	24	0.000	0.000	0.000
2000	 9	12	24	0.000	0.000	0.000
2000	 9	13	24	0.000	0.000	0.000
2000	 9	14	24	0.000	0.000	0.000
2000	 9	15	24	0.000	0.000	0.000
2000	 9	16	24	0.000	0.000	0.000
2000	 9	17	24	0.000	0.000	0.000
2000	 9	18	24	0.000	0.000	0.000
2000	 9	19	24	0.000	0.000	0.000
2000	 9	20	24	0.000	0.000	0.000
2000	 9	21	24	0.000	0.000	0.000
2000	 9	22	24	0.000	0.000	0.000
2000	 9	23	24	0.000	0.000	0.000
2000	 9	24	24	0.000	0.000	0.000
2000	 9	25	24	0.000	0.000	0.000
2000	 9	26	24	0.000	0.000	0.000
2000	 9	27	24	0.000	0.000	0.000
2000	 9	28	24	0.000	0.000	0.000
2000	 9	29	24	0.000	0.000	0.000
2000	 9	30	24	0.000	0.000	0.000
2000	10	 1	24	0.000	0.000	0.000
2000	10	 2	24	0.000	0.000	0.000
2000	10	 3	24	0.000	0.000	0.000
2000	10	 4	24	0.000	0.000	0.000
2000	10	 5	24	0.000	0.000	0.000
2000	10	 6	24	0.000	0.000	0.000
2000	10	 7	24	0.000	0.000	0.000
2000	10	 8	24	0.000	0.000	0.000
2000	10	 9	24	0.000	0.000	0.000
2000	10	10	24	0.000	0.000	0.000
2000	10	11	24	0.000	0.000	0.000
2000	10	12	24	0.000	0.000	0.000
2000	10	13	24	0.000	0.000	0.000
2000	10	14	24	0.000	0.000	0.000
2000	10	15	24	0.000	0.000	0.000
2000	10	16	24	0.000	0.000	0.000
2000	10	17	24	0.000	0.000	0.000
2000	10	18	24	0.000	0.000	0.000
2000	10	19	24	0.000	0.000	0.000
2000	10	20	24	0.000	0.000	0.000
2000	10	21	24	0.000	0.000	0.000
2000	10	22	24	0.000	0.000	0.000
2000	10	23	24	0.000	0.000	0.000
2000	10	24	24	0.000	0.000	0.000
2000	10	25	24	0.000	0.000	0.000
2000	10	26	24	0.000	0.000	0.000
2000	10	27	24	0.000	0.000	0.000
2000	10	28	24	0.000	0.000	0.000
2000	10	29	24	0.000	0.000	0.000
2000	10	30	24	0.000	0.000	0.000
2000	10	31	24	0.000	0.000	0.000
2000	11	 1	24	0.000	0.000	0.000
2000	11	 2	24	0.000	0.000	0.000
2000	11	 3	24	0.000	0.000	0.000
2000	11	 4	24	0.000	0.000	0.000
2000	11	 5	24	0.000	0.000	0.000
2000	11	 6	24	0.000	0.000	0.000
2000	11	 7	24	0.000	0.000	0.000
2000	11	 8	24	0.000	0.000	0.000
2000	11	 9	24	0.000	0.000	0.000
2000	11	10	24	0.000	0.000	0.000
2000	11	11	24	0.000	0.000	0.000
2000	11	12	24	0.000	0.000	0.000
2000	11	13	24	0.000	0.000	0.000
2000	11	14	24	0.000	0.000	0.000
2000	11	15	24	0.000	0.000	0.000
2000	11	16	24	0.000	0.000	0.000
2000	11	17	24	0.000	0.000	0.000
2000	11	18	24	0.000	0.000	0.000
2000	11	19	24	0.000	0.000	0.000
2000	11	20	24	0.000	0.000	0.000
2000	11	21	24	0.000	0.000	0.000
2000	11	22	24	0.000	0.000	0.000
2000	11	23	24	0.000	0.000	0.000
2000	11	24	24	0.000	0.000	0.000
2000	11	25	24	0.000	0.000	0.000
2000	11	26	24	0.000	0.000	0.000
2000	11	27	24	0.000	0.000	0.000
2000	11	28	24	0.000	0.000	0.000
2000	11	29	24	0.000	0.000	0.000
2000	11	30	24	0.000	0.000	0.000
2000	12	 1	24	0.000	0.000	0.000
2000	12	 2	24	0.000	0.000	0.000
2000	12	 3	24	0.000	0.000	0.000
2000	12	 4	24	0.000	0.000	0.000
2000	12	 5	24	0.000	0.000	0.000
2000	12	 6	24	0.000	0.000	0.000
2000	12	 7	24	0.000	0.000	0.000
2000	12	 8	24	0.000	0.000	0.000
2000	12	 9	24	0.000	0.000	0.000
2000	12	10	24	0.000	0.000	0.000
2000	12	11	24	0.000	0.000	0.000
2000	12	12	24	0.000	0.000	0.000
2000	12	13	24	0.000	0.000	0.000
2000	12	14	24	0.000	0.000	0.000
2000	12	15	24	0.011	0.437	0.161
2000	12	16	24	2.178	4.449	2.980
2000	12	17	24	1.750	4.394	2.684
2000	12	18	24	0.839	2.924	1.575
2000	12	19	24	0.401	1.705	0.862
2000	12	20	24	0.256	1.574	0.722
2000	12	21	24	0.235	1.466	0.670
2000	12	22	24	0.218	1.377	0.627
2000	12	23	24	0.189	1.281	0.575
2000	12	24	24	0.000	0.000	0.000
2000	12	25	24	0.313	1.090	0.587
2000	12	26	24	0.202	1.017	0.490
2000	12	27	24	0.082	0.864	0.358
2000	12	28	24	0.000	0.000	0.000
2000	12	29	24	0.057	0.237	0.121
2000	12	30	24	3.841	5.042	4.265
2000	12	31	24	3.991	6.567	4.900
2001	 1	 1	24	3.425	8.827	5.333
2001	 1	 2	24	3.304	10.859	5.972
2001	 1	 3	24	1.960	8.822	4.383
2001	 1	 4	24	1.665	8.389	4.039
2001	 1	 5	24	3.288	25.065	10.978
2001	 1	 6	24	1.685	17.680	7.333
2001	 1	 7	24	0.975	13.551	5.416
2001	 1	 8	24	0.635	11.159	4.351
2001	 1	 9	24	0.614	11.042	4.296
2001	 1	10	24	0.903	13.292	5.278
2001	 1	11	24	0.956	13.695	5.454
2001	 1	12	24	0.943	13.679	5.440
2001	 1	13	24	0.929	13.655	5.422
2001	 1	14	24	0.909	13.620	5.398
2001	 1	15	24	0.876	13.561	5.355
2001	 1	16	24	0.853	13.514	5.323
2001	 1	17	24	0.827	13.463	5.289
2001	 1	18	24	1.123	15.842	6.321
2001	 1	19	24	1.134	15.845	6.329
2001	 1	20	24	1.135	15.820	6.320
2001	 1	21	24	1.540	17.051	7.017
2001	 1	22	24	4.886	26.988	12.691
2001	 1	23	24	5.320	29.418	13.829
2001	 1	24	24	11.230	41.774	22.015
2001	 1	25	24	10.566	46.028	23.088
2001	 1	26	24	8.720	43.928	21.152
2001	 1	27	24	8.413	45.455	21.493
2001	 1	28	24	7.103	43.082	19.808
2001	 1	29	24	6.868	42.803	19.557
2001	 1	30	24	9.017	46.942	22.409
2001	 1	31	24	19.170	54.189	31.536
2001	 2	 1	24	30.997	64.584	42.857
2001	 2	 2	24	39.886	70.821	50.810
2001	 2	 3	24	49.737	79.218	60.147
2001	 2	 4	24	56.097	88.773	67.635
2001	 2	 5	24	47.087	82.531	59.602
2001	 2	 6	24	34.612	70.549	47.301
2001	 2	 7	24	21.715	59.385	35.016
2001	 2	 8	24	11.269	51.286	25.399
2001	 2	 9	24	7.065	43.625	19.975
2001	 2	10	24	6.251	41.778	18.796
2001	 2	11	24	4.557	36.952	15.996
2001	 2	12	24	1.780	24.698	9.872
2001	 2	13	24	1.048	20.143	7.791
2001	 2	14	24	0.606	16.182	6.106
2001	 2	15	24	0.007	5.801	2.053
2001	 2	16	24	0.000	0.048	0.017
2001	 2	17	24	0.092	0.209	0.133
2001	 2	18	24	0.641	1.943	1.101
2001	 2	19	24	1.091	4.668	2.354
2001	 2	20	24	0.835	5.172	2.366
2001	 2	21	24	1.905	11.378	5.250
2001	 2	22	24	38.625	62.134	46.926
2001	 2	23	24	61.221	77.682	67.034
2001	 2	24	24	63.869	78.089	68.890
2001	 2	25	24	64.045	78.045	68.988
2001	 2	26	24	65.301	78.674	70.023
2001	 2	27	24	63.093	78.592	68.566
2001	 2	28	24	59.900	78.546	66.484
2001	 3	 1	24	55.688	78.478	63.736
2001	 3	 2	24	52.693	78.509	61.809
2001	 3	 3	24	56.608	86.201	67.058
2001	 3	 4	24	57.458	92.187	69.721
2001	 3	 5	24	58.850	93.170	70.968
2001	 3	 6	24	55.579	92.574	68.642
2001	 3	 7	24	50.595	90.954	64.846
2001	 3	 8	24	48.357	94.317	64.586
2001	 3	 9	24	38.157	85.360	54.825
2001	 3	10	24	26.931	74.382	43.686
2001	 3	11	24	18.785	61.678	33.931
2001	 3	12	24	11.932	46.832	24.256
2001	 3	13	24	8.563	38.739	19.218
2001	 3	14	24	7.167	35.380	17.129
2001	 3	15	24	6.463	34.470	16.353
2001	 3	16	24	4.589	28.018	12.862
2001	 3	17	24	3.075	21.764	9.674
2001	 3	18	24	1.700	14.815	6.331
2001	 3	19	24	1.469	14.093	5.927
2001	 3	20	24	1.451	13.912	5.851
2001	 3	21	24	6.458	21.316	11.705
2001	 3	22	24	3.803	21.711	10.127
2001	 3	23	24	3.123	23.288	10.243
2001	 3	24	24	0.673	10.135	4.014
2001	 3	25	24	0.012	2.105	0.751
2001	 3	26	24	1.142	2.293	1.548
2001	 3	27	24	1.295	2.797	1.825
2001	 3	28	24	0.095	2.798	1.050
2001	 3	29	24	0.011	2.163	0.771
2001	 3	30	24	0.000	0.304	0.107
2001	 3	31	24	0.000	0.000	0.000
2001	 4	 1	24	0.000	0.000	0.000
2001	 4	 2	24	0.000	0.000	0.000
2001	 4	 3	24	0.000	0.000	0.000
2001	 4	 4	24	0.000	0.000	0.000
2001	 4	 5	24	0.000	0.000	0.000
2001	 4	 6	24	0.000	0.000	0.000
2001	 4	 7	24	0.000	0.000	0.000
2001	 4	 8	24	0.000	0.000	0.000
2001	 4	 9	24	0.000	0.000	0.000
2001	 4	10	24	0.000	0.000	0.000
2001	 4	11	24	0.000	0.000	0.000
2001	 4	12	24	0.000	0.000	0.000
2001	 4	13	24	7.580	10.713	8.686
2001	 4	14	24	7.904	14.207	10.130
2001	 4	15	24	7.136	18.848	11.272
2001	 4	16	24	3.791	14.604	7.609
2001	 4	17	24	2.378	11.298	5.528
2001	 4	18	24	1.251	7.806	3.565
2001	 4	19	24	0.292	3.067	1.272
2001	 4	20	24	0.026	0.493	0.191
2001	 4	21	24	0.256	1.079	0.547
2001	 4	22	24	0.024	0.154	0.070
2001	 4	23	24	0.000	0.000	0.000
2001	 4	24	24	0.000	0.000	0.000
2001	 4	25	24	0.000	0.000	0.000
2001	 4	26	24	0.000	0.000	0.000
2001	 4	27	24	0.000	0.000	0.000
2001	 4	28	24	0.000	0.000	0.000
2001	 4	29	24	0.000	0.000	0.000
2001	 4	30	24	0.000	0.000	0.000
2001	 5	 1	24	0.000	0.000	0.000
2001	 5	 2	24	0.000	0.000	0.000
2001	 5	 3	24	0.000	0.000	0.000
2001	 5	 4	24	0.000	0.000	0.000
2001	 5	 5	24	0.000	0.000	0.000
2001	 5	 6	24	0.000	0.000	0.000
2001	 5	 7	24	0.000	0.000	0.000
2001	 5	 8	24	0.000	0.000	0.000
2001	 5	 9	24	0.000	0.000	0.000
2001	 5	10	24	0.000	0.000	0.000
2001	 5	11	24	0.000	0.000	0.000
2001	 5	12	24	0.000	0.000	0.000
2001	 5	13	24	0.000	0.000	0.000
2001	 5	14	24	0.000	0.000	0.000
2001	 5	15	24	0.000	0.000	0.000
2001	 5	16	24	0.000	0.000	0.000
2001	 5	17	24	0.000	0.000	0.000
2001	 5	18	24	0.000	0.000	0.000
2001	 5	19	24	0.000	0.000	0.000
2001	 5	20	24	0.000	0.000	0.000
2001	 5	21	24	0.000	0.000	0.000
2001	 5	22	24	0.000	0.000	0.000
2001	 5	23	24	0.000	0.000	0.000
2001	 5	24	24	0.000	0.000	0.000
2001	 5	25	24	0.000	0.000	0.000
2001	 5	26	24	0.000	0.000	0.000
2001	 5	27	24	0.000	0.000	0.000
2001	 5	28	24	0.000	0.000	0.000
2001	 5	29	24	0.000	0.000	0.000
2001	 5	30	24	0.000	0.000	0.000
2001	 5	31	24	0.000	0.000	0.000
2001	 6	 1	24	0.000	0.000	0.000
2001	 6	 2	24	0.000	0.000	0.000
2001	 6	 3	24	0.000	0.000	0.000
2001	 6	 4	24	0.000	0.000	0.000
2001	 6	 5	24	0.000	0.000	0.000
2001	 6	 6	24	0.000	0.000	0.000
2001	 6	 7	24	0.000	0.000	0.000
2001	 6	 8	24	0.000	0.000	0.000
2001	 6	 9	24	0.000	0.000	0.000
2001	 6	10	24	0.000	0.000	0.000
2001	 6	11	24	0.000	0.000	0.000
2001	 6	12	24	0.000	0.000	0.000
2001	 6	13	24	0.000	0.000	0.000
2001	 6	14	24	0.000	0.000	0.000
2001	 6	15	24	0.000	0.000	0.000
2001	 6	16	24	0.000	0.000	0.000
2001	 6	17	24	0.000	0.000	0.000
2001	 6	18	24	0.000	0.000	0.000
2001	 6	19	24	0.000	0.000	0.000
2001	 6	20	24	0.000	0.000	0.000
2001	 6	21	24	0.000	0.000	0.000
2001	 6	22	24	0.000	0.000	0.000
2001	 6	23	24	0.000	0.000	0.000
2001	 6	24	24	0.000	0.000	0.000
2001	 6	25	24	0.000	0.000	0.000
2001	 6	26	24	0.000	0.000	0.000
2001	 6	27	24	0.000	0.000	0.000
2001	 6	28	24	0.000	0.000	0.000
2001	 6	29	24	0.000	0.000	0.000
2001	 6	30	24	0.000	0.000	0.000
2001	 7	 1	24	0.000	0.000	0.000
2001	 7	 2	24	0.000	0.000	0.000
2001	 7	 3	24	0.000	0.000	0.000
2001	 7	 4	24	0.000	0.000	0.000
2001	 7	 5	24	0.000	0.000	0.000
2001	 7	 6	24	0.000	0.000	0.000
2001	 7	 7	24	0.000	0.000	0.000
2001	 7	 8	24	0.000	0.000	0.000
2001	 7	 9	24	0.000	0.000	0.000
2001	 7	10	24	0.000	0.000	0.000
2001	 7	11	24	0.000	0.000	0.000
2001	 7	12	24	0.000	0.000	0.000
2001	 7	13	24	0.000	0.000	0.000
2001	 7	14	24	0.000	0.000	0.000
2001	 7	15	24	0.000	0.000	0.000
2001	 7	16	24	0.000	0.000	0.000
2001	 7	17	24	0.000	0.000	0.000
2001	 7	18	24	0.000	0.000	0.000
2001	 7	19	24	0.000	0.000	0.000
2001	 7	20	24	0.000	0.000	0.000
2001	 7	21	24	0.000	0.000	0.000
2001	 7	22	24	0.000	0.000	0.000
2001	 7	23	24	0.000	0.000	0.000
2001	 7	24	24	0.000	0.000	0.000
2001	 7	25	24	0.000	0.000	0.000
2001	 7	26	24	0.000	0.000	0.000
2001	 7	27	24	0.000	0.000	0.000
2001	 7	28	24	0.000	0.000	0.000
2001	 7	29	24	0.000	0.000	0.000
2001	 7	30	24	0.000	0.000	0.000
2001	 7	31	24	0.000	0.000	0.000
2001	 8	 1	24	0.000	0.000	0.000
2001	 8	 2	24	0.000	0.000	0.000
2001	 8	 3	24	0.000	0.000	0.000
2001	 8	 4	24	0.000	0.000	0.000
2001	 8	 5	24	0.000	0.000	0.000
2001	 8	 6	24	0.000	0.000	0.000
2001	 8	 7	24	0.000	0.000	0.000
2001	 8	 8	24	0.000	0.000	0.000
2001	 8	 9	24	0.000	0.000	0.000
2001	 8	10	24	0.000	0.000	0.000
2001	 8	11	24	0.000	0.000	0.000
2001	 8	12	24	0.000	0.000	0.000
2001	 8	13	24	0.000	0.000	0.000
2001	 8	14	24	0.000	0.000	0.000
2001	 8	15	24	0.000	0.000	0.000
2001	 8	16	24	0.000	0.000	0.000
2001	 8	17	24	0.000	0.000	0.000
2001	 8	18	24	0.000	0.000	0.000
2001	 8	19	24	0.000	0.000	0.000
2001	 8	20	24	0.000	0.000	0.000
2001	 8	21	24	0.000	0.000	0.000
2001	 8	22	24	0.000	0.000	0.000
2001	 8	23	24	0.000	0.000	0.000
2001	 8	24	24	0.000	0.000	0.000
2001	 8	25	24	0.000	0.000	0.000
2001	 8	26	24	0.000	0.000	0.000
2001	 8	27	24	0.000	0.000	0.000
2001	 8	28	24	0.000	0.000	0.000
2001	 8	29	24	0.000	0.000	0.000
2001	 8	30	24	0.000	0.000	0.000
2001	 8	31	24	0.000	0.000	0.000
2001	 9	 1	24	0.000	0.000	0.000
2001	 9	 2	24	0.000	0.000	0.000
2001	 9	 3	24	0.000	0.000	0.000
2001	 9	 4	24	0.000	0.000	0.000
2001	 9	 5	24	0.000	0.000	0.000
2001	 9	 6	24	0.000	0.000	0.000
2001	 9	 7	24	0.000	0.000	0.000
2001	 9	 8	24	0.000	0.000	0.000
2001	 9	 9	24	0.000	0.000	0.000
2001	 9	10	24	0.000	0.000	0.000
2001	 9	11	24	0.000	0.000	0.000
2001	 9	12	24	0.000	0.000	0.000
2001	 9	13	24	0.000	0.000	0.000
2001	 9	14	24	0.000	0.000	0.000
2001	 9	15	24	0.000	0.000	0.000
2001	 9	16	24	0.000	0.000	0.000
2001	 9	17	24	0.000	0.000	0.000
2001	 9	18	24	0.000	0.000	0.000
2001	 9	19	24	0.000	0.000	0.000
2001	 9	20	24	0.000	0.000	0.000
2001	 9	21	24	0.000	0.000	0.000
2001	 9	22	24	0.000	0.000	0.000
2001	 9	23	24	0.000	0.000	0.000
2001	 9	24	24	0.000	0.000	0.000
2001	 9	25	24	0.000	0.000	0.000
2001	 9	26	24	0.000	0.000	0.000
2001	 9	27	24	0.000	0.000	0.000
2001	 9	28	24	0.000	0.000	0.000
2001	 9	29	24	0.000	0.000	0.000
2001	 9	30	24	0.000	0.000	0.000
2001	10	 1	24	0.000	0.000	0.000
2001	10	 2	24	0.000	0.000	0.000
2001	10	 3	24	0.000	0.000	0.000
2001	10	 4	24	0.000	0.000	0.000
2001	10	 5	24	0.000	0.000	0.000
2001	10	 6	24	0.000	0.000	0.000
2001	10	 7	24	0.000	0.000	0.000
2001	10	 8	24	0.000	0.000	0.000
2001	10	 9	24	0.000	0.000	0.000
2001	10	10	24	0.000	0.000	0.000
2001	10	11	24	0.000	0.000	0.000
2001	10	12	24	0.000	0.000	0.000
2001	10	13	24	0.000	0.000	0.000
2001	10	14	24	0.000	0.000	0.000
2001	10	15	24	0.000	0.000	0.000
2001	10	16	24	0.000	0.000	0.000
2001	10	17	24	0.000	0.000	0.000
2001	10	18	24	0.000	0.000	0.000
2001	10	19	24	0.000	0.000	0.000
2001	10	20	24	0.000	0.000	0.000
2001	10	21	24	0.000	0.000	0.000
2001	10	22	24	0.000	0.000	0.000
2001	10	23	24	0.000	0.000	0.000
2001	10	24	24	0.000	0.000	0.000
2001	10	25	24	0.000	0.000	0.000
2001	10	26	24	0.000	0.000	0.000
2001	10	27	24	0.000	0.000	0.000
2001	10	28	24	0.000	0.000	0.000
2001	10	29	24	0.000	0.000	0.000
2001	10	30	24	0.000	0.000	0.000
2001	10	31	24	0.000	0.000	0.000
2001	11	 1	24	0.000	0.000	0.000
2001	11	 2	24	0.000	0.000	0.000
2001	11	 3	24	0.000	0.000	0.000
2001	11	 4	24	0.000	0.000	0.000
2001	11	 5	24	0.000	0.000	0.000
2001	11	 6	24	0.000	0.000	0.000
2001	11	 7	24	0.000	0.000	0.000
2001	11	 8	24	0.000	0.000	0.000
2001	11	 9	24	0.449	0.544	0.483
2001	11	10	24	0.000	0.003	0.001
2001	11	11	24	0.000	0.000	0.000
2001	11	12	24	0.000	0.000	0.000
2001	11	13	24	0.000	0.000	0.000
2001	11	14	24	0.000	0.000	0.000
2001	11	15	24	0.000	0.000	0.000
2001	11	16	24	0.000	0.000	0.000
2001	11	17	24	0.000	0.000	0.000
2001	11	18	24	0.000	0.000	0.000
2001	11	19	24	0.000	0.000	0.000
2001	11	20	24	0.000	0.000	0.000
2001	11	21	24	0.000	0.000	0.000
2001	11	22	24	1.223	14.461	5.897
2001	11	23	24	1.971	16.028	6.934
2001	11	24	24	1.562	15.989	6.657
2001	11	25	24	2.290	17.491	7.658
2001	11	26	24	1.060	13.452	5.436
2001	11	27	24	1.078	13.544	5.480
2001	11	28	24	1.619	17.971	7.393
2001	11	29	24	2.301	23.345	9.732
2001	11	30	24	2.070	22.862	9.412
2001	12	 1	24	2.091	23.413	9.620
2001	12	 2	24	1.759	21.775	8.827
2001	12	 3	24	1.447	19.950	7.981
2001	12	 4	24	5.477	27.703	13.325
2001	12	 5	24	4.085	36.470	15.521
2001	12	 6	24	4.187	40.553	17.028
2001	12	 7	24	3.977	39.383	16.479
2001	12	 8	24	3.976	39.382	16.478
2001	12	 9	24	3.925	39.359	16.437
2001	12	10	24	5.749	41.332	18.314
2001	12	11	24	10.670	45.202	22.863
2001	12	12	24	19.270	54.623	31.754
2001	12	13	24	20.075	54.682	32.295
2001	12	14	24	20.464	54.656	32.537
2001	12	15	24	24.946	55.484	35.729
2001	12	16	24	29.792	57.375	39.532
2001	12	17	24	32.220	58.924	41.650
2001	12	18	24	35.377	59.903	44.037
2001	12	19	24	44.722	70.060	53.669
2001	12	20	24	51.424	77.856	60.757
2001	12	21	24	84.067	106.522	91.996
2001	12	22	24	94.674	118.241	102.996
2001	12	23	24	96.139	119.181	104.275
2001	12	24	24	101.762	123.755	109.528
2001	12	25	24	99.557	131.230	110.741
2001	12	26	24	100.614	132.921	112.022
2001	12	27	24	111.750	145.318	123.603
2001	12	28	24	110.673	158.048	127.402
2001	12	29	24	123.707	168.400	139.489
2001	12	30	24	132.291	176.987	148.074
2001	12	31	24	137.871	179.703	152.643
2002	 1	 1	24	144.033	183.622	158.013
2002	 1	 2	24	149.416	193.486	164.977
2002	 1	 3	24	149.082	193.446	164.747
2002	 1	 4	24	147.788	193.401	163.894
2002	 1	 5	24	144.582	193.027	161.688
2002	 1	 6	24	147.326	196.528	164.700
2002	 1	 7	24	145.781	196.239	163.598
2002	 1	 8	24	144.460	196.239	162.744
2002	 1	 9	24	140.317	194.569	159.474
2002	 1	10	24	135.921	190.029	155.027
2002	 1	11	24	132.239	186.982	151.569
2002	 1	12	24	137.349	194.162	157.410
2002	 1	13	24	135.123	194.096	155.947
2002	 1	14	24	131.509	193.606	153.436
2002	 1	15	24	131.350	195.624	154.046
2002	 1	16	24	131.327	196.429	154.315
2002	 1	17	24	130.317	197.083	153.893
2002	 1	18	24	129.522	197.512	153.530
2002	 1	19	24	127.428	200.195	153.123
2002	 1	20	24	122.665	206.213	152.167
2002	 1	21	24	113.555	198.361	143.501
2002	 1	22	24	104.442	190.934	134.983
2002	 1	23	24	95.951	185.486	127.567
2002	 1	24	24	85.528	177.583	118.034
2002	 1	25	24	83.796	178.155	117.115
2002	 1	26	24	73.335	170.207	107.541
2002	 1	27	24	62.662	160.332	97.150
2002	 1	28	24	49.957	146.972	84.214
2002	 1	29	24	38.118	133.264	71.715
2002	 1	30	24	27.663	118.466	59.727
2002	 1	31	24	21.532	105.021	51.013
2002	 2	 1	24	17.233	94.145	44.391
2002	 2	 2	24	12.611	79.550	36.248
2002	 2	 3	24	9.600	69.490	30.748
2002	 2	 4	24	7.310	60.282	26.015
2002	 2	 5	24	5.062	49.412	20.723
2002	 2	 6	24	3.515	40.010	16.402
2002	 2	 7	24	2.870	35.713	14.467
2002	 2	 8	24	2.139	30.261	12.070
2002	 2	 9	24	0.917	18.607	7.163
2002	 2	10	24	0.545	14.519	5.479
2002	 2	11	24	0.066	6.848	2.461
2002	 2	12	24	0.000	0.671	0.237
2002	 2	13	24	0.000	0.201	0.071
2002	 2	14	24	0.000	0.171	0.060
2002	 2	15	24	0.000	0.030	0.011
2002	 2	16	24	0.000	0.000	0.000
2002	 2	17	24	0.000	0.000	0.000
2002	 2	18	24	0.000	0.000	0.000
2002	 2	19	24	1.680	8.973	4.255
2002	 2	20	24	1.883	16.576	7.071
2002	 2	21	24	7.398	23.088	12.938
2002	 2	22	24	26.391	39.738	31.104
2002	 2	23	24	29.994	51.339	37.531
2002	 2	24	24	31.642	55.733	40.149
2002	 2	25	24	39.475	69.887	50.214
2002	 2	26	24	28.363	60.525	39.720
2002	 2	27	24	19.799	54.782	32.152
2002	 2	28	24	12.726	50.000	25.888
2002	 3	 1	24	7.696	45.100	20.904
2002	 3	 2	24	7.041	44.518	20.275
2002	 3	 3	24	7.176	45.259	20.624
2002	 3	 4	24	5.721	42.462	18.694
2002	 3	 5	24	3.526	35.541	14.831
2002	 3	 6	24	1.295	24.496	9.488
2002	 3	 7	24	0.356	16.290	5.982
2002	 3	 8	24	0.046	10.002	3.562
2002	 3	 9	24	0.000	2.116	0.747
2002	 3	10	24	0.000	0.234	0.083
2002	 3	11	24	0.000	0.000	0.000
2002	 3	12	24	0.000	0.000	0.000
2002	 3	13	24	0.000	0.000	0.000
2002	 3	14	24	0.007	0.324	0.119
2002	 3	15	24	0.000	0.000	0.000
2002	 3	16	24	0.000	0.000	0.000
2002	 3	17	24	0.000	0.000	0.000
2002	 3	18	24	0.000	0.000	0.000
2002	 3	19	24	0.000	0.000	0.000
2002	 3	20	24	0.000	0.000	0.000
2002	 3	21	24	0.000	0.000	0.000
2002	 3	22	24	0.741	1.942	1.165
2002	 3	23	24	8.554	19.445	12.400
2002	 3	24	24	14.829	30.882	20.497
2002	 3	25	24	15.091	31.307	20.817
2002	 3	26	24	14.611	31.275	20.495
2002	 3	27	24	12.490	31.238	19.110
2002	 3	28	24	6.498	28.126	14.135
2002	 3	29	24	2.061	16.822	7.273
2002	 3	30	24	0.000	0.133	0.047
2002	 3	31	24	0.000	0.000	0.000
2002	 4	 1	24	0.000	0.000	0.000
2002	 4	 2	24	0.000	0.000	0.000
2002	 4	 3	24	0.000	0.000	0.000
2002	 4	 4	24	0.000	0.000	0.000
2002	 4	 5	24	0.000	0.000	0.000
2002	 4	 6	24	0.001	0.050	0.019
2002	 4	 7	24	0.000	0.000	0.000
2002	 4	 8	24	0.000	0.000	0.000
2002	 4	 9	24	0.000	0.000	0.000
2002	 4	10	24	0.000	0.000	0.000
2002	 4	11	24	0.000	0.000	0.000
2002	 4	12	24	0.000	0.000	0.000
2002	 4	13	24	0.000	0.000	0.000
2002	 4	14	24	0.000	0.000	0.000
2002	 4	15	24	0.000	0.000	0.000
2002	 4	16	24	0.000	0.000	0.000
2002	 4	17	24	0.000	0.000	0.000
2002	 4	18	24	0.000	0.000	0.000
2002	 4	19	24	0.000	0.000	0.000
2002	 4	20	24	0.000	0.000	0.000
2002	 4	21	24	0.000	0.000	0.000
2002	 4	22	24	0.000	0.000	0.000
2002	 4	23	24	0.000	0.000	0.000
2002	 4	24	24	0.000	0.000	0.000
2002	 4	25	24	0.000	0.000	0.000
2002	 4	26	24	0.000	0.000	0.000
2002	 4	27	24	0.000	0.000	0.000
2002	 4	28	24	0.000	0.000	0.000
2002	 4	29	24	0.000	0.000	0.000
2002	 4	30	24	0.000	0.000	0.000
2002	 5	 1	24	0.000	0.000	0.000
2002	 5	 2	24	0.000	0.000	0.000
2002	 5	 3	24	0.000	0.000	0.000
2002	 5	 4	24	0.000	0.000	0.000
2002	 5	 5	24	0.000	0.000	0.000
2002	 5	 6	24	0.000	0.000	0.000
2002	 5	 7	24	0.000	0.000	0.000
2002	 5	 8	24	0.000	0.000	0.000
2002	 5	 9	24	0.000	0.000	0.000
2002	 5	10	24	0.000	0.000	0.000
2002	 5	11	24	0.000	0.000	0.000
2002	 5	12	24	0.000	0.000	0.000
2002	 5	13	24	0.000	0.000	0.000
2002	 5	14	24	0.000	0.000	0.000
2002	 5	15	24	0.000	0.000	0.000
2002	 5	16	24	0.000	0.000	0.000
2002	 5	17	24	0.000	0.000	0.000
2002	 5	18	24	0.000	0.000	0.000
2002	 5	19	24	0.000	0.000	0.000
2002	 5	20	24	0.000	0.000	0.000
2002	 5	21	24	0.000	0.000	0.000
2002	 5	22	24	0.000	0.000	0.000
2002	 5	23	24	0.000	0.000	0.000
2002	 5	24	24	0.000	0.000	0.000
2002	 5	25	24	0.000	0.000	0.000
2002	 5	26	24	0.000	0.000	0.000
2002	 5	27	24	0.000	0.000	0.000
2002	 5	28	24	0.000	0.000	0.000
2002	 5	29	24	0.000	0.000	0.000
2002	 5	30	24	0.000	0.000	0.000
2002	 5	31	24	0.000	0.000	0.000
2002	 6	 1	24	0.000	0.000	0.000
2002	 6	 2	24	0.000	0.000	0.000
2002	 6	 3	24	0.000	0.000	0.000
2002	 6	 4	24	0.000	0.000	0.000
2002	 6	 5	24	0.000	0.000	0.000
2002	 6	 6	24	0.000	0.000	0.000
2002	 6	 7	24	0.000	0.000	0.000
2002	 6	 8	24	0.000	0.000	0.000
2002	 6	 9	24	0.000	0.000	0.000
2002	 6	10	24	0.000	0.000	0.000
2002	 6	11	24	0.000	0.000	0.000
2002	 6	12	24	0.000	0.000	0.000
2002	 6	13	24	0.000	0.000	0.000
2002	 6	14	24	0.000	0.000	0.000
2002	 6	15	24	0.000	0.000	0.000
2002	 6	16	24	0.000	0.000	0.000
2002	 6	17	24	0.000	0.000	0.000
2002	 6	18	24	0.000	0.000	0.000
2002	 6	19	24	0.000	0.000	0.000
2002	 6	20	24	0.000	0.000	0.000
2002	 6	21	24	0.000	0.000	0.000
2002	 6	22	24	0.000	0.000	0.000
2002	 6	23	24	0.000	0.000	0.000
2002	 6	24	24	0.000	0.000	0.000
2002	 6	25	24	0.000	0.000	0.000
2002	 6	26	24	0.000	0.000	0.000
2002	 6	27	24	0.000	0.000	0.000
2002	 6	28	24	0.000	0.000	0.000
2002	 6	29	24	0.000	0.000	0.000
2002	 6	30	24	0.000	0.000	0.000
2002	 7	 1	24	0.000	0.000	0.000
2002	 7	 2	24	0.000	0.000	0.000
2002	 7	 3	24	0.000	0.000	0.000
2002	 7	 4	24	0.000	0.000	0.000
2002	 7	 5	24	0.000	0.000	0.000
2002	 7	 6	24	0.000	0.000	0.000
2002	 7	 7	24	0.000	0.000	0.000
2002	 7	 8	24	0.000	0.000	0.000
2002	 7	 9	24	0.000	0.000	0.000
2002	 7	10	24	0.000	0.000	0.000
2002	 7	11	24	0.000	0.000	0.000
2002	 7	12	24	0.000	0.000	0.000
2002	 7	13	24	0.000	0.000	0.000
2002	 7	14	24	0.000	0.000	0.000
2002	 7	15	24	0.000	0.000	0.000
2002	 7	16	24	0.000	0.000	0.000
2002	 7	17	24	0.000	0.000	0.000
2002	 7	18	24	0.000	0.000	0.000
2002	 7	19	24	0.000	0.000	0.000
2002	 7	20	24	0.000	0.000	0.000
2002	 7	21	24	0.000	0.000	0.000
2002	 7	22	24	0.000	0.000	0.000
2002	 7	23	24	0.000	0.000	0.000
2002	 7	24	24	0.000	0.000	0.000
2002	 7	25	24	0.000	0.000	0.000
2002	 7	26	24	0.000	0.000	0.000
2002	 7	27	24	0.000	0.000	0.000
2002	 7	28	24	0.000	0.000	0.000
2002	 7	29	24	0.000	0.000	0.000
2002	 7	30	24	0.000	0.000	0.000
2002	 7	31	24	0.000	0.000	0.000
2002	 8	 1	24	0.000	0.000	0.000
2002	 8	 2	24	0.000	0.000	0.000
2002	 8	 3	24	0.000	0.000	0.000
2002	 8	 4	24	0.000	0.000	0.000
2002	 8	 5	24	0.000	0.000	0.000
2002	 8	 6	24	0.000	0.000	0.000
2002	 8	 7	24	0.000	0.000	0.000
2002	 8	 8	24	0.000	0.000	0.000
2002	 8	 9	24	0.000	0.000	0.000
2002	 8	10	24	0.000	0.000	0.000
2002	 8	11	24	0.000	0.000	0.000
2002	 8	12	24	0.000	0.000	0.000
2002	 8	13	24	0.000	0.000	0.000
2002	 8	14	24	0.000	0.000	0.000
2002	 8	15	24	0.000	0.000	0.000
2002	 8	16	24	0.000	0.000	0.000
2002	 8	17	24	0.000	0.000	0.000
2002	 8	18	24	0.000	0.000	0.000
2002	 8	19	24	0.000	0.000	0.000
2002	 8	20	24	0.000	0.000	0.000
2002	 8	21	24	0.000	0.000	0.000
2002	 8	22	24	0.000	0.000	0.000
2002	 8	23	24	0.000	0.000	0.000
2002	 8	24	24	0.000	0.000	0.000
2002	 8	25	24	0.000	0.000	0.000
2002	 8	26	24	0.000	0.000	0.000
2002	 8	27	24	0.000	0.000	0.000
2002	 8	28	24	0.000	0.000	0.000
2002	 8	29	24	0.000	0.000	0.000
2002	 8	30	24	0.000	0.000	0.000
2002	 8	31	24	0.000	0.000	0.000
2002	 9	 1	24	0.000	0.000	0.000
2002	 9	 2	24	0.000	0.000	0.000
2002	 9	 3	24	0.000	0.000	0.000
2002	 9	 4	24	0.000	0.000	0.000
2002	 9	 5	24	0.000	0.000	0.000
2002	 9	 6	24	0.000	0.000	0.000
2002	 9	 7	24	0.000	0.000	0.000
2002	 9	 8	24	0.000	0.000	0.000
2002	 9	 9	24	0.000	0.000	0.000
2002	 9	10	24	0.000	0.000	0.000
2002	 9	11	24	0.000	0.000	0.000
2002	 9	12	24	0.000	0.000	0.000
2002	 9	13	24	0.000	0.000	0.000
2002	 9	14	24	0.000	0.000	0.000
2002	 9	15	24	0.000	0.000	0.000
2002	 9	16	24	0.000	0.000	0.000
2002	 9	17	24	0.000	0.000	0.000
2002	 9	18	24	0.000	0.000	0.000
2002	 9	19	24	0.000	0.000	0.000
2002	 9	20	24	0.000	0.000	0.000
2002	 9	21	24	0.000	0.000	0.000
2002	 9	22	24	0.000	0.000	0.000
2002	 9	23	24	0.000	0.000	0.000
2002	 9	24	24	0.000	0.000	0.000
2002	 9	25	24	0.000	0.000	0.000
2002	 9	26	24	0.000	0.000	0.000
2002	 9	27	24	0.000	0.000	0.000
2002	 9	28	24	0.000	0.000	0.000
2002	 9	29	24	0.000	0.000	0.000
2002	 9	30	24	0.000	0.000	0.000
2002	10	 1	24	0.000	0.000	0.000
2002	10	 2	24	0.000	0.000	0.000
2002	10	 3	24	0.000	0.000	0.000
2002	10	 4	24	0.000	0.000	0.000
2002	10	 5	24	0.000	0.000	0.000
2002	10	 6	24	0.000	0.000	0.000
2002	10	 7	24	0.000	0.000	0.000
2002	10	 8	24	0.000	0.000	0.000
2002	10	 9	24	0.000	0.000	0.000
2002	10	10	24	0.000	0.000	0.000
2002	10	11	24	0.000	0.000	0.000
2002	10	12	24	0.000	0.000	0.000
2002	10	13	24	0.000	0.000	0.000
2002	10	14	24	0.000	0.000	0.000
2002	10	15	24	0.000	0.000	0.000
2002	10	16	24	0.000	0.000	0.000
2002	10	17	24	0.000	0.000	0.000
2002	10	18	24	0.000	0.000	0.000
2002	10	19	24	0.000	0.000	0.000
2002	10	20	24	0.000	0.000	0.000
2002	10	21	24	0.000	0.000	0.000
2002	10	22	24	0.000	0.000	0.000
2002	10	23	24	0.000	0.000	0.000
2002	10	24	24	0.000	0.000	0.000
2002	10	25	24	0.000	0.000	0.000
2002	10	26	24	0.000	0.000	0.000
2002	10	27	24	0.000	0.000	0.000
2002	10	28	24	0.000	0.000	0.000
2002	10	29	24	0.000	0.000	0.000
2002	10	30	24	0.000	0.000	0.000
2002	10	31	24	0.000	0.000	0.000
2002	11	 1	24	0.000	0.000	0.000
2002	11	 2	24	0.000	0.000	0.000
2002	11	 3	24	4.502	17.966	9.257
2002	11	 4	24	4.007	18.554	9.144
2002	11	 5	24	3.718	18.554	8.956
2002	11	 6	24	3.327	18.798	8.790
2002	11	 7	24	4.674	22.093	10.825
2002	11	 8	24	9.726	49.216	23.670
2002	11	 9	24	11.789	69.544	32.183
2002	11	10	24	12.507	74.562	34.419
2002	11	11	24	11.714	77.508	34.947
2002	11	12	24	8.663	68.386	29.752
2002	11	13	24	6.479	61.065	25.754
2002	11	14	24	4.887	55.099	22.617
2002	11	15	24	2.615	42.751	16.787
2002	11	16	24	0.569	25.637	9.421
2002	11	17	24	0.035	13.572	4.815
2002	11	18	24	0.000	5.071	1.791
2002	11	19	24	0.000	1.793	0.633
2002	11	20	24	0.000	1.149	0.406
2002	11	21	24	0.000	0.378	0.133
2002	11	22	24	0.000	0.003	0.001
2002	11	23	24	0.000	0.000	0.000
2002	11	24	24	0.000	0.000	0.000
2002	11	25	24	0.000	0.000	0.000
2002	11	26	24	0.000	0.000	0.000
2002	11	27	24	0.000	0.000	0.000
2002	11	28	24	0.000	0.000	0.000
2002	11	29	24	0.000	0.000	0.000
2002	11	30	24	0.133	1.974	0.783
2002	12	 1	24	0.000	0.000	0.000
2002	12	 2	24	0.000	0.000	0.000
2002	12	 3	24	0.000	0.000	0.000
2002	12	 4	24	0.000	0.000	0.000
2002	12	 5	24	0.000	0.000	0.000
2002	12	 6	24	0.111	0.762	0.341
2002	12	 7	24	0.102	0.742	0.328
2002	12	 8	24	0.057	0.716	0.289
2002	12	 9	24	0.037	0.619	0.243
2002	12	10	24	0.020	0.520	0.196
2002	12	11	24	0.013	0.468	0.174
2002	12	12	24	0.275	1.893	0.846
2002	12	13	24	0.280	2.604	1.101
2002	12	14	24	0.473	3.260	1.457
2002	12	15	24	1.555	5.298	2.877
2002	12	16	24	5.304	7.792	6.183
2002	12	17	24	7.172	9.666	8.052
2002	12	18	24	9.747	11.292	10.293
2002	12	19	24	8.946	11.292	9.775
2002	12	20	24	6.945	11.292	8.480
2002	12	21	24	5.697	11.292	7.673
2002	12	22	24	32.781	38.882	34.935
2002	12	23	24	32.304	38.882	34.627
2002	12	24	24	34.130	39.604	36.063
2002	12	25	24	32.760	40.064	35.339
2002	12	26	24	33.048	42.969	36.551
2002	12	27	24	30.337	43.857	35.111
2002	12	28	24	26.577	44.503	32.907
2002	12	29	24	21.125	48.151	30.668
2002	12	30	24	23.499	51.900	33.528
2002	12	31	24	25.167	53.950	35.331
2003	 1	 1	24	31.521	60.031	41.588
2003	 1	 2	24	21.858	51.650	32.378
2003	 1	 3	24	15.738	44.680	25.958
2003	 1	 4	24	18.338	45.659	27.985
2003	 1	 5	24	19.380	46.425	28.930
2003	 1	 6	24	23.013	49.908	32.510
2003	 1	 7	24	23.486	50.063	32.871
2003	 1	 8	24	23.419	50.026	32.815
2003	 1	 9	24	23.245	49.815	32.627
2003	 1	10	24	25.524	50.483	34.337
2003	 1	11	24	26.602	51.286	35.318
2003	 1	12	24	28.359	51.549	36.548
2003	 1	13	24	39.475	66.692	49.086
2003	 1	14	24	33.469	64.940	44.582
2003	 1	15	24	28.857	63.017	40.919
2003	 1	16	24	24.353	61.608	37.508
2003	 1	17	24	20.456	59.556	34.262
2003	 1	18	24	18.155	58.234	32.307
2003	 1	19	24	16.956	58.988	31.798
2003	 1	20	24	15.169	57.929	30.268
2003	 1	21	24	14.854	59.619	30.661
2003	 1	22	24	14.090	59.585	30.155
2003	 1	23	24	14.668	66.083	32.823
2003	 1	24	24	14.606	67.577	33.311
2003	 1	25	24	14.570	68.348	33.559
2003	 1	26	24	14.398	68.897	33.642
2003	 1	27	24	12.296	65.403	31.049
2003	 1	28	24	11.546	70.171	32.247
2003	 1	29	24	13.629	76.154	35.707
2003	 1	30	24	15.075	77.685	37.183
2003	 1	31	24	17.760	78.279	39.130
2003	 2	 1	24	17.659	78.508	39.145
2003	 2	 2	24	24.979	83.433	45.620
2003	 2	 3	24	25.149	88.842	47.639
2003	 2	 4	24	22.648	88.809	46.010
2003	 2	 5	24	20.448	89.743	44.917
2003	 2	 6	24	23.757	93.355	48.333
2003	 2	 7	24	27.113	95.381	51.219
2003	 2	 8	24	29.752	98.304	53.959
2003	 2	 9	24	29.637	98.291	53.879
2003	 2	10	24	28.755	98.269	53.301
2003	 2	11	24	27.292	98.260	52.352
2003	 2	12	24	25.111	98.236	50.932
2003	 2	13	24	22.822	98.023	49.376
2003	 2	14	24	20.485	97.081	47.532
2003	 2	15	24	25.445	99.380	51.552
2003	 2	16	24	25.619	99.331	51.647
2003	 2	17	24	25.323	99.316	51.451
2003	 2	18	24	25.314	99.531	51.521
2003	 2	19	24	25.221	99.501	51.450
2003	 2	20	24	22.137	98.979	49.271
2003	 2	21	24	18.474	96.397	45.989
2003	 2	22	24	16.353	94.724	44.027
2003	 2	23	24	14.848	92.428	42.243
2003	 2	24	24	12.820	87.238	39.098
2003	 2	25	24	10.506	80.601	35.257
2003	 2	26	24	8.842	76.013	32.561
2003	 2	27	24	7.093	70.062	29.328
2003	 2	28	24	4.723	59.331	24.006
2003	 3	 1	24	2.722	48.141	18.760
2003	 3	 2	24	1.861	42.438	16.190
2003	 3	 3	24	1.337	37.930	14.258
2003	 3	 4	24	1.147	36.168	13.514
2003	 3	 5	24	0.896	33.665	12.467
2003	 3	 6	24	1.123	36.823	13.729
2003	 3	 7	24	1.509	39.084	14.777
2003	 3	 8	24	0.877	35.233	13.009
2003	 3	 9	24	0.494	29.869	10.867
2003	 3	10	24	0.027	16.272	5.763
2003	 3	11	24	0.000	5.414	1.912
2003	 3	12	24	0.000	3.363	1.188
2003	 3	13	24	0.000	2.970	1.049
2003	 3	14	24	0.013	2.883	1.026
2003	 3	15	24	0.000	2.323	0.820
2003	 3	16	24	0.000	1.157	0.409
2003	 3	17	24	0.000	0.740	0.261
2003	 3	18	24	0.000	0.302	0.107
2003	 3	19	24	0.000	0.011	0.004
2003	 3	20	24	0.000	0.011	0.004
2003	 3	21	24	0.000	0.000	0.000
2003	 3	22	24	0.000	0.000	0.000
2003	 3	23	24	0.000	0.000	0.000
2003	 3	24	24	0.000	0.000	0.000
2003	 3	25	24	0.000	0.000	0.000
2003	 3	26	24	0.000	0.000	0.000
2003	 3	27	24	0.000	0.000	0.000
2003	 3	28	24	0.000	0.000	0.000
2003	 3	29	24	0.000	0.000	0.000
2003	 3	30	24	0.000	0.000	0.000
2003	 3	31	24	0.000	0.000	0.000
2003	 4	 1	24	0.000	0.000	0.000
2003	 4	 2	24	0.000	0.000	0.000
2003	 4	 3	24	0.000	0.000	0.000
2003	 4	 4	24	0.000	0.000	0.000
2003	 4	 5	24	0.000	0.000	0.000
2003	 4	 6	24	1.040	3.955	2.069
2003	 4	 7	24	3.084	8.256	4.910
2003	 4	 8	24	2.282	8.250	4.389
2003	 4	 9	24	1.599	8.156	3.914
2003	 4	10	24	0.530	5.309	2.217
2003	 4	11	24	0.114	3.366	1.263
2003	 4	12	24	0.000	0.000	0.000
2003	 4	13	24	0.000	0.000	0.000
2003	 4	14	24	0.000	0.000	0.000
2003	 4	15	24	0.000	0.000	0.000
2003	 4	16	24	0.000	0.000	0.000
2003	 4	17	24	0.000	0.000	0.000
2003	 4	18	24	0.373	3.162	1.358
2003	 4	19	24	0.000	0.000	0.000
2003	 4	20	24	0.000	0.000	0.000
2003	 4	21	24	0.000	0.000	0.000
2003	 4	22	24	0.000	0.000	0.000
2003	 4	23	24	0.000	0.000	0.000
2003	 4	24	24	0.000	0.000	0.000
2003	 4	25	24	0.000	0.000	0.000
2003	 4	26	24	0.000	0.000	0.000
2003	 4	27	24	0.000	0.000	0.000
2003	 4	28	24	0.000	0.000	0.000
2003	 4	29	24	0.000	0.000	0.000
2003	 4	30	24	0.000	0.000	0.000
2003	 5	 1	24	0.000	0.000	0.000
2003	 5	 2	24	0.000	0.000	0.000
2003	 5	 3	24	0.000	0.000	0.000
2003	 5	 4	24	0.000	0.000	0.000
2003	 5	 5	24	0.000	0.000	0.000
2003	 5	 6	24	0.000	0.000	0.000
2003	 5	 7	24	0.000	0.000	0.000
2003	 5	 8	24	0.000	0.000	0.000
2003	 5	 9	24	0.000	0.000	0.000
2003	 5	10	24	0.000	0.000	0.000
2003	 5	11	24	0.000	0.000	0.000
2003	 5	12	24	0.000	0.000	0.000
2003	 5	13	24	0.000	0.000	0.000
2003	 5	14	24	0.000	0.000	0.000
2003	 5	15	24	0.000	0.000	0.000
2003	 5	16	24	0.000	0.000	0.000
2003	 5	17	24	0.000	0.000	0.000
2003	 5	18	24	0.000	0.000	0.000
2003	 5	19	24	0.000	0.000	0.000
2003	 5	20	24	0.000	0.000	0.000
2003	 5	21	24	0.000	0.000	0.000
2003	 5	22	24	0.000	0.000	0.000
2003	 5	23	24	0.000	0.000	0.000
2003	 5	24	24	0.000	0.000	0.000
2003	 5	25	24	0.000	0.000	0.000
2003	 5	26	24	0.000	0.000	0.000
2003	 5	27	24	0.000	0.000	0.000
2003	 5	28	24	0.000	0.000	0.000
2003	 5	29	24	0.000	0.000	0.000
2003	 5	30	24	0.000	0.000	0.000
2003	 5	31	24	0.000	0.000	0.000
2003	 6	 1	24	0.000	0.000	0.000
2003	 6	 2	24	0.000	0.000	0.000
2003	 6	 3	24	0.000	0.000	0.000
2003	 6	 4	24	0.000	0.000	0.000
2003	 6	 5	24	0.000	0.000	0.000
2003	 6	 6	24	0.000	0.000	0.000
2003	 6	 7	24	0.000	0.000	0.000
2003	 6	 8	24	0.000	0.000	0.000
2003	 6	 9	24	0.000	0.000	0.000
2003	 6	10	24	0.000	0.000	0.000
2003	 6	11	24	0.000	0.000	0.000
2003	 6	12	24	0.000	0.000	0.000
2003	 6	13	24	0.000	0.000	0.000
2003	 6	14	24	0.000	0.000	0.000
2003	 6	15	24	0.000	0.000	0.000
2003	 6	16	24	0.000	0.000	0.000
2003	 6	17	24	0.000	0.000	0.000
2003	 6	18	24	0.000	0.000	0.000
2003	 6	19	24	0.000	0.000	0.000
2003	 6	20	24	0.000	0.000	0.000
2003	 6	21	24	0.000	0.000	0.000
2003	 6	22	24	0.000	0.000	0.000
2003	 6	23	24	0.000	0.000	0.000
2003	 6	24	24	0.000	0.000	0.000
2003	 6	25	24	0.000	0.000	0.000
2003	 6	26	24	0.000	0.000	0.000
2003	 6	27	24	0.000	0.000	0.000
2003	 6	28	24	0.000	0.000	0.000
2003	 6	29	24	0.000	0.000	0.000
2003	 6	30	24	0.000	0.000	0.000
2003	 7	 1	24	0.000	0.000	0.000
2003	 7	 2	24	0.000	0.000	0.000
2003	 7	 3	24	0.000	0.000	0.000
2003	 7	 4	24	0.000	0.000	0.000
2003	 7	 5	24	0.000	0.000	0.000
2003	 7	 6	24	0.000	0.000	0.000
2003	 7	 7	24	0.000	0.000	0.000
2003	 7	 8	24	0.000	0.000	0.000
2003	 7	 9	24	0.000	0.000	0.000
2003	 7	10	24	0.000	0.000	0.000
2003	 7	11	24	0.000	0.000	0.000
2003	 7	12	24	0.000	0.000	0.000
2003	 7	13	24	0.000	0.000	0.000
2003	 7	14	24	0.000	0.000	0.000
2003	 7	15	24	0.000	0.000	0.000
2003	 7	16	24	0.000	0.000	0.000
2003	 7	17	24	0.000	0.000	0.000
2003	 7	18	24	0.000	0.000	0.000
2003	 7	19	24	0.000	0.000	0.000
2003	 7	20	24	0.000	0.000	0.000
2003	 7	21	24	0.000	0.000	0.000
2003	 7	22	24	0.000	0.000	0.000
2003	 7	23	24	0.000	0.000	0.000
2003	 7	24	24	0.000	0.000	0.000
2003	 7	25	24	0.000	0.000	0.000
2003	 7	26	24	0.000	0.000	0.000
2003	 7	27	24	0.000	0.000	0.000
2003	 7	28	24	0.000	0.000	0.000
2003	 7	29	24	0.000	0.000	0.000
2003	 7	30	24	0.000	0.000	0.000
2003	 7	31	24	0.000	0.000	0.000
2003	 8	 1	24	0.000	0.000	0.000
2003	 8	 2	24	0.000	0.000	0.000
2003	 8	 3	24	0.000	0.000	0.000
2003	 8	 4	24	0.000	0.000	0.000
2003	 8	 5	24	0.000	0.000	0.000
2003	 8	 6	24	0.000	0.000	0.000
2003	 8	 7	24	0.000	0.000	0.000
2003	 8	 8	24	0.000	0.000	0.000
2003	 8	 9	24	0.000	0.000	0.000
2003	 8	10	24	0.000	0.000	0.000
2003	 8	11	24	0.000	0.000	0.000
2003	 8	12	24	0.000	0.000	0.000
2003	 8	13	24	0.000	0.000	0.000
2003	 8	14	24	0.000	0.000	0.000
2003	 8	15	24	0.000	0.000	0.000
2003	 8	16	24	0.000	0.000	0.000
2003	 8	17	24	0.000	0.000	0.000
2003	 8	18	24	0.000	0.000	0.000
2003	 8	19	24	0.000	0.000	0.000
2003	 8	20	24	0.000	0.000	0.000
2003	 8	21	24	0.000	0.000	0.000
2003	 8	22	24	0.000	0.000	0.000
2003	 8	23	24	0.000	0.000	0.000
2003	 8	24	24	0.000	0.000	0.000
2003	 8	25	24	0.000	0.000	0.000
2003	 8	26	24	0.000	0.000	0.000
2003	 8	27	24	0.000	0.000	0.000
2003	 8	28	24	0.000	0.000	0.000
2003	 8	29	24	0.000	0.000	0.000
2003	 8	30	24	0.000	0.000	0.000
2003	 8	31	24	0.000	0.000	0.000
2003	 9	 1	24	0.000	0.000	0.000
2003	 9	 2	24	0.000	0.000	0.000
2003	 9	 3	24	0.000	0.000	0.000
2003	 9	 4	24	0.000	0.000	0.000
2003	 9	 5	24	0.000	0.000	0.000
2003	 9	 6	24	0.000	0.000	0.000
2003	 9	 7	24	0.000	0.000	0.000
2003	 9	 8	24	0.000	0.000	0.000
2003	 9	 9	24	0.000	0.000	0.000
2003	 9	10	24	0.000	0.000	0.000
2003	 9	11	24	0.000	0.000	0.000
2003	 9	12	24	0.000	0.000	0.000
2003	 9	13	24	0.000	0.000	0.000
2003	 9	14	24	0.000	0.000	0.000
2003	 9	15	24	0.000	0.000	0.000
2003	 9	16	24	0.000	0.000	0.000
2003	 9	17	24	0.000	0.000	0.000
2003	 9	18	24	0.000	0.000	0.000
2003	 9	19	24	0.000	0.000	0.000
2003	 9	20	24	0.000	0.000	0.000
2003	 9	21	24	0.000	0.000	0.000
2003	 9	22	24	0.000	0.000	0.000
2003	 9	23	24	0.000	0.000	0.000
2003	 9	24	24	0.000	0.000	0.000
2003	 9	25	24	0.000	0.000	0.000
2003	 9	26	24	0.000	0.000	0.000
2003	 9	27	24	0.000	0.000	0.000
2003	 9	28	24	0.000	0.000	0.000
2003	 9	29	24	0.000	0.000	0.000
2003	 9	30	24	0.000	0.000	0.000
2003	10	 1	24	0.000	0.000	0.000
2003	10	 2	24	0.000	0.000	0.000
2003	10	 3	24	0.000	0.000	0.000
2003	10	 4	24	0.000	0.000	0.000
2003	10	 5	24	0.000	0.000	0.000
2003	10	 6	24	0.000	0.000	0.000
2003	10	 7	24	0.000	0.000	0.000
2003	10	 8	24	0.000	0.000	0.000
2003	10	 9	24	0.000	0.000	0.000
2003	10	10	24	0.000	0.000	0.000
2003	10	11	24	0.000	0.000	0.000
2003	10	12	24	0.000	0.000	0.000
2003	10	13	24	0.000	0.000	0.000
2003	10	14	24	0.000	0.000	0.000
2003	10	15	24	0.000	0.000	0.000
2003	10	16	24	0.000	0.000	0.000
2003	10	17	24	0.000	0.000	0.000
2003	10	18	24	0.000	0.000	0.000
2003	10	19	24	0.000	0.000	0.000
2003	10	20	24	0.000	0.000	0.000
2003	10	21	24	0.236	2.325	0.974
2003	10	22	24	0.150	2.274	0.900
2003	10	23	24	0.097	2.171	0.829
2003	10	24	24	0.122	2.221	0.863
2003	10	25	24	0.024	1.571	0.571
2003	10	26	24	0.000	0.037	0.013
2003	10	27	24	0.000	0.000	0.000
2003	10	28	24	0.000	0.000	0.000
2003	10	29	24	1.153	4.924	2.485
2003	10	30	24	0.070	2.488	0.924
2003	10	31	24	0.000	0.000	0.000
2003	11	 1	24	0.000	0.000	0.000
2003	11	 2	24	0.000	0.000	0.000
2003	11	 3	24	0.000	0.000	0.000
2003	11	 4	24	0.000	0.000	0.000
2003	11	 5	24	0.000	0.000	0.000
2003	11	 6	24	0.000	0.000	0.000
2003	11	 7	24	0.000	0.000	0.000
2003	11	 8	24	0.000	0.000	0.000
2003	11	 9	24	0.000	0.000	0.000
2003	11	10	24	0.000	0.000	0.000
2003	11	11	24	0.000	0.000	0.000
2003	11	12	24	0.000	0.000	0.000
2003	11	13	24	0.000	0.000	0.000
2003	11	14	24	0.000	0.000	0.000
2003	11	15	24	0.000	0.000	0.000
2003	11	16	24	0.000	0.096	0.034
2003	11	17	24	0.000	0.000	0.000
2003	11	18	24	0.000	0.000	0.000
2003	11	19	24	0.000	0.000	0.000
2003	11	20	24	0.000	0.000	0.000
2003	11	21	24	0.000	0.000	0.000
2003	11	22	24	0.000	0.000	0.000
2003	11	23	24	0.000	0.000	0.000
2003	11	24	24	0.000	0.000	0.000
2003	11	25	24	0.000	0.000	0.000
2003	11	26	24	0.000	0.000	0.000
2003	11	27	24	0.000	0.000	0.000
2003	11	28	24	0.000	0.000	0.000
2003	11	29	24	0.000	0.000	0.000
2003	11	30	24	0.000	0.000	0.000
2003	12	 1	24	0.000	0.000	0.000
2003	12	 2	24	0.000	0.000	0.000
2003	12	 3	24	0.000	0.000	0.000
2003	12	 4	24	0.000	0.000	0.000
2003	12	 5	24	0.096	2.510	0.948
2003	12	 6	24	0.600	7.124	2.904
2003	12	 7	24	0.331	6.743	2.595
2003	12	 8	24	0.075	4.409	1.606
2003	12	 9	24	0.000	1.834	0.648
2003	12	10	24	0.000	0.860	0.304
2003	12	11	24	0.000	0.374	0.132
2003	12	12	24	0.445	3.555	1.543
2003	12	13	24	0.000	0.003	0.001
2003	12	14	24	0.000	0.000	0.000
2003	12	15	24	7.148	8.118	7.490
2003	12	16	24	10.341	10.486	10.392
2003	12	17	24	7.223	10.611	8.419
2003	12	18	24	1.970	6.348	3.516
2003	12	19	24	0.276	2.633	1.108
2003	12	20	24	0.000	0.000	0.000
2003	12	21	24	0.000	0.000	0.000
2003	12	22	24	9.744	10.213	9.910
2003	12	23	24	6.342	10.145	7.685
2003	12	24	24	3.625	10.039	5.890
2003	12	25	24	1.187	8.964	3.933
2003	12	26	24	0.433	6.908	2.719
2003	12	27	24	0.345	6.769	2.614
2003	12	28	24	0.201	5.879	2.206
2003	12	29	24	0.119	5.088	1.874
2003	12	30	24	0.092	5.028	1.835
2003	12	31	24	1.412	7.072	3.411
2004	 1	 1	24	0.844	7.227	3.098
2004	 1	 2	24	3.830	9.419	5.804
2004	 1	 3	24	5.274	11.049	7.313
2004	 1	 4	24	18.243	23.922	20.248
2004	 1	 5	24	18.718	23.863	20.535
2004	 1	 6	24	43.248	51.586	46.192
2004	 1	 7	24	40.278	52.815	44.705
2004	 1	 8	24	37.315	53.331	42.970
2004	 1	 9	24	41.599	59.820	48.033
2004	 1	10	24	44.098	74.152	54.710
2004	 1	11	24	42.021	88.317	58.368
2004	 1	12	24	40.490	97.149	60.497
2004	 1	13	24	35.359	101.837	58.833
2004	 1	14	24	32.781	103.088	57.607
2004	 1	15	24	32.714	108.880	59.609
2004	 1	16	24	28.417	108.836	56.814
2004	 1	17	24	23.388	106.842	52.857
2004	 1	18	24	27.505	110.079	56.663
2004	 1	19	24	44.415	131.907	75.309
2004	 1	20	24	49.539	141.148	81.887
2004	 1	21	24	55.419	147.996	88.109
2004	 1	22	24	55.654	147.996	88.261
2004	 1	23	24	55.079	147.955	87.875
2004	 1	24	24	54.985	148.960	88.168
2004	 1	25	24	64.588	156.745	97.130
2004	 1	26	24	61.835	157.018	95.445
2004	 1	27	24	62.695	157.592	96.204
2004	 1	28	24	62.690	157.799	96.274
2004	 1	29	24	71.043	162.920	103.485
2004	 1	30	24	71.261	165.044	104.377
2004	 1	31	24	66.528	165.068	101.323
2004	 2	 1	24	55.088	158.768	91.699
2004	 2	 2	24	44.997	149.140	81.771
2004	 2	 3	24	33.182	137.132	69.888
2004	 2	 4	24	20.941	121.129	56.318
2004	 2	 5	24	14.080	104.268	45.926
2004	 2	 6	24	9.294	88.282	37.185
2004	 2	 7	24	6.554	77.817	31.718
2004	 2	 8	24	7.813	87.542	35.966
2004	 2	 9	24	17.014	105.024	48.091
2004	 2	10	24	24.120	115.464	56.374
2004	 2	11	24	27.944	119.306	60.205
2004	 2	12	24	28.592	120.070	60.894
2004	 2	13	24	27.261	123.502	61.245
2004	 2	14	24	22.792	120.753	57.383
2004	 2	15	24	19.955	119.846	55.227
2004	 2	16	24	17.408	118.250	53.017
2004	 2	17	24	15.910	117.733	51.865
2004	 2	18	24	16.273	119.739	52.808
2004	 2	19	24	19.042	120.687	54.934
2004	 2	20	24	15.321	119.650	52.161
2004	 2	21	24	12.472	117.860	49.686
2004	 2	22	24	11.706	117.498	49.062
2004	 2	23	24	14.689	120.432	52.028
2004	 2	24	24	12.440	120.407	50.564
2004	 2	25	24	12.221	120.495	50.454
2004	 2	26	24	12.355	122.560	51.270
2004	 2	27	24	12.054	122.477	51.045
2004	 2	28	24	11.804	122.374	50.847
2004	 2	29	24	15.677	127.210	55.061
2004	 3	 1	24	19.387	129.974	58.436
2004	 3	 2	24	23.875	139.283	64.627
2004	 3	 3	24	28.531	150.149	71.476
2004	 3	 4	24	28.104	150.147	71.199
2004	 3	 5	24	24.760	150.081	69.013
2004	 3	 6	24	23.416	151.239	68.552
2004	 3	 7	24	19.694	150.647	65.935
2004	 3	 8	24	18.830	150.509	65.327
2004	 3	 9	24	30.419	157.362	75.244
2004	 3	10	24	30.088	158.073	75.281
2004	 3	11	24	26.019	157.030	72.281
2004	 3	12	24	19.715	154.500	67.309
2004	 3	13	24	15.668	151.052	63.473
2004	 3	14	24	13.231	143.335	59.172
2004	 3	15	24	10.722	132.066	53.570
2004	 3	16	24	7.935	117.133	46.494
2004	 3	17	24	4.759	95.951	36.960
2004	 3	18	24	1.994	71.804	26.645
2004	 3	19	24	0.531	50.351	18.123
2004	 3	20	24	0.081	34.909	12.379
2004	 3	21	24	0.000	23.178	8.185
2004	 3	22	24	0.000	16.162	5.707
2004	 3	23	24	0.000	14.662	5.177
2004	 3	24	24	0.960	25.769	9.720
2004	 3	25	24	0.920	25.901	9.741
2004	 3	26	24	2.424	27.825	11.393
2004	 3	27	24	0.885	26.704	10.002
2004	 3	28	24	0.252	21.830	7.872
2004	 3	29	24	0.000	13.872	4.898
2004	 3	30	24	0.000	7.944	2.805
2004	 3	31	24	0.000	3.815	1.347
2004	 4	 1	24	0.000	1.198	0.423
2004	 4	 2	24	0.000	0.067	0.024
2004	 4	 3	24	0.000	0.000	0.000
2004	 4	 4	24	0.000	0.000	0.000
2004	 4	 5	24	0.000	0.000	0.000
2004	 4	 6	24	0.000	0.000	0.000
2004	 4	 7	24	0.000	0.000	0.000
2004	 4	 8	24	0.000	0.000	0.000
2004	 4	 9	24	0.000	0.000	0.000
2004	 4	10	24	0.000	0.000	0.000
2004	 4	11	24	0.000	0.000	0.000
2004	 4	12	24	0.000	0.000	0.000
2004	 4	13	24	0.000	0.000	0.000
2004	 4	14	24	0.000	0.000	0.000
2004	 4	15	24	0.000	0.000	0.000
2004	 4	16	24	0.000	0.000	0.000
2004	 4	17	24	0.000	0.000	0.000
2004	 4	18	24	0.000	0.000	0.000
2004	 4	19	24	0.000	0.000	0.000
2004	 4	20	24	0.000	0.000	0.000
2004	 4	21	24	0.000	0.000	0.000
2004	 4	22	24	0.000	0.000	0.000
2004	 4	23	24	0.000	0.000	0.000
2004	 4	24	24	0.000	0.000	0.000
2004	 4	25	24	0.000	0.000	0.000
2004	 4	26	24	0.000	0.000	0.000
2004	 4	27	24	0.000	0.000	0.000
2004	 4	28	24	0.000	0.000	0.000
2004	 4	29	24	0.000	0.000	0.000
2004	 4	30	24	0.000	0.000	0.000
2004	 5	 1	24	0.000	0.000	0.000
2004	 5	 2	24	0.000	0.000	0.000
2004	 5	 3	24	0.000	0.000	0.000
2004	 5	 4	24	0.000	0.000	0.000
2004	 5	 5	24	0.000	0.000	0.000
2004	 5	 6	24	0.000	0.000	0.000
2004	 5	 7	24	0.000	0.000	0.000
2004	 5	 8	24	0.000	0.000	0.000
2004	 5	 9	24	0.000	0.000	0.000
2004	 5	10	24	0.000	0.000	0.000
2004	 5	11	24	0.000	0.000	0.000
2004	 5	12	24	0.000	0.000	0.000
2004	 5	13	24	0.000	0.000	0.000
2004	 5	14	24	0.000	0.000	0.000
2004	 5	15	24	0.000	0.000	0.000
2004	 5	16	24	0.000	0.000	0.000
2004	 5	17	24	0.000	0.000	0.000
2004	 5	18	24	0.000	0.000	0.000
2004	 5	19	24	0.000	0.000	0.000
2004	 5	20	24	0.000	0.000	0.000
2004	 5	21	24	0.000	0.000	0.000
2004	 5	22	24	0.000	0.000	0.000
2004	 5	23	24	0.058	2.121	0.787
2004	 5	24	24	0.000	0.000	0.000
2004	 5	25	24	0.000	0.000	0.000
2004	 5	26	24	0.000	0.000	0.000
2004	 5	27	24	0.000	0.000	0.000
2004	 5	28	24	0.000	0.000	0.000
2004	 5	29	24	0.000	0.000	0.000
2004	 5	30	24	0.000	0.000	0.000
2004	 5	31	24	0.000	0.000	0.000
2004	 6	 1	24	0.000	0.000	0.000
2004	 6	 2	24	0.000	0.000	0.000
2004	 6	 3	24	0.000	0.000	0.000
2004	 6	 4	24	0.000	0.000	0.000
2004	 6	 5	24	0.000	0.000	0.000
2004	 6	 6	24	0.000	0.000	0.000
2004	 6	 7	24	0.000	0.000	0.000
2004	 6	 8	24	0.000	0.000	0.000
2004	 6	 9	24	0.000	0.000	0.000
2004	 6	10	24	0.000	0.000	0.000
2004	 6	11	24	0.000	0.000	0.000
2004	 6	12	24	0.000	0.000	0.000
2004	 6	13	24	0.000	0.000	0.000
2004	 6	14	24	0.000	0.000	0.000
2004	 6	15	24	0.000	0.000	0.000
2004	 6	16	24	0.000	0.000	0.000
2004	 6	17	24	0.000	0.000	0.000
2004	 6	18	24	0.000	0.000	0.000
2004	 6	19	24	0.000	0.000	0.000
2004	 6	20	24	0.000	0.000	0.000
2004	 6	21	24	0.000	0.000	0.000
2004	 6	22	24	0.000	0.000	0.000
2004	 6	23	24	0.000	0.000	0.000
2004	 6	24	24	0.000	0.000	0.000
2004	 6	25	24	0.000	0.000	0.000
2004	 6	26	24	0.000	0.000	0.000
2004	 6	27	24	0.000	0.000	0.000
2004	 6	28	24	0.000	0.000	0.000
2004	 6	29	24	0.000	0.000	0.000
2004	 6	30	24	0.000	0.000	0.000
2004	 7	 1	24	0.000	0.000	0.000
2004	 7	 2	24	0.000	0.000	0.000
2004	 7	 3	24	0.000	0.000	0.000
2004	 7	 4	24	0.000	0.000	0.000
2004	 7	 5	24	0.000	0.000	0.000
2004	 7	 6	24	0.000	0.000	0.000
2004	 7	 7	24	0.000	0.000	0.000
2004	 7	 8	24	0.000	0.000	0.000
2004	 7	 9	24	0.000	0.000	0.000
2004	 7	10	24	0.000	0.000	0.000
2004	 7	11	24	0.000	0.000	0.000
2004	 7	12	24	0.000	0.000	0.000
2004	 7	13	24	0.000	0.000	0.000
2004	 7	14	24	0.000	0.000	0.000
2004	 7	15	24	0.000	0.000	0.000
2004	 7	16	24	0.000	0.000	0.000
2004	 7	17	24	0.000	0.000	0.000
2004	 7	18	24	0.000	0.000	0.000
2004	 7	19	24	0.000	0.000	0.000
2004	 7	20	24	0.000	0.000	0.000
2004	 7	21	24	0.000	0.000	0.000
2004	 7	22	24	0.000	0.000	0.000
2004	 7	23	24	0.000	0.000	0.000
2004	 7	24	24	0.000	0.000	0.000
2004	 7	25	24	0.000	0.000	0.000
2004	 7	26	24	0.000	0.000	0.000
2004	 7	27	24	0.000	0.000	0.000
2004	 7	28	24	0.000	0.000	0.000
2004	 7	29	24	0.000	0.000	0.000
2004	 7	30	24	0.000	0.000	0.000
2004	 7	31	24	0.000	0.000	0.000
2004	 8	 1	24	0.000	0.000	0.000
2004	 8	 2	24	0.000	0.000	0.000
2004	 8	 3	24	0.000	0.000	0.000
2004	 8	 4	24	0.000	0.000	0.000
2004	 8	 5	24	0.000	0.000	0.000
2004	 8	 6	24	0.000	0.000	0.000
2004	 8	 7	24	0.000	0.000	0.000
2004	 8	 8	24	0.000	0.000	0.000
2004	 8	 9	24	0.000	0.000	0.000
2004	 8	10	24	0.000	0.000	0.000
2004	 8	11	24	0.000	0.000	0.000
2004	 8	12	24	0.000	0.000	0.000
2004	 8	13	24	0.000	0.000	0.000
2004	 8	14	24	0.000	0.000	0.000
2004	 8	15	24	0.000	0.000	0.000
2004	 8	16	24	0.000	0.000	0.000
2004	 8	17	24	0.000	0.000	0.000
2004	 8	18	24	0.000	0.000	0.000
2004	 8	19	24	0.000	0.000	0.000
2004	 8	20	24	0.000	0.000	0.000
2004	 8	21	24	0.000	0.000	0.000
2004	 8	22	24	0.000	0.000	0.000
2004	 8	23	24	0.000	0.000	0.000
2004	 8	24	24	0.000	0.000	0.000
2004	 8	25	24	0.000	0.000	0.000
2004	 8	26	24	0.000	0.000	0.000
2004	 8	27	24	0.000	0.000	0.000
2004	 8	28	24	0.000	0.000	0.000
2004	 8	29	24	0.000	0.000	0.000
2004	 8	30	24	0.000	0.000	0.000
2004	 8	31	24	0.000	0.000	0.000
2004	 9	 1	24	0.000	0.000	0.000
2004	 9	 2	24	0.000	0.000	0.000
2004	 9	 3	24	0.000	0.000	0.000
2004	 9	 4	24	0.000	0.000	0.000
2004	 9	 5	24	0.000	0.000	0.000
2004	 9	 6	24	0.000	0.000	0.000
2004	 9	 7	24	0.000	0.000	0.000
2004	 9	 8	24	0.000	0.000	0.000
2004	 9	 9	24	0.000	0.000	0.000
2004	 9	10	24	0.000	0.000	0.000
2004	 9	11	24	0.000	0.000	0.000
2004	 9	12	24	0.000	0.000	0.000
2004	 9	13	24	0.000	0.000	0.000
2004	 9	14	24	0.000	0.000	0.000
2004	 9	15	24	0.000	0.000	0.000
2004	 9	16	24	0.000	0.000	0.000
2004	 9	17	24	0.000	0.000	0.000
2004	 9	18	24	0.000	0.000	0.000
2004	 9	19	24	0.000	0.000	0.000
2004	 9	20	24	0.000	0.000	0.000
2004	 9	21	24	0.000	0.000	0.000
2004	 9	22	24	0.000	0.000	0.000
2004	 9	23	24	0.000	0.000	0.000
2004	 9	24	24	0.000	0.000	0.000
2004	 9	25	24	0.000	0.000	0.000
2004	 9	26	24	0.000	0.000	0.000
2004	 9	27	24	0.000	0.000	0.000
2004	 9	28	24	0.000	0.000	0.000
2004	 9	29	24	0.000	0.000	0.000
2004	 9	30	24	0.000	0.000	0.000
2004	10	 1	24	0.000	0.000	0.000
2004	10	 2	24	0.000	0.000	0.000
2004	10	 3	24	0.000	0.000	0.000
2004	10	 4	24	0.000	0.000	0.000
2004	10	 5	24	0.000	0.000	0.000
2004	10	 6	24	0.000	0.000	0.000
2004	10	 7	24	0.000	0.000	0.000
2004	10	 8	24	0.000	0.000	0.000
2004	10	 9	24	0.000	0.000	0.000
2004	10	10	24	0.000	0.000	0.000
2004	10	11	24	0.000	0.000	0.000
2004	10	12	24	0.000	0.000	0.000
2004	10	13	24	0.000	0.000	0.000
2004	10	14	24	0.000	0.000	0.000
2004	10	15	24	0.000	0.000	0.000
2004	10	16	24	0.000	0.000	0.000
2004	10	17	24	0.000	0.000	0.000
2004	10	18	24	0.000	0.000	0.000
2004	10	19	24	0.000	0.000	0.000
2004	10	20	24	0.000	0.000	0.000
2004	10	21	24	0.000	0.000	0.000
2004	10	22	24	0.000	0.000	0.000
2004	10	23	24	0.000	0.000	0.000
2004	10	24	24	0.000	0.000	0.000
2004	10	25	24	0.000	0.000	0.000
2004	10	26	24	0.000	0.000	0.000
2004	10	27	24	0.000	0.000	0.000
2004	10	28	24	0.000	0.000	0.000
2004	10	29	24	0.000	0.000	0.000
2004	10	30	24	0.000	0.000	0.000
2004	10	31	24	0.000	0.000	0.000
2004	11	 1	24	0.000	0.000	0.000
2004	11	 2	24	0.000	0.000	0.000
2004	11	 3	24	0.000	0.000	0.000
2004	11	 4	24	0.000	0.000	0.000
2004	11	 5	24	0.000	0.000	0.000
2004	11	 6	24	0.000	0.000	0.000
2004	11	 7	24	0.199	4.027	1.551
2004	11	 8	24	0.847	7.142	3.070
2004	11	 9	24	6.932	30.767	15.348
2004	11	10	24	4.729	29.536	13.488
2004	11	11	24	2.341	21.736	9.190
2004	11	12	24	1.112	16.294	6.473
2004	11	13	24	1.199	18.287	7.233
2004	11	14	24	0.913	16.718	6.494
2004	11	15	24	0.689	15.317	5.854
2004	11	16	24	0.293	12.171	4.487
2004	11	17	24	0.000	3.595	1.269
2004	11	18	24	0.000	0.272	0.096
2004	11	19	24	7.245	23.695	13.054
2004	11	20	24	10.965	36.290	19.907
2004	11	21	24	11.985	39.383	21.660
2004	11	22	24	6.463	44.327	19.833
2004	11	23	24	5.697	53.287	22.502
2004	11	24	24	4.437	50.815	20.814
2004	11	25	24	3.568	48.062	19.279
2004	11	26	24	2.666	43.628	17.130
2004	11	27	24	1.968	40.292	15.500
2004	11	28	24	1.392	35.905	13.579
2004	11	29	24	0.935	31.530	11.738
2004	11	30	24	0.670	28.685	10.562
2004	12	 1	24	0.443	26.084	9.497
2004	12	 2	24	0.297	23.704	8.562
2004	12	 3	24	0.224	22.260	8.005
2004	12	 4	24	0.126	19.736	7.050
2004	12	 5	24	0.065	17.587	6.252
2004	12	 6	24	0.020	14.954	5.293
2004	12	 7	24	0.006	13.382	4.730
2004	12	 8	24	0.000	10.745	3.794
2004	12	 9	24	0.000	8.798	3.107
2004	12	10	24	0.000	3.765	1.329
2004	12	11	24	0.000	0.718	0.254
2004	12	12	24	0.000	0.520	0.184
2004	12	13	24	0.015	0.753	0.275
2004	12	14	24	0.031	0.984	0.367
2004	12	15	24	0.000	0.486	0.171
2004	12	16	24	0.209	2.800	1.124
2004	12	17	24	3.648	22.872	10.436
2004	12	18	24	6.923	43.053	19.681
2004	12	19	24	9.097	46.699	22.375
2004	12	20	24	6.734	46.472	20.766
2004	12	21	24	5.078	45.433	19.328
2004	12	22	24	5.239	47.612	20.202
2004	12	23	24	3.741	46.391	18.801
2004	12	24	24	2.332	39.573	15.482
2004	12	25	24	1.429	33.314	12.688
2004	12	26	24	2.274	41.350	16.072
2004	12	27	24	5.641	45.294	19.643
2004	12	28	24	6.877	46.720	20.946
2004	12	29	24	5.255	47.988	20.344
2004	12	30	24	3.261	45.664	18.234
2004	12	31	24	2.124	43.535	16.747
2005	 1	 1	24	1.527	39.271	14.855
2005	 1	 2	24	1.242	37.465	14.033
2005	 1	 3	24	2.662	49.359	19.151
2005	 1	 4	24	1.715	45.269	17.094
2005	 1	 5	24	1.493	45.062	16.878
2005	 1	 6	24	1.277	43.643	16.237
2005	 1	 7	24	0.559	33.769	12.286
2005	 1	 8	24	0.094	22.139	7.878
2005	 1	 9	24	0.005	15.733	5.559
2005	 1	10	24	0.000	7.851	2.772
2005	 1	11	24	0.000	3.719	1.313
2005	 1	12	24	0.000	1.046	0.369
2005	 1	13	24	0.164	2.800	1.095
2005	 1	14	24	0.087	3.422	1.265
2005	 1	15	24	0.006	2.390	0.848
2005	 1	16	24	0.000	0.962	0.340
2005	 1	17	24	0.000	0.772	0.273
2005	 1	18	24	0.105	1.956	0.758
2005	 1	19	24	0.416	3.373	1.460
2005	 1	20	24	3.415	49.248	19.599
2005	 1	21	24	8.916	69.921	30.457
2005	 1	22	24	11.726	77.225	34.854
2005	 1	23	24	15.879	84.588	40.141
2005	 1	24	24	31.835	101.509	56.438
2005	 1	25	24	40.696	109.968	65.157
2005	 1	26	24	43.578	112.910	68.060
2005	 1	27	24	46.299	116.423	71.060
2005	 1	28	24	47.851	117.082	72.297
2005	 1	29	24	48.104	117.059	72.453
2005	 1	30	24	52.607	121.539	76.947
2005	 1	31	24	65.644	155.098	97.232
2005	 2	 1	24	65.811	158.095	98.397
2005	 2	 2	24	75.306	178.096	111.603
2005	 2	 3	24	76.160	182.573	113.735
2005	 2	 4	24	74.516	182.136	112.518
2005	 2	 5	24	71.036	181.801	110.149
2005	 2	 6	24	68.005	181.801	108.188
2005	 2	 7	24	65.110	181.734	106.291
2005	 2	 8	24	62.149	181.524	104.302
2005	 2	 9	24	57.756	181.018	101.281
2005	 2	10	24	53.469	185.226	99.994
2005	 2	11	24	49.336	185.991	97.590
2005	 2	12	24	42.076	182.820	91.774
2005	 2	13	24	42.626	189.176	94.374
2005	 2	14	24	46.446	195.036	98.915
2005	 2	15	24	49.657	198.339	102.158
2005	 2	16	24	61.660	206.582	112.834
2005	 2	17	24	63.997	209.524	115.384
2005	 2	18	24	65.291	209.536	116.226
2005	 2	19	24	66.806	210.650	117.599
2005	 2	20	24	65.535	210.630	116.769
2005	 2	21	24	68.372	214.878	120.105
2005	 2	22	24	76.760	222.309	128.155
2005	 2	23	24	76.297	222.298	127.851
2005	 2	24	24	76.490	222.338	127.990
2005	 2	25	24	76.636	222.352	128.090
2005	 2	26	24	83.715	226.352	134.082
2005	 2	27	24	91.960	232.974	141.754
2005	 2	28	24	93.902	234.452	143.532
2005	 3	 1	24	93.178	234.407	143.048
2005	 3	 2	24	90.362	234.225	141.162
2005	 3	 3	24	87.134	233.926	138.968
2005	 3	 4	24	84.702	233.761	137.337
2005	 3	 5	24	84.252	235.733	137.741
2005	 3	 6	24	90.447	244.694	144.913
2005	 3	 7	24	90.537	245.607	145.294
2005	 3	 8	24	90.411	247.563	145.903
2005	 3	 9	24	94.689	255.171	151.357
2005	 3	10	24	91.352	255.155	149.193
2005	 3	11	24	93.740	264.410	154.005
2005	 3	12	24	94.647	269.882	156.525
2005	 3	13	24	92.624	270.276	155.355
2005	 3	14	24	89.143	269.945	152.986
2005	 3	15	24	81.065	262.844	145.253
2005	 3	16	24	67.069	245.727	130.155
2005	 3	17	24	54.258	228.279	115.707
2005	 3	18	24	44.338	213.258	103.985
2005	 3	19	24	41.264	209.942	100.826
2005	 3	20	24	37.260	205.920	96.816
2005	 3	21	24	33.060	199.877	91.965
2005	 3	22	24	28.621	192.372	86.443
2005	 3	23	24	23.778	181.311	79.405
2005	 3	24	24	18.536	166.265	70.701
2005	 3	25	24	13.930	151.224	62.410
2005	 3	26	24	10.565	137.777	55.485
2005	 3	27	24	7.815	125.351	49.318
2005	 3	28	24	5.612	112.778	43.454
2005	 3	29	24	3.657	99.628	37.546
2005	 3	30	24	2.333	88.512	32.764
2005	 3	31	24	1.454	78.878	28.793
2005	 4	 1	24	0.780	68.267	24.610
2005	 4	 2	24	0.258	54.351	19.359
2005	 4	 3	24	0.010	36.699	12.965
2005	 4	 4	24	0.000	19.682	6.950
2005	 4	 5	24	0.000	10.151	3.585
2005	 4	 6	24	0.000	4.553	1.608
2005	 4	 7	24	0.000	1.799	0.635
2005	 4	 8	24	0.000	0.980	0.346
2005	 4	 9	24	0.000	0.847	0.299
2005	 4	10	24	0.000	0.590	0.208
2005	 4	11	24	0.000	0.155	0.055
2005	 4	12	24	0.000	0.001	0.000
2005	 4	13	24	0.000	0.000	0.000
2005	 4	14	24	0.000	0.000	0.000
2005	 4	15	24	0.000	0.000	0.000
2005	 4	16	24	0.000	0.000	0.000
2005	 4	17	24	0.000	0.000	0.000
2005	 4	18	24	0.000	0.000	0.000
2005	 4	19	24	0.000	0.000	0.000
2005	 4	20	24	0.000	0.000	0.000
2005	 4	21	24	0.000	0.000	0.000
2005	 4	22	24	0.000	0.000	0.000
2005	 4	23	24	0.000	0.000	0.000
2005	 4	24	24	0.000	0.000	0.000
2005	 4	25	24	0.000	0.000	0.000
2005	 4	26	24	0.000	0.000	0.000
2005	 4	27	24	0.000	0.000	0.000
2005	 4	28	24	0.000	0.000	0.000
2005	 4	29	24	0.000	0.000	0.000
2005	 4	30	24	0.000	0.000	0.000
2005	 5	 1	24	0.000	0.000	0.000
2005	 5	 2	24	0.000	0.000	0.000
2005	 5	 3	24	0.000	0.000	0.000
2005	 5	 4	24	0.000	0.000	0.000
2005	 5	 5	24	0.000	0.000	0.000
2005	 5	 6	24	0.000	0.000	0.000
2005	 5	 7	24	0.000	0.000	0.000
2005	 5	 8	24	0.000	0.000	0.000
2005	 5	 9	24	0.000	0.000	0.000
2005	 5	10	24	0.000	0.000	0.000
2005	 5	11	24	0.000	0.000	0.000
2005	 5	12	24	0.000	0.000	0.000
2005	 5	13	24	0.000	0.000	0.000
2005	 5	14	24	0.000	0.000	0.000
2005	 5	15	24	0.000	0.000	0.000
2005	 5	16	24	0.000	0.000	0.000
2005	 5	17	24	0.000	0.000	0.000
2005	 5	18	24	0.000	0.000	0.000
2005	 5	19	24	0.000	0.000	0.000
2005	 5	20	24	0.000	0.000	0.000
2005	 5	21	24	0.000	0.000	0.000
2005	 5	22	24	0.000	0.000	0.000
2005	 5	23	24	0.000	0.000	0.000
2005	 5	24	24	0.000	0.000	0.000
2005	 5	25	24	0.000	0.000	0.000
2005	 5	26	24	0.000	0.000	0.000
2005	 5	27	24	0.000	0.000	0.000
2005	 5	28	24	0.000	0.000	0.000
2005	 5	29	24	0.000	0.000	0.000
2005	 5	30	24	0.000	0.000	0.000
2005	 5	31	24	0.000	0.000	0.000
2005	 6	 1	24	0.000	0.000	0.000
2005	 6	 2	24	0.000	0.000	0.000
2005	 6	 3	24	0.000	0.000	0.000
2005	 6	 4	24	0.000	0.000	0.000
2005	 6	 5	24	0.000	0.000	0.000
2005	 6	 6	24	0.000	0.000	0.000
2005	 6	 7	24	0.000	0.000	0.000
2005	 6	 8	24	0.000	0.000	0.000
2005	 6	 9	24	0.000	0.000	0.000
2005	 6	10	24	0.000	0.000	0.000
2005	 6	11	24	0.000	0.000	0.000
2005	 6	12	24	0.000	0.000	0.000
2005	 6	13	24	0.000	0.000	0.000
2005	 6	14	24	0.000	0.000	0.000
2005	 6	15	24	0.000	0.000	0.000
2005	 6	16	24	0.000	0.000	0.000
2005	 6	17	24	0.000	0.000	0.000
2005	 6	18	24	0.000	0.000	0.000
2005	 6	19	24	0.000	0.000	0.000
2005	 6	20	24	0.000	0.000	0.000
2005	 6	21	24	0.000	0.000	0.000
2005	 6	22	24	0.000	0.000	0.000
2005	 6	23	24	0.000	0.000	0.000
2005	 6	24	24	0.000	0.000	0.000
2005	 6	25	24	0.000	0.000	0.000
2005	 6	26	24	0.000	0.000	0.000
2005	 6	27	24	0.000	0.000	0.000
2005	 6	28	24	0.000	0.000	0.000
2005	 6	29	24	0.000	0.000	0.000
2005	 6	30	24	0.000	0.000	0.000
2005	 7	 1	24	0.000	0.000	0.000
2005	 7	 2	24	0.000	0.000	0.000
2005	 7	 3	24	0.000	0.000	0.000
2005	 7	 4	24	0.000	0.000	0.000
2005	 7	 5	24	0.000	0.000	0.000
2005	 7	 6	24	0.000	0.000	0.000
2005	 7	 7	24	0.000	0.000	0.000
2005	 7	 8	24	0.000	0.000	0.000
2005	 7	 9	24	0.000	0.000	0.000
2005	 7	10	24	0.000	0.000	0.000
2005	 7	11	24	0.000	0.000	0.000
2005	 7	12	24	0.000	0.000	0.000
2005	 7	13	24	0.000	0.000	0.000
2005	 7	14	24	0.000	0.000	0.000
2005	 7	15	24	0.000	0.000	0.000
2005	 7	16	24	0.000	0.000	0.000
2005	 7	17	24	0.000	0.000	0.000
2005	 7	18	24	0.000	0.000	0.000
2005	 7	19	24	0.000	0.000	0.000
2005	 7	20	24	0.000	0.000	0.000
2005	 7	21	24	0.000	0.000	0.000
2005	 7	22	24	0.000	0.000	0.000
2005	 7	23	24	0.000	0.000	0.000
2005	 7	24	24	0.000	0.000	0.000
2005	 7	25	24	0.000	0.000	0.000
2005	 7	26	24	0.000	0.000	0.000
2005	 7	27	24	0.000	0.000	0.000
2005	 7	28	24	0.000	0.000	0.000
2005	 7	29	24	0.000	0.000	0.000
2005	 7	30	24	0.000	0.000	0.000
2005	 7	31	24	0.000	0.000	0.000
2005	 8	 1	24	0.000	0.000	0.000
2005	 8	 2	24	0.000	0.000	0.000
2005	 8	 3	24	0.000	0.000	0.000
2005	 8	 4	24	0.000	0.000	0.000
2005	 8	 5	24	0.000	0.000	0.000
2005	 8	 6	24	0.000	0.000	0.000
2005	 8	 7	24	0.000	0.000	0.000
2005	 8	 8	24	0.000	0.000	0.000
2005	 8	 9	24	0.000	0.000	0.000
2005	 8	10	24	0.000	0.000	0.000
2005	 8	11	24	0.000	0.000	0.000
2005	 8	12	24	0.000	0.000	0.000
2005	 8	13	24	0.000	0.000	0.000
2005	 8	14	24	0.000	0.000	0.000
2005	 8	15	24	0.000	0.000	0.000
2005	 8	16	24	0.000	0.000	0.000
2005	 8	17	24	0.000	0.000	0.000
2005	 8	18	24	0.000	0.000	0.000
2005	 8	19	24	0.000	0.000	0.000
2005	 8	20	24	0.000	0.000	0.000
2005	 8	21	24	0.000	0.000	0.000
2005	 8	22	24	0.000	0.000	0.000
2005	 8	23	24	0.000	0.000	0.000
2005	 8	24	24	0.000	0.000	0.000
2005	 8	25	24	0.000	0.000	0.000
2005	 8	26	24	0.000	0.000	0.000
2005	 8	27	24	0.000	0.000	0.000
2005	 8	28	24	0.000	0.000	0.000
2005	 8	29	24	0.000	0.000	0.000
2005	 8	30	24	0.000	0.000	0.000
2005	 8	31	24	0.000	0.000	0.000
2005	 9	 1	24	0.000	0.000	0.000
2005	 9	 2	24	0.000	0.000	0.000
2005	 9	 3	24	0.000	0.000	0.000
2005	 9	 4	24	0.000	0.000	0.000
2005	 9	 5	24	0.000	0.000	0.000
2005	 9	 6	24	0.000	0.000	0.000
2005	 9	 7	24	0.000	0.000	0.000
2005	 9	 8	24	0.000	0.000	0.000
2005	 9	 9	24	0.000	0.000	0.000
2005	 9	10	24	0.000	0.000	0.000
2005	 9	11	24	0.000	0.000	0.000
2005	 9	12	24	0.000	0.000	0.000
2005	 9	13	24	0.000	0.000	0.000
2005	 9	14	24	0.000	0.000	0.000
2005	 9	15	24	0.000	0.000	0.000
2005	 9	16	24	0.000	0.000	0.000
2005	 9	17	24	0.000	0.000	0.000
2005	 9	18	24	0.000	0.000	0.000
2005	 9	19	24	0.000	0.000	0.000
2005	 9	20	24	0.000	0.000	0.000
2005	 9	21	24	0.000	0.000	0.000
2005	 9	22	24	0.000	0.000	0.000
2005	 9	23	24	0.000	0.000	0.000
2005	 9	24	24	0.000	0.000	0.000
2005	 9	25	24	0.000	0.000	0.000
2005	 9	26	24	0.000	0.000	0.000
2005	 9	27	24	0.000	0.000	0.000
2005	 9	28	24	0.000	0.000	0.000
2005	 9	29	24	0.000	0.000	0.000
2005	 9	30	24	0.000	0.000	0.000
2005	10	 1	24	0.000	0.000	0.000
2005	10	 2	24	0.000	0.000	0.000
2005	10	 3	24	0.000	0.000	0.000
2005	10	 4	24	0.000	0.000	0.000
2005	10	 5	24	0.000	0.000	0.000
2005	10	 6	24	0.000	0.000	0.000
2005	10	 7	24	0.000	0.000	0.000
2005	10	 8	24	0.000	0.000	0.000
2005	10	 9	24	0.000	0.000	0.000
2005	10	10	24	0.000	0.000	0.000
2005	10	11	24	0.000	0.000	0.000
2005	10	12	24	0.000	0.000	0.000
2005	10	13	24	0.000	0.000	0.000
2005	10	14	24	0.000	0.000	0.000
2005	10	15	24	0.000	0.000	0.000
2005	10	16	24	0.000	0.000	0.000
2005	10	17	24	0.000	0.000	0.000
2005	10	18	24	0.000	0.000	0.000
2005	10	19	24	0.000	0.000	0.000
2005	10	20	24	0.000	0.000	0.000
2005	10	21	24	0.000	0.000	0.000
2005	10	22	24	0.000	0.000	0.000
2005	10	23	24	0.000	0.000	0.000
2005	10	24	24	0.000	0.000	0.000
2005	10	25	24	0.000	0.000	0.000
2005	10	26	24	0.000	0.000	0.000
2005	10	27	24	0.000	0.000	0.000
2005	10	28	24	0.000	0.000	0.000
2005	10	29	24	0.000	0.000	0.000
2005	10	30	24	0.000	0.000	0.000
2005	10	31	24	0.000	0.000	0.000
2005	11	 1	24	0.000	0.000	0.000
2005	11	 2	24	0.000	0.000	0.000
2005	11	 3	24	0.000	0.000	0.000
2005	11	 4	24	0.000	0.000	0.000
2005	11	 5	24	0.000	0.000	0.000
2005	11	 6	24	0.000	0.000	0.000
2005	11	 7	24	0.000	0.000	0.000
2005	11	 8	24	0.000	0.000	0.000
2005	11	 9	24	0.000	0.000	0.000
2005	11	10	24	0.000	0.000	0.000
2005	11	11	24	0.000	0.000	0.000
2005	11	12	24	0.000	0.000	0.000
2005	11	13	24	0.000	0.000	0.000
2005	11	14	24	0.000	0.000	0.000
2005	11	15	24	0.111	3.011	1.135
2005	11	16	24	0.078	4.069	1.487
2005	11	17	24	6.726	17.385	10.490
2005	11	18	24	8.314	21.065	12.817
2005	11	19	24	12.909	26.451	17.691
2005	11	20	24	18.932	41.962	27.064
2005	11	21	24	20.008	43.820	28.416
2005	11	22	24	24.202	50.880	33.622
2005	11	23	24	23.246	50.880	33.004
2005	11	24	24	22.518	51.527	32.761
2005	11	25	24	21.801	52.686	32.707
2005	11	26	24	17.969	52.198	30.056
2005	11	27	24	16.628	52.198	29.188
2005	11	28	24	15.628	52.212	28.546
2005	11	29	24	13.501	51.212	26.817
2005	11	30	24	11.977	50.452	25.563
2005	12	 1	24	10.102	48.567	23.684
2005	12	 2	24	9.382	49.857	23.674
2005	12	 3	24	13.430	57.281	28.914
2005	12	 4	24	10.648	61.068	28.452
2005	12	 5	24	8.866	58.930	26.544
2005	12	 6	24	8.069	58.635	25.924
2005	12	 7	24	7.187	57.646	25.005
2005	12	 8	24	6.660	56.382	24.218
2005	12	 9	24	6.537	56.327	24.119
2005	12	10	24	5.840	54.569	23.047
2005	12	11	24	5.392	53.833	22.497
2005	12	12	24	4.308	49.334	20.207
2005	12	13	24	4.156	48.849	19.938
2005	12	14	24	3.933	48.111	19.533
2005	12	15	24	5.553	67.492	27.424
2005	12	16	24	10.001	95.534	40.204
2005	12	17	24	24.682	116.876	57.237
2005	12	18	24	36.309	134.183	70.870
2005	12	19	24	42.051	145.662	78.638
2005	12	20	24	44.197	165.127	86.899
2005	12	21	24	44.318	168.436	88.146
2005	12	22	24	42.254	170.610	87.578
2005	12	23	24	38.991	172.275	86.055
2005	12	24	24	34.312	172.372	83.063
2005	12	25	24	33.234	171.580	82.085
2005	12	26	24	31.156	171.791	80.816
2005	12	27	24	33.570	173.502	82.982
2005	12	28	24	43.638	185.393	93.693
2005	12	29	24	46.162	188.556	96.443
2005	12	30	24	44.060	188.480	95.056
2005	12	31	24	43.003	188.850	94.503
2006	 1	 1	24	39.406	188.656	92.107
2006	 1	 2	24	38.316	188.793	91.451
2006	 1	 3	24	39.807	193.097	93.936
2006	 1	 4	24	41.859	195.097	95.969
2006	 1	 5	24	41.713	195.357	95.966
2006	 1	 6	24	40.242	194.302	94.642
2006	 1	 7	24	39.227	194.630	94.102
2006	 1	 8	24	38.830	194.630	93.845
2006	 1	 9	24	35.524	193.770	91.402
2006	 1	10	24	32.225	190.715	88.190
2006	 1	11	24	29.113	186.943	84.845
2006	 1	12	24	26.761	184.565	82.483
2006	 1	13	24	25.766	185.676	82.232
2006	 1	14	24	23.944	183.748	80.372
2006	 1	15	24	23.289	184.776	80.312
2006	 1	16	24	22.962	186.209	80.606
2006	 1	17	24	28.729	201.169	89.620
2006	 1	18	24	39.137	219.117	102.690
2006	 1	19	24	39.410	219.581	103.030
2006	 1	20	24	35.087	224.252	101.883
2006	 1	21	24	37.533	232.617	106.419
2006	 1	22	24	37.571	232.604	106.439
2006	 1	23	24	37.348	232.589	106.290
2006	 1	24	24	35.266	232.501	104.912
2006	 1	25	24	34.692	232.238	104.448
2006	 1	26	24	34.215	232.071	104.080
2006	 1	27	24	33.080	231.983	103.315
2006	 1	28	24	30.542	227.974	100.257
2006	 1	29	24	28.494	224.284	97.630
2006	 1	30	24	26.819	220.797	95.315
2006	 1	31	24	25.306	217.113	93.035
2006	 2	 1	24	22.686	208.314	88.233
2006	 2	 2	24	20.482	201.727	84.482
2006	 2	 3	24	20.157	200.434	83.815
2006	 2	 4	24	23.957	203.055	87.199
2006	 2	 5	24	23.777	203.002	87.063
2006	 2	 6	24	24.552	207.903	89.295
2006	 2	 7	24	28.484	232.326	100.463
2006	 2	 8	24	26.768	235.097	100.331
2006	 2	 9	24	31.613	243.065	106.279
2006	 2	10	24	47.443	264.166	123.970
2006	 2	11	24	49.012	268.344	126.461
2006	 2	12	24	46.815	268.315	125.029
2006	 2	13	24	43.533	267.744	122.705
2006	 2	14	24	39.270	264.988	118.974
2006	 2	15	24	38.769	272.234	121.208
2006	 2	16	24	35.124	270.541	118.253
2006	 2	17	24	31.400	266.317	114.352
2006	 2	18	24	29.523	264.660	112.552
2006	 2	19	24	27.541	259.823	109.562
2006	 2	20	24	26.336	256.966	107.774
2006	 2	21	24	25.836	255.854	107.058
2006	 2	22	24	26.297	256.780	107.683
2006	 2	23	24	26.481	257.159	107.936
2006	 2	24	24	25.293	255.545	106.598
2006	 2	25	24	26.119	255.708	107.189
2006	 2	26	24	28.412	258.619	109.700
2006	 2	27	24	29.525	259.519	110.739
2006	 2	28	24	29.139	263.773	111.991
2006	 3	 1	24	29.973	266.766	113.587
2006	 3	 2	24	27.074	266.492	111.615
2006	 3	 3	24	27.496	269.450	112.932
2006	 3	 4	24	27.349	271.987	113.733
2006	 3	 5	24	26.961	272.261	113.579
2006	 3	 6	24	27.252	275.217	114.811
2006	 3	 7	24	28.086	278.985	116.681
2006	 3	 8	24	28.003	282.250	117.781
2006	 3	 9	24	35.396	296.180	127.481
2006	 3	10	24	30.126	292.077	122.623
2006	 3	11	24	36.614	300.264	129.712
2006	 3	12	24	41.234	302.412	133.459
2006	 3	13	24	41.414	302.340	133.550
2006	 3	14	24	41.780	303.124	134.064
2006	 3	15	24	41.869	303.072	134.103
2006	 3	16	24	42.182	304.276	134.730
2006	 3	17	24	42.856	306.345	135.897
2006	 3	18	24	41.843	305.230	134.848
2006	 3	19	24	36.283	301.009	129.761
2006	 3	20	24	31.259	295.422	124.538
2006	 3	21	24	28.721	291.542	121.526
2006	 3	22	24	27.251	288.012	119.329
2006	 3	23	24	26.039	284.455	117.288
2006	 3	24	24	24.636	280.036	114.821
2006	 3	25	24	22.810	273.203	111.226
2006	 3	26	24	20.295	260.645	105.165
2006	 3	27	24	17.185	243.651	97.153
2006	 3	28	24	14.885	230.346	90.966
2006	 3	29	24	13.345	221.140	86.720
2006	 3	30	24	11.825	211.428	82.307
2006	 3	31	24	9.975	198.065	76.392
2006	 4	 1	24	8.184	184.106	70.304
2006	 4	 2	24	6.453	169.525	64.036
2006	 4	 3	24	5.449	160.624	60.243
2006	 4	 4	24	4.932	156.110	58.315
2006	 4	 5	24	4.548	152.481	56.785
2006	 4	 6	24	3.982	146.707	54.380
2006	 4	 7	24	3.204	137.707	50.699
2006	 4	 8	24	2.150	123.094	44.857
2006	 4	 9	24	1.465	111.320	40.256
2006	 4	10	24	1.375	110.213	39.806
2006	 4	11	24	1.175	106.177	38.252
2006	 4	12	24	1.014	102.742	36.936
2006	 4	13	24	0.730	95.337	34.137
2006	 4	14	24	0.485	87.814	31.322
2006	 4	15	24	0.198	74.987	26.607
2006	 4	16	24	0.037	60.734	21.470
2006	 4	17	24	0.001	48.272	17.046
2006	 4	18	24	0.000	35.939	12.690
2006	 4	19	24	0.000	24.553	8.670
2006	 4	20	24	0.000	13.793	4.871
2006	 4	21	24	0.000	5.598	1.977
2006	 4	22	24	0.000	1.973	0.697
2006	 4	23	24	0.000	0.627	0.222
2006	 4	24	24	0.000	0.011	0.004
2006	 4	25	24	0.000	0.000	0.000
2006	 4	26	24	0.000	0.000	0.000
2006	 4	27	24	0.000	0.000	0.000
2006	 4	28	24	0.000	0.000	0.000
2006	 4	29	24	0.000	0.000	0.000
