YY	MM	DD	HH	"1"	"2"	tot_average
Drainspeicher in mm je Zone soil_model
--	--	--	--	0.6468891	0.3531109	1.0000
2000	 8	 1	24	146.43359	73.30793	120.61212
2000	 8	 2	24	146.18903	73.13035	120.39121
2000	 8	 3	24	145.94951	72.95989	120.17609
2000	 8	 4	24	145.71446	72.79534	119.96592
2000	 8	 5	24	145.48441	72.63667	119.76107
2000	 8	 6	24	145.25958	72.51875	119.57400
2000	 8	 7	24	145.06941	72.37052	119.39864
2000	 8	 8	24	144.85188	72.23000	119.20830
2000	 8	 9	24	144.63934	72.09373	119.02270
2000	 8	10	24	144.43011	71.96101	118.84048
2000	 8	11	24	144.22525	71.83152	118.66223
2000	 8	12	24	144.02512	71.70485	118.48804
2000	 8	13	24	143.82846	71.58086	118.31705
2000	 8	14	24	143.63445	71.45947	118.14867
2000	 8	15	24	144.05484	74.03786	119.33109
2000	 8	16	24	143.84207	73.54292	119.01868
2000	 8	17	24	143.64978	73.24230	118.78813
2000	 8	18	24	143.46278	73.00921	118.58485
2000	 8	19	24	143.27986	72.83669	118.40561
2000	 8	20	24	150.54376	74.33267	123.63279
2000	 8	21	24	156.72662	84.78372	131.32280
2000	 8	22	24	155.74557	82.30467	129.81279
2000	 8	23	24	155.17310	81.06831	129.00589
2000	 8	24	24	154.68556	80.25693	128.40399
2000	 8	25	24	154.22212	79.55647	127.85686
2000	 8	26	24	153.81381	79.06198	127.41813
2000	 8	27	24	153.44148	78.65121	127.03222
2000	 8	28	24	153.46362	78.29432	126.92052
2000	 8	29	24	153.12677	77.95724	126.58359
2000	 8	30	24	152.80304	77.65752	126.26833
2000	 8	31	24	152.48767	77.37457	125.96442
2000	 9	 1	24	152.37801	77.58849	125.96901
2000	 9	 2	24	152.21461	77.32632	125.77074
2000	 9	 3	24	157.16631	90.60359	133.66229
2000	 9	 4	24	156.13229	86.50354	131.54562
2000	 9	 5	24	155.46632	84.00361	130.23206
2000	 9	 6	24	155.87709	85.72646	131.10614
2000	 9	 7	24	155.24869	83.44533	129.89413
2000	 9	 8	24	154.78030	82.14960	129.13361
2000	 9	 9	24	154.36351	80.86418	128.41010
2000	 9	10	24	153.97513	79.75837	127.76838
2000	 9	11	24	153.61267	78.95413	127.24992
2000	 9	12	24	153.26620	78.28217	126.78853
2000	 9	13	24	152.98256	77.71220	126.40378
2000	 9	14	24	152.65605	77.22646	126.02104
2000	 9	15	24	152.33701	76.75671	125.64879
2000	 9	16	24	152.03941	76.30131	125.29546
2000	 9	17	24	151.73949	75.85909	124.94529
2000	 9	18	24	151.44629	75.42952	124.60394
2000	 9	19	24	151.16861	75.01196	124.27686
2000	 9	20	24	150.90530	74.60573	123.96310
2000	 9	21	24	150.66769	74.21078	123.66992
2000	 9	22	24	150.42332	73.83357	123.37865
2000	 9	23	24	150.18745	73.48327	123.10237
2000	 9	24	24	149.95813	73.16053	122.84006
2000	 9	25	24	149.73476	72.84890	122.58552
2000	 9	26	24	149.51973	72.54671	122.33971
2000	 9	27	24	149.31313	72.25217	122.10207
2000	 9	28	24	149.11209	71.96487	121.87057
2000	 9	29	24	148.91656	71.69073	121.64729
2000	 9	30	24	148.72632	71.44415	121.43714
2000	10	 1	24	156.48630	88.68940	132.54646
2000	10	 2	24	155.64870	84.55466	130.54462
2000	10	 3	24	155.17545	82.28456	129.43687
2000	10	 4	24	154.78622	80.85699	128.68100
2000	10	 5	24	154.91025	79.92757	128.43304
2000	10	 6	24	156.02690	80.30658	129.28923
2000	10	 7	24	158.67258	83.99044	132.30150
2000	10	 8	24	157.75197	80.92389	130.62314
2000	10	 9	24	157.07233	79.63302	129.72766
2000	10	10	24	156.55380	78.62666	129.03688
2000	10	11	24	156.07227	77.79218	128.43071
2000	10	12	24	155.63237	77.05408	127.88552
2000	10	13	24	155.23157	76.43954	127.40924
2000	10	14	24	154.86017	75.85024	126.96090
2000	10	15	24	154.50502	75.28342	126.53101
2000	10	16	24	154.15942	74.73739	126.11463
2000	10	17	24	153.81935	74.21069	125.70866
2000	10	18	24	155.00439	77.42471	127.61016
2000	10	19	24	154.61909	76.61226	127.07404
2000	10	20	24	154.28473	76.06233	126.66354
2000	10	21	24	153.95753	75.53199	126.26462
2000	10	22	24	153.64479	75.02658	125.88384
2000	10	23	24	153.34013	74.58724	125.53162
2000	10	24	24	153.04274	74.16769	125.19109
2000	10	25	24	152.75389	73.76899	124.86346
2000	10	26	24	154.42560	75.09701	126.41380
2000	10	27	24	154.03279	74.67419	126.01040
2000	10	28	24	153.75316	74.28786	125.69310
2000	10	29	24	153.48962	73.92186	125.39337
2000	10	30	24	153.24107	73.59686	125.11784
2000	10	31	24	153.00276	73.29890	124.85845
2000	11	 1	24	152.77184	73.01181	124.60770
2000	11	 2	24	152.54884	72.73828	124.36687
2000	11	 3	24	154.19595	74.88818	126.19151
2000	11	 4	24	153.85620	74.41208	125.80361
2000	11	 5	24	153.62563	74.06232	125.53096
2000	11	 6	24	153.41133	73.79385	125.29753
2000	11	 7	24	153.74376	74.23492	125.66832
2000	11	 8	24	153.53520	73.98391	125.44477
2000	11	 9	24	153.33192	73.75076	125.23094
2000	11	10	24	153.13446	73.52675	125.02412
2000	11	11	24	152.94125	73.31047	124.82275
2000	11	12	24	152.75143	73.10200	124.62635
2000	11	13	24	152.56615	72.90002	124.43517
2000	11	14	24	153.26019	73.13276	124.96632
2000	11	15	24	153.05054	72.94171	124.76324
2000	11	16	24	152.86938	72.75677	124.58075
2000	11	17	24	154.67084	73.67854	126.07157
2000	11	18	24	154.31468	73.40904	125.74602
2000	11	19	24	154.09261	73.22124	125.53605
2000	11	20	24	153.91339	73.07253	125.36760
2000	11	21	24	153.73940	72.94407	125.20969
2000	11	22	24	153.56793	72.78127	125.04128
2000	11	23	24	153.39899	72.62299	124.87611
2000	11	24	24	155.77245	76.84612	127.90270
2000	11	25	24	156.50571	78.15564	128.83945
2000	11	26	24	156.55080	79.11324	129.20676
2000	11	27	24	156.19464	78.15720	128.63878
2000	11	28	24	155.90872	77.64630	128.27341
2000	11	29	24	155.62509	77.26643	127.95580
2000	11	30	24	155.37561	76.94507	127.68093
2000	12	 1	24	155.14194	76.63257	127.41943
2000	12	 2	24	154.92749	76.32662	127.17267
2000	12	 3	24	154.72842	76.02687	126.93805
2000	12	 4	24	154.55334	75.75803	126.72986
2000	12	 5	24	154.38600	75.54781	126.54738
2000	12	 6	24	154.21983	75.32700	126.36191
2000	12	 7	24	154.05835	75.15449	126.19653
2000	12	 8	24	153.93529	75.11368	126.10252
2000	12	 9	24	153.77682	74.95619	125.94440
2000	12	10	24	154.37939	75.89732	126.66652
2000	12	11	24	155.46101	78.44290	128.26508
2000	12	12	24	155.77711	77.58199	128.16556
2000	12	13	24	155.57773	77.26308	127.92397
2000	12	14	24	155.54643	77.58323	128.01678
2000	12	15	24	157.81683	79.46247	130.14905
2000	12	16	24	157.71754	78.55392	129.76401
2000	12	17	24	157.31845	78.19472	129.37900
2000	12	18	24	157.08064	78.01991	129.16344
2000	12	19	24	156.82974	77.80986	128.92696
2000	12	20	24	156.57765	77.55127	128.67258
2000	12	21	24	156.34129	77.29679	128.42981
2000	12	22	24	156.13330	77.07538	128.21709
2000	12	23	24	155.93965	76.89592	128.02844
2000	12	24	24	155.76752	76.87918	127.91119
2000	12	25	24	155.72691	76.71703	127.82767
2000	12	26	24	155.57237	76.55852	127.67171
2000	12	27	24	155.41371	76.40868	127.51617
2000	12	28	24	155.37292	76.53530	127.53450
2000	12	29	24	155.33493	76.40415	127.46361
2000	12	30	24	155.88126	76.26629	127.76834
2000	12	31	24	155.76367	76.13608	127.64630
2001	 1	 1	24	156.16953	76.01125	127.86476
2001	 1	 2	24	156.28180	75.88950	127.89439
2001	 1	 3	24	156.36044	76.07274	128.00998
2001	 1	 4	24	156.30579	76.08913	127.98041
2001	 1	 5	24	158.70198	78.75343	130.47127
2001	 1	 6	24	158.59187	82.10656	131.58408
2001	 1	 7	24	158.33022	81.84036	131.32082
2001	 1	 8	24	158.05228	81.16830	130.90370
2001	 1	 9	24	157.83495	80.64259	130.57748
2001	 1	10	24	157.82735	80.32384	130.46001
2001	 1	11	24	157.63412	80.00051	130.22084
2001	 1	12	24	157.43706	79.68024	129.98027
2001	 1	13	24	157.24484	79.36367	129.74416
2001	 1	14	24	157.06134	79.07159	129.52231
2001	 1	15	24	156.88902	78.80268	129.31589
2001	 1	16	24	156.72159	78.56344	129.12309
2001	 1	17	24	156.56113	78.34647	128.94267
2001	 1	18	24	156.41586	78.15515	128.78116
2001	 1	19	24	156.30013	77.99473	128.64964
2001	 1	20	24	156.16911	77.84451	128.51184
2001	 1	21	24	156.05026	77.69788	128.38318
2001	 1	22	24	156.00244	77.55662	128.30237
2001	 1	23	24	156.22307	77.42310	128.39793
2001	 1	24	24	158.28484	77.29844	129.68765
2001	 1	25	24	158.91136	77.29543	130.09189
2001	 1	26	24	158.89914	77.49281	130.15367
2001	 1	27	24	158.73547	77.38688	130.01039
2001	 1	28	24	158.65697	77.74647	130.08658
2001	 1	29	24	158.46616	77.65549	129.93103
2001	 1	30	24	158.42491	77.55732	129.86969
2001	 1	31	24	158.24448	77.46330	129.71977
2001	 2	 1	24	158.11395	77.35470	129.59697
2001	 2	 2	24	157.96727	77.24801	129.46442
2001	 2	 3	24	157.77617	77.14318	129.30379
2001	 2	 4	24	158.18718	77.04014	129.53328
2001	 2	 5	24	160.12947	80.42047	131.98335
2001	 2	 6	24	161.50272	85.65117	134.71870
2001	 2	 7	24	162.47551	87.95879	136.16284
2001	 2	 8	24	162.88992	88.52288	136.63011
2001	 2	 9	24	162.62999	89.55926	136.82793
2001	 2	10	24	162.05066	87.92296	135.87537
2001	 2	11	24	161.81203	87.96089	135.73439
2001	 2	12	24	161.87621	91.50279	137.02658
2001	 2	13	24	161.45689	90.10004	136.26001
2001	 2	14	24	161.10670	89.34189	135.76576
2001	 2	15	24	160.80093	91.06984	136.17812
2001	 2	16	24	160.39894	89.87408	135.49583
2001	 2	17	24	160.00719	87.86594	134.53333
2001	 2	18	24	159.66559	86.37006	133.78413
2001	 2	19	24	159.54686	85.02511	133.23241
2001	 2	20	24	159.31900	84.10404	132.75978
2001	 2	21	24	159.82512	83.36024	132.82454
2001	 2	22	24	160.95903	82.52399	133.26276
2001	 2	23	24	160.25932	81.71617	132.52489
2001	 2	24	24	159.82710	80.98371	131.98663
2001	 2	25	24	159.47345	80.31898	131.52315
2001	 2	26	24	159.20822	79.67381	131.12375
2001	 2	27	24	159.16982	79.04708	130.87761
2001	 2	28	24	159.26387	78.46481	130.73283
2001	 3	 1	24	159.37970	77.91457	130.61348
2001	 3	 2	24	159.20836	77.38017	130.31393
2001	 3	 3	24	159.38170	76.86706	130.24487
2001	 3	 4	24	159.50800	76.43104	130.17262
2001	 3	 5	24	159.12425	75.99027	129.76874
2001	 3	 6	24	159.15791	75.70115	129.68843
2001	 3	 7	24	159.36267	75.66277	129.80733
2001	 3	 8	24	160.53061	80.83386	132.38882
2001	 3	 9	24	161.41154	83.79610	134.00468
2001	 3	10	24	162.06645	85.01412	134.85843
2001	 3	11	24	162.37016	86.33703	135.52203
2001	 3	12	24	164.03374	92.21335	138.67317
2001	 3	13	24	163.62350	89.13948	137.32237
2001	 3	14	24	163.09195	85.26376	135.60997
2001	 3	15	24	162.66528	82.30560	134.28940
2001	 3	16	24	162.28824	81.23146	133.66621
2001	 3	17	24	162.91353	81.68250	134.22997
2001	 3	18	24	162.48004	80.15356	133.40967
2001	 3	19	24	162.24753	78.43873	132.65373
2001	 3	20	24	161.57059	76.06693	131.37831
2001	 3	21	24	161.13373	74.43088	130.51801
2001	 3	22	24	161.44984	74.91846	130.89467
2001	 3	23	24	161.39268	76.57527	131.44273
2001	 3	24	24	162.20322	81.74478	133.79247
2001	 3	25	24	161.73433	77.66863	132.04980
2001	 3	26	24	160.86862	74.22194	130.27274
2001	 3	27	24	160.23209	72.10135	129.11215
2001	 3	28	24	159.86877	70.05130	128.15324
2001	 3	29	24	159.28517	68.43797	127.20603
2001	 3	30	24	158.80331	68.12624	126.78426
2001	 3	31	24	158.22765	66.82852	125.95361
2001	 4	 1	24	157.61714	65.63477	125.13717
2001	 4	 2	24	156.97569	64.55447	124.34075
2001	 4	 3	24	156.34540	63.56752	123.58452
2001	 4	 4	24	157.28001	65.03779	124.70827
2001	 4	 5	24	156.62993	64.10237	123.95744
2001	 4	 6	24	156.04469	63.34996	123.31318
2001	 4	 7	24	156.33752	63.91672	123.70274
2001	 4	 8	24	156.36180	64.27236	123.84402
2001	 4	 9	24	155.79852	63.54900	123.22421
2001	 4	10	24	155.24612	62.98547	122.66788
2001	 4	11	24	154.71109	62.48706	122.14578
2001	 4	12	24	155.27937	63.50065	122.87130
2001	 4	13	24	155.84912	63.03878	123.07677
2001	 4	14	24	156.14197	62.60394	123.11266
2001	 4	15	24	156.47070	62.20634	123.18493
2001	 4	16	24	156.62527	64.06034	123.93958
2001	 4	17	24	156.26038	65.33017	124.15192
2001	 4	18	24	156.25537	67.47961	124.90768
2001	 4	19	24	155.79819	69.07115	125.17392
2001	 4	20	24	156.08325	71.03075	126.05029
2001	 4	21	24	156.15082	71.16889	126.14278
2001	 4	22	24	155.70244	71.14872	125.84560
2001	 4	23	24	155.14635	70.73967	125.34142
2001	 4	24	24	154.56786	70.34821	124.82898
2001	 4	25	24	155.55621	72.45179	126.21114
2001	 4	26	24	154.94772	71.74651	125.56847
2001	 4	27	24	154.44316	71.33717	125.09753
2001	 4	28	24	153.90369	70.97661	124.62123
2001	 4	29	24	153.34175	70.63734	124.13792
2001	 4	30	24	152.78619	70.31382	123.66430
2001	 5	 1	24	152.23624	70.00587	123.19979
2001	 5	 2	24	151.69185	69.71120	122.74358
2001	 5	 3	24	153.36765	69.86581	123.88223
2001	 5	 4	24	157.62828	87.88243	133.00026
2001	 5	 5	24	156.90044	85.40224	131.65366
2001	 5	 6	24	155.77011	81.83643	129.66333
2001	 5	 7	24	154.86525	79.70701	128.32605
2001	 5	 8	24	154.07320	77.90574	127.17764
2001	 5	 9	24	153.35545	76.70999	126.29110
2001	 5	10	24	152.71352	75.78113	125.54785
2001	 5	11	24	152.08733	75.03295	124.87859
2001	 5	12	24	151.47325	74.32352	124.23083
2001	 5	13	24	150.86813	73.64651	123.60033
2001	 5	14	24	150.27121	72.99908	122.98557
2001	 5	15	24	153.58124	74.89854	125.79752
2001	 5	16	24	152.66740	74.21288	124.96425
2001	 5	17	24	152.32489	73.85878	124.61765
2001	 5	18	24	151.73616	73.32520	124.04839
2001	 5	19	24	151.16544	72.81709	123.49978
2001	 5	20	24	150.60663	72.36646	122.97917
2001	 5	21	24	150.05566	71.97560	122.48474
2001	 5	22	24	149.51193	71.63371	122.01228
2001	 5	23	24	148.97502	71.31789	121.55344
2001	 5	24	24	148.44455	71.01822	121.10447
2001	 5	25	24	147.92143	70.73238	120.66513
2001	 5	26	24	147.40512	70.46218	120.23573
2001	 5	27	24	146.89825	70.20228	119.81607
2001	 5	28	24	151.04645	75.92563	124.52046
2001	 5	29	24	150.32050	74.73462	123.63029
2001	 5	30	24	149.80368	74.12255	123.07984
2001	 5	31	24	149.95232	75.75861	123.75371
2001	 6	 1	24	149.46257	75.05693	123.18913
2001	 6	 2	24	149.15163	75.32055	123.08106
2001	 6	 3	24	149.84885	76.51260	123.95302
2001	 6	 4	24	151.72734	80.29847	126.50503
2001	 6	 5	24	151.13454	77.49502	125.13161
2001	 6	 6	24	150.60909	76.58845	124.47159
2001	 6	 7	24	150.10573	75.95163	123.92110
2001	 6	 8	24	149.62947	75.34219	123.39782
2001	 6	 9	24	149.16118	74.76302	122.89038
2001	 6	10	24	149.70840	74.91846	123.29926
2001	 6	11	24	149.29211	74.43903	122.86067
2001	 6	12	24	148.83696	74.00214	122.41197
2001	 6	13	24	148.39172	73.59849	121.98141
2001	 6	14	24	147.95544	73.23900	121.57225
2001	 6	15	24	147.52715	72.92686	121.18497
2001	 6	16	24	147.10732	72.63618	120.81074
2001	 6	17	24	146.69188	72.36289	120.44550
2001	 6	18	24	147.63654	72.56564	121.12817
2001	 6	19	24	147.22681	72.30527	120.77119
2001	 6	20	24	146.82501	72.05627	120.42336
2001	 6	21	24	149.35489	74.15226	122.80003
2001	 6	22	24	149.16318	76.00337	123.32965
2001	 6	23	24	148.73859	75.33788	122.81999
2001	 6	24	24	148.34401	74.88791	122.40585
2001	 6	25	24	147.96333	74.54066	122.03699
2001	 6	26	24	147.59389	74.27168	121.70301
2001	 6	27	24	147.23840	74.02696	121.38664
2001	 6	28	24	147.02220	73.79664	121.16546
2001	 6	29	24	146.68349	73.57854	120.86933
2001	 6	30	24	146.59441	74.44640	121.11816
2001	 7	 1	24	146.26740	74.16874	120.80857
2001	 7	 2	24	145.94656	73.95969	120.52721
2001	 7	 3	24	145.63263	73.76196	120.25431
2001	 7	 4	24	145.32414	73.57130	119.98743
2001	 7	 5	24	145.02155	73.38670	119.72650
2001	 7	 6	24	144.72401	73.20834	119.47105
2001	 7	 7	24	153.49654	81.88104	128.20833
2001	 7	 8	24	152.65939	80.22445	127.08183
2001	 7	 9	24	151.95004	78.97684	126.18241
2001	 7	10	24	151.38127	78.26176	125.56197
2001	 7	11	24	150.90691	77.72141	125.06431
2001	 7	12	24	150.47041	77.26763	124.62171
2001	 7	13	24	150.06123	76.86917	124.21632
2001	 7	14	24	149.66350	76.49950	123.82849
2001	 7	15	24	152.04832	79.08992	126.28591
2001	 7	16	24	152.37007	78.55455	126.30501
2001	 7	17	24	152.15532	78.44833	126.12858
2001	 7	18	24	151.66273	77.95165	125.63454
2001	 7	19	24	151.23497	77.55813	125.21888
2001	 7	20	24	152.94868	81.92463	127.86932
2001	 7	21	24	152.15070	79.35410	126.44543
2001	 7	22	24	151.68800	78.34149	125.78855
2001	 7	23	24	151.25826	77.75240	125.30254
2001	 7	24	24	150.88632	77.26665	124.89041
2001	 7	25	24	150.53203	76.79754	124.49557
2001	 7	26	24	150.18274	76.38499	124.12395
2001	 7	27	24	149.84891	75.99680	123.77092
2001	 7	28	24	149.53365	75.62267	123.43488
2001	 7	29	24	149.22737	75.27637	123.11447
2001	 7	30	24	148.92683	74.97723	122.81443
2001	 7	31	24	148.64120	74.69802	122.53106
2001	 8	 1	24	148.34882	74.46047	122.25803
2001	 8	 2	24	148.06075	74.23317	121.99142
2001	 8	 3	24	147.77760	74.01863	121.73250
2001	 8	 4	24	147.57887	73.82740	121.53642
2001	 8	 5	24	147.30374	73.64252	121.29316
2001	 8	 6	24	147.03235	73.46321	121.05428
2001	 8	 7	24	146.76665	73.28914	120.82094
2001	 8	 8	24	146.50648	73.12040	120.59306
2001	 8	 9	24	146.25140	72.95646	120.37016
2001	 8	10	24	146.00011	72.79698	120.15128
2001	 8	11	24	145.75304	72.64206	119.93675
2001	 8	12	24	145.50958	72.49109	119.72595
2001	 8	13	24	145.27051	72.34388	119.51932
2001	 8	14	24	145.03561	72.20022	119.31664
2001	 8	15	24	144.80481	72.05997	119.11781
2001	 8	16	24	144.57707	71.92297	118.92212
2001	 8	17	24	148.52498	75.35854	122.68912
2001	 8	18	24	148.13087	74.75088	122.21960
2001	 8	19	24	154.46135	76.26121	126.84802
2001	 8	20	24	157.04858	85.08873	131.63878
2001	 8	21	24	156.05768	82.68894	130.15038
2001	 8	22	24	155.41049	81.55123	129.32999
2001	 8	23	24	154.89005	80.70336	128.69392
2001	 8	24	24	154.42339	80.13274	128.19055
2001	 8	25	24	153.97989	79.67039	127.74039
2001	 8	26	24	154.38727	82.66267	129.06052
2001	 8	27	24	154.06702	80.66999	128.14973
2001	 8	28	24	153.67546	80.01714	127.66591
2001	 8	29	24	153.30312	79.53267	127.25396
2001	 8	30	24	152.95744	79.08695	126.87297
2001	 8	31	24	153.34795	79.31655	127.20665
2001	 9	 1	24	156.80028	86.80347	132.08365
2001	 9	 2	24	155.69859	83.13966	130.07724
2001	 9	 3	24	155.15785	81.63506	129.19615
2001	 9	 4	24	154.60558	80.41830	128.40924
2001	 9	 5	24	154.16507	79.64911	127.85267
2001	 9	 6	24	153.75732	79.05530	127.37922
2001	 9	 7	24	155.32719	82.29993	129.54047
2001	 9	 8	24	154.99742	81.95420	129.20506
2001	 9	 9	24	155.78992	84.20276	130.51172
2001	 9	10	24	156.60040	87.96914	132.36595
2001	 9	11	24	155.61650	82.99339	129.97249
2001	 9	12	24	155.51596	81.62342	129.42371
2001	 9	13	24	155.44194	80.52570	128.98820
2001	 9	14	24	154.69800	78.84885	127.91484
2001	 9	15	24	154.11754	77.47392	127.05384
2001	 9	16	24	153.56543	76.26207	126.26878
2001	 9	17	24	153.04468	75.09980	125.52148
2001	 9	18	24	153.80627	76.65785	126.56432
2001	 9	19	24	153.55006	77.64083	126.74568
2001	 9	20	24	153.44832	77.30625	126.56173
2001	 9	21	24	153.24989	76.26617	126.06609
2001	 9	22	24	152.78429	75.18000	125.38137
2001	 9	23	24	152.61345	75.45414	125.36766
2001	 9	24	24	152.36340	75.42741	125.19646
2001	 9	25	24	152.58865	74.62450	125.05865
2001	 9	26	24	152.16693	73.79326	124.49233
2001	 9	27	24	151.80768	73.21825	124.05690
2001	 9	28	24	151.42876	72.58607	123.58854
2001	 9	29	24	151.02650	71.92751	123.09578
2001	 9	30	24	151.36060	71.56142	123.18264
2001	10	 1	24	153.04071	74.50437	125.30867
2001	10	 2	24	152.32896	73.60219	124.52968
2001	10	 3	24	153.22054	76.86330	126.25796
2001	10	 4	24	152.61694	75.53986	125.40018
2001	10	 5	24	152.11276	74.77835	124.80514
2001	10	 6	24	151.65128	74.10405	124.26851
2001	10	 7	24	151.22804	73.47324	123.77197
2001	10	 8	24	150.81360	72.88591	123.29649
2001	10	 9	24	150.40990	72.35216	122.84686
2001	10	10	24	150.02460	71.85887	122.42342
2001	10	11	24	149.65739	71.40131	122.02432
2001	10	12	24	149.30600	70.98069	121.64848
2001	10	13	24	148.96855	70.60442	121.29733
2001	10	14	24	148.63898	70.25841	120.96194
2001	10	15	24	148.31555	69.93494	120.63850
2001	10	16	24	147.99788	69.62821	120.32470
2001	10	17	24	147.68571	69.33628	120.01968
2001	10	18	24	147.37798	69.05790	119.72231
2001	10	19	24	147.07446	68.79015	119.43141
2001	10	20	24	146.77600	68.53254	119.14738
2001	10	21	24	147.57310	69.72247	120.08320
2001	10	22	24	149.08614	71.36903	121.64338
2001	10	23	24	148.77576	70.91426	121.28201
2001	10	24	24	149.21185	71.07249	121.61999
2001	10	25	24	148.96623	70.75146	121.34774
2001	10	26	24	148.68462	70.48426	121.07122
2001	10	27	24	148.60634	70.24256	120.93524
2001	10	28	24	150.23108	70.62408	122.12098
2001	10	29	24	149.92747	70.38683	121.84081
2001	10	30	24	149.65057	70.16319	121.58271
2001	10	31	24	149.48669	69.97079	121.40875
2001	11	 1	24	150.07686	71.57327	122.35638
2001	11	 2	24	150.10699	71.44332	122.32999
2001	11	 3	24	149.83469	71.18179	122.06149
2001	11	 4	24	149.57863	70.97199	121.82177
2001	11	 5	24	149.39427	70.86283	121.66396
2001	11	 6	24	149.49980	71.50542	121.95913
2001	11	 7	24	153.62581	75.33893	125.98186
2001	11	 8	24	157.87503	85.87957	132.45265
2001	11	 9	24	156.72368	82.65710	130.56996
2001	11	10	24	156.01367	81.10164	129.56142
2001	11	11	24	155.42642	79.83173	128.73311
2001	11	12	24	155.60110	79.66661	128.78781
2001	11	13	24	155.05278	78.94122	128.17696
2001	11	14	24	154.56664	78.34081	127.65047
2001	11	15	24	154.25623	77.96320	127.31632
2001	11	16	24	153.83437	77.42179	126.85226
2001	11	17	24	153.43271	76.94357	126.42356
2001	11	18	24	153.18007	76.51974	126.11047
2001	11	19	24	154.52713	78.37173	127.63583
2001	11	20	24	154.02591	77.69837	127.07383
2001	11	21	24	153.73257	77.45052	126.79655
2001	11	22	24	156.08235	81.88631	129.88292
2001	11	23	24	155.02635	79.41930	128.32867
2001	11	24	24	154.42184	78.58499	127.64302
2001	11	25	24	154.08583	77.95393	127.20283
2001	11	26	24	154.78242	80.48951	128.54878
2001	11	27	24	154.32999	78.96074	127.71629
2001	11	28	24	154.29219	78.47009	127.51858
2001	11	29	24	154.59950	78.93358	127.88103
2001	11	30	24	153.86488	78.35139	127.20025
2001	12	 1	24	153.36908	77.89297	126.71764
2001	12	 2	24	152.91878	77.64655	126.33933
2001	12	 3	24	152.47925	77.40726	125.97051
2001	12	 4	24	152.77605	76.94904	126.00070
2001	12	 5	24	156.39621	85.15022	131.23848
2001	12	 6	24	157.48651	86.62305	132.46385
2001	12	 7	24	156.14165	82.37391	130.09346
2001	12	 8	24	155.24977	80.00141	128.67876
2001	12	 9	24	154.50520	78.46465	127.65446
2001	12	10	24	154.07292	77.30832	126.96650
2001	12	11	24	153.81586	76.37830	126.47182
2001	12	12	24	153.69577	75.67352	126.14526
2001	12	13	24	152.98990	74.87366	125.40620
2001	12	14	24	152.47336	74.12260	124.80685
2001	12	15	24	151.98874	73.47489	124.26464
2001	12	16	24	151.49260	72.86919	123.72981
2001	12	17	24	150.99329	72.29666	123.20464
2001	12	18	24	150.50267	71.76723	122.70033
2001	12	19	24	151.84601	71.30944	123.40766
2001	12	20	24	151.28876	70.91490	122.90788
2001	12	21	24	150.89383	70.55608	122.52569
2001	12	22	24	150.76953	70.22003	122.32663
2001	12	23	24	150.34999	69.90291	121.94324
2001	12	24	24	150.08342	69.60260	121.66476
2001	12	25	24	151.32999	69.31712	122.37035
2001	12	26	24	151.06314	69.04288	122.10090
2001	12	27	24	151.11717	68.77903	122.04267
2001	12	28	24	151.96956	68.52480	122.50430
2001	12	29	24	151.56825	68.27949	122.15809
2001	12	30	24	151.11066	68.04324	121.77864
2001	12	31	24	150.79512	67.81506	121.49395
2002	 1	 1	24	150.38455	67.59438	121.15044
2002	 1	 2	24	150.10675	67.38169	120.89563
2002	 1	 3	24	149.76926	67.17539	120.60446
2002	 1	 4	24	149.72176	66.97509	120.50301
2002	 1	 5	24	149.99577	66.78045	120.61153
2002	 1	 6	24	150.40503	66.59181	120.80966
2002	 1	 7	24	150.21715	66.41154	120.62447
2002	 1	 8	24	150.12314	66.23935	120.50286
2002	 1	 9	24	150.56174	66.69453	120.94731
2002	 1	10	24	150.74211	68.10753	121.56293
2002	 1	11	24	150.77727	68.60799	121.76240
2002	 1	12	24	150.87863	68.43735	121.76772
2002	 1	13	24	150.64970	68.29060	121.56780
2002	 1	14	24	150.73711	68.35730	121.64790
2002	 1	15	24	150.39595	68.23191	121.38293
2002	 1	16	24	150.23701	68.08589	121.22856
2002	 1	17	24	150.20973	67.94355	121.16064
2002	 1	18	24	150.15379	67.80528	121.07564
2002	 1	19	24	150.68573	67.71125	121.38654
2002	 1	20	24	151.81273	70.98174	123.27043
2002	 1	21	24	152.49007	77.42607	125.98415
2002	 1	22	24	152.56209	80.49876	127.11575
2002	 1	23	24	152.49646	82.09924	127.63844
2002	 1	24	24	152.92944	85.39644	129.08279
2002	 1	25	24	152.41249	84.45499	128.41595
2002	 1	26	24	152.89314	86.02893	129.28265
2002	 1	27	24	154.17540	91.76337	132.13702
2002	 1	28	24	154.44287	92.82512	132.68497
2002	 1	29	24	154.30949	92.85928	132.61075
2002	 1	30	24	153.98882	92.69952	132.34689
2002	 1	31	24	153.39732	91.90972	131.68538
2002	 2	 1	24	152.66158	89.50878	130.36163
2002	 2	 2	24	152.08638	88.48855	129.62929
2002	 2	 3	24	151.30347	84.86269	127.84251
2002	 2	 4	24	150.52283	82.21809	126.40367
2002	 2	 5	24	149.86610	80.93099	125.52437
2002	 2	 6	24	149.08492	78.87254	124.29216
2002	 2	 7	24	148.34842	76.61102	123.01716
2002	 2	 8	24	147.59169	75.96320	122.29889
2002	 2	 9	24	149.17387	78.07974	124.06976
2002	 2	10	24	148.82478	74.87487	122.71227
2002	 2	11	24	148.47246	75.06207	122.55045
2002	 2	12	24	150.46048	76.95978	124.50658
2002	 2	13	24	148.95020	69.67278	120.95648
2002	 2	14	24	147.85257	66.03595	118.96223
2002	 2	15	24	146.88615	63.03182	117.27628
2002	 2	16	24	145.90642	60.58535	115.77862
2002	 2	17	24	144.92297	58.69025	114.47326
2002	 2	18	24	143.95839	57.09143	113.28472
2002	 2	19	24	145.88611	55.90897	114.11420
2002	 2	20	24	147.80315	59.34060	116.56606
2002	 2	21	24	146.60658	58.08768	115.34959
2002	 2	22	24	146.67738	56.90237	114.97685
2002	 2	23	24	147.23354	58.18215	115.78852
2002	 2	24	24	146.54022	57.26702	115.01688
2002	 2	25	24	146.63345	57.07817	115.01051
2002	 2	26	24	147.11360	62.39000	117.19677
2002	 2	27	24	146.82559	66.58236	118.49083
2002	 2	28	24	146.12683	67.16531	118.24465
2002	 3	 1	24	145.53081	67.89755	118.11765
2002	 3	 2	24	144.70178	66.76936	117.18299
2002	 3	 3	24	144.09061	66.17565	116.57799
2002	 3	 4	24	143.73889	66.72485	116.54439
2002	 3	 5	24	143.30846	69.05580	117.08904
2002	 3	 6	24	142.66628	72.41621	117.86021
2002	 3	 7	24	142.70827	73.43333	118.24654
2002	 3	 8	24	141.77919	72.34340	117.26065
2002	 3	 9	24	140.83252	72.58932	116.73511
2002	 3	10	24	139.81812	71.16489	115.57592
2002	 3	11	24	138.84059	69.80987	114.46509
2002	 3	12	24	137.90352	68.55432	113.41557
2002	 3	13	24	137.00317	67.50176	112.46147
2002	 3	14	24	136.15430	66.64772	111.61076
2002	 3	15	24	135.32292	65.93969	110.82295
2002	 3	16	24	134.51323	65.30177	110.07391
2002	 3	17	24	133.72752	64.71923	109.35995
2002	 3	18	24	133.08540	64.18206	108.75488
2002	 3	19	24	132.36241	64.18072	108.28671
2002	 3	20	24	136.61650	67.73965	112.29534
2002	 3	21	24	136.01831	67.76728	111.91812
2002	 3	22	24	138.52724	70.29396	114.43332
2002	 3	23	24	140.68741	69.44325	115.53033
2002	 3	24	24	140.53841	68.84376	115.22224
2002	 3	25	24	139.96425	68.35577	114.67851
2002	 3	26	24	139.53078	67.90556	114.23913
2002	 3	27	24	139.83034	67.48705	114.28513
2002	 3	28	24	141.32797	68.72890	115.69245
2002	 3	29	24	142.06229	74.30804	118.13752
2002	 3	30	24	141.81897	78.61095	119.49953
2002	 3	31	24	141.05624	74.91099	117.69964
2002	 4	 1	24	140.33795	73.43972	116.71546
2002	 4	 2	24	139.66553	72.42931	115.92369
2002	 4	 3	24	139.01724	71.51912	115.18292
2002	 4	 4	24	138.38957	70.67155	114.47760
2002	 4	 5	24	137.77982	69.92466	113.81942
2002	 4	 6	24	137.19052	69.31287	113.22218
2002	 4	 7	24	136.62520	68.81114	112.67931
2002	 4	 8	24	136.08192	68.38140	112.17613
2002	 4	 9	24	135.55623	67.98003	111.69434
2002	 4	10	24	135.04356	67.60089	111.22882
2002	 4	11	24	134.54495	67.24160	110.77940
2002	 4	12	24	134.05978	66.90012	110.34497
2002	 4	13	24	133.58713	66.57465	109.92429
2002	 4	14	24	143.49332	75.84979	119.60765
2002	 4	15	24	143.75819	76.30244	119.93884
2002	 4	16	24	142.79657	74.74502	118.76682
2002	 4	17	24	142.11201	73.85933	118.01125
2002	 4	18	24	141.47040	73.20729	117.36595
2002	 4	19	24	140.93590	72.59012	116.80225
2002	 4	20	24	140.43608	72.02257	116.27852
2002	 4	21	24	139.95972	71.54343	115.80118
2002	 4	22	24	139.50156	71.12489	115.35701
2002	 4	23	24	139.05455	70.78502	114.94783
2002	 4	24	24	138.61899	70.47012	114.55488
2002	 4	25	24	138.19353	70.16986	114.17363
2002	 4	26	24	139.50996	70.96092	115.30454
2002	 4	27	24	139.08099	70.64321	114.91486
2002	 4	28	24	138.68047	70.36385	114.55712
2002	 4	29	24	138.29184	70.09535	114.21091
2002	 4	30	24	137.91447	69.83737	113.87571
2002	 5	 1	24	137.54800	69.58888	113.55090
2002	 5	 2	24	137.19653	69.34904	113.23885
2002	 5	 3	24	136.85884	69.11722	112.93853
2002	 5	 4	24	136.53033	68.89294	112.64683
2002	 5	 5	24	142.65685	74.01315	118.41801
2002	 5	 6	24	143.08440	75.76698	119.31388
2002	 5	 7	24	142.46748	74.75307	118.55679
2002	 5	 8	24	141.97707	74.15909	118.02980
2002	 5	 9	24	141.55627	73.71561	117.60100
2002	 5	10	24	141.17967	73.30970	117.21405
2002	 5	11	24	140.86397	72.93546	116.87767
2002	 5	12	24	140.83893	72.69978	116.77825
2002	 5	13	24	140.52428	72.40288	116.46987
2002	 5	14	24	140.22069	72.15550	116.18613
2002	 5	15	24	139.92480	71.93072	115.91535
2002	 5	16	24	139.63574	71.71495	115.65218
2002	 5	17	24	139.35321	71.50574	115.39553
2002	 5	18	24	139.07719	71.30300	115.14539
2002	 5	19	24	138.87950	71.10681	114.94822
2002	 5	20	24	138.61519	70.91702	114.71023
2002	 5	21	24	138.35699	70.73248	114.47804
2002	 5	22	24	138.10425	70.55298	114.25116
2002	 5	23	24	139.13493	70.90664	115.04278
2002	 5	24	24	138.83682	70.72767	114.78674
2002	 5	25	24	141.95857	73.56660	117.80862
2002	 5	26	24	141.51085	73.03099	117.32986
2002	 5	27	24	141.35849	72.69621	117.11309
2002	 5	28	24	141.08070	72.43515	116.84122
2002	 5	29	24	140.83023	72.22816	116.60609
2002	 5	30	24	140.59001	72.05379	116.38913
2002	 5	31	24	140.35425	71.88775	116.17798
2002	 6	 1	24	140.12222	71.72640	115.97092
2002	 6	 2	24	139.89383	71.57023	115.76802
2002	 6	 3	24	139.66896	71.41896	115.56914
2002	 6	 4	24	139.44748	71.27293	115.37431
2002	 6	 5	24	139.27983	71.13262	115.21631
2002	 6	 6	24	139.29652	70.99657	115.17906
2002	 6	 7	24	152.67027	86.97578	129.47282
2002	 6	 8	24	155.65852	90.65736	132.70590
2002	 6	 9	24	154.46365	87.30442	130.74899
2002	 6	10	24	153.59924	84.91331	129.34549
2002	 6	11	24	152.88950	83.25540	128.30093
2002	 6	12	24	152.26170	82.03127	127.46257
2002	 6	13	24	152.26381	81.63288	127.32326
2002	 6	14	24	151.61880	80.40963	126.47407
2002	 6	15	24	151.32631	79.58325	125.99306
2002	 6	16	24	150.78554	78.80412	125.36811
2002	 6	17	24	150.28989	78.12196	124.80661
2002	 6	18	24	149.81006	77.50064	124.27681
2002	 6	19	24	149.34227	76.95962	123.78317
2002	 6	20	24	150.03796	76.70316	124.14264
2002	 6	21	24	149.82495	76.28352	123.85667
2002	 6	22	24	149.40222	75.86393	123.43505
2002	 6	23	24	148.99580	75.46013	123.02956
2002	 6	24	24	148.59409	75.06825	122.63131
2002	 6	25	24	148.19827	74.68661	122.24050
2002	 6	26	24	147.80830	74.31499	121.85701
2002	 6	27	24	147.42630	73.95621	121.48321
2002	 6	28	24	147.05582	73.61093	121.12163
2002	 6	29	24	146.69473	73.28106	120.77156
2002	 6	30	24	146.35767	72.96972	120.44358
2002	 7	 1	24	146.03831	72.68262	120.13562
2002	 7	 2	24	146.91338	74.24221	121.25240
2002	 7	 3	24	146.85255	74.37549	121.26011
2002	 7	 4	24	146.55852	74.05329	120.95613
2002	 7	 5	24	146.27411	73.78004	120.67566
2002	 7	 6	24	146.80489	73.81141	121.03010
2002	 7	 7	24	146.51894	73.55228	120.75362
2002	 7	 8	24	146.24883	73.30482	120.49150
2002	 7	 9	24	145.98611	73.07225	120.23943
2002	 7	10	24	146.34825	72.85183	120.39586
2002	 7	11	24	146.09010	72.64867	120.15714
2002	 7	12	24	145.84050	72.45665	119.92786
2002	 7	13	24	149.55795	77.25333	124.02640
2002	 7	14	24	148.95099	76.27246	123.28741
2002	 7	15	24	148.57127	75.79350	122.87264
2002	 7	16	24	151.64047	79.51559	126.17239
2002	 7	17	24	150.77277	78.01722	125.08199
2002	 7	18	24	150.29262	77.43402	124.56545
2002	 7	19	24	149.89774	76.99238	124.15406
2002	 7	20	24	149.53151	76.59871	123.77814
2002	 7	21	24	149.17664	76.25993	123.42896
2002	 7	22	24	148.83878	75.94210	123.09817
2002	 7	23	24	148.53046	75.65799	122.79839
2002	 7	24	24	148.24261	75.39485	122.51928
2002	 7	25	24	147.96631	75.14877	122.25365
2002	 7	26	24	147.70503	74.92294	122.00488
2002	 7	27	24	147.45859	74.72469	121.77546
2002	 7	28	24	147.22092	74.53349	121.55419
2002	 7	29	24	146.98929	74.35120	121.33999
2002	 7	30	24	146.76221	74.17844	121.13209
2002	 7	31	24	146.53918	74.01394	120.92973
2002	 8	 1	24	155.18791	74.66283	126.75362
2002	 8	 2	24	154.11136	74.47401	125.99054
2002	 8	 3	24	153.41457	74.31165	125.48246
2002	 8	 4	24	153.96326	79.77711	127.76732
2002	 8	 5	24	153.26964	78.44711	126.84898
2002	 8	 6	24	152.82568	77.86806	126.35733
2002	 8	 7	24	153.91840	80.08120	127.84567
2002	 8	 8	24	153.85881	79.18824	127.49182
2002	 8	 9	24	153.20990	78.46708	126.81740
2002	 8	10	24	152.74405	77.99970	126.35101
2002	 8	11	24	156.98036	99.59539	136.71710
2002	 8	12	24	175.08409	149.14865	165.92601
2002	 8	13	24	173.87209	134.18608	159.85852
2002	 8	14	24	172.01089	117.06052	152.60732
2002	 8	15	24	170.50298	99.67885	145.49420
2002	 8	16	24	169.10309	86.13647	139.80667
2002	 8	17	24	168.41437	74.12336	135.11919
2002	 8	18	24	166.83836	67.86958	131.89140
2002	 8	19	24	165.53415	63.87684	129.63785
2002	 8	20	24	164.38808	60.80853	127.81301
2002	 8	21	24	163.29439	58.30238	126.22057
2002	 8	22	24	162.33688	56.17669	124.85056
2002	 8	23	24	161.40660	54.32907	123.59636
2002	 8	24	24	160.46841	52.69343	122.41189
2002	 8	25	24	159.52184	51.22507	121.28106
2002	 8	26	24	158.56671	49.89224	120.19257
2002	 8	27	24	157.60457	48.67159	119.13914
2002	 8	28	24	156.63890	47.54536	118.11678
2002	 8	29	24	155.68166	46.63261	117.17525
2002	 8	30	24	154.78477	45.79555	116.29949
2002	 8	31	24	154.39662	46.02977	116.13110
2002	 9	 1	24	153.56746	45.27962	115.32984
2002	 9	 2	24	152.74405	44.70372	114.59383
2002	 9	 3	24	151.92110	44.22453	113.89226
2002	 9	 4	24	151.10080	43.78643	113.20692
2002	 9	 5	24	153.98984	50.56148	117.46815
2002	 9	 6	24	152.99866	49.13363	116.32278
2002	 9	 7	24	152.27110	48.29807	115.55709
2002	 9	 8	24	151.58156	47.62870	114.87466
2002	 9	 9	24	150.89923	47.12414	114.25512
2002	 9	10	24	151.60336	47.08940	114.69834
2002	 9	11	24	150.91704	46.71533	114.12228
2002	 9	12	24	150.24251	46.40395	113.57597
2002	 9	13	24	149.57446	46.12265	113.04450
2002	 9	14	24	150.09937	48.27006	114.14233
2002	 9	15	24	151.19206	48.38802	114.89083
2002	 9	16	24	150.47952	47.94003	114.27171
2002	 9	17	24	149.80910	47.63570	113.73055
2002	 9	18	24	149.14456	47.38762	113.21307
2002	 9	19	24	148.48630	47.17609	112.71256
2002	 9	20	24	147.83423	46.98208	112.22224
2002	 9	21	24	147.18823	46.81127	111.74403
2002	 9	22	24	149.37646	52.74227	115.25388
2002	 9	23	24	149.10417	51.62634	114.68369
2002	 9	24	24	148.45042	50.97997	114.03254
2002	 9	25	24	147.80235	50.48716	113.43930
2002	 9	26	24	152.97630	64.30506	121.66552
2002	 9	27	24	151.60976	61.98166	119.96110
2002	 9	28	24	150.70866	60.41060	118.82343
2002	 9	29	24	149.99687	59.44109	118.02064
2002	 9	30	24	149.31293	58.75386	117.33553
2002	10	 1	24	148.63635	58.12457	116.67565
2002	10	 2	24	147.96889	57.52825	116.03331
2002	10	 3	24	147.47992	57.28519	115.63118
2002	10	 4	24	146.83191	56.78627	115.03581
2002	10	 5	24	148.96414	59.37824	117.33038
2002	10	 6	24	150.91704	66.20796	121.00533
2002	10	 7	24	150.10042	65.28407	120.15084
2002	10	 8	24	149.52371	64.08244	119.35346
2002	10	 9	24	148.84819	63.30481	118.64189
2002	10	10	24	148.18504	62.59354	117.96175
2002	10	11	24	147.54185	61.92590	117.30993
2002	10	12	24	146.91193	61.33835	116.69496
2002	10	13	24	146.29401	60.83103	116.11610
2002	10	14	24	145.68907	60.36738	115.56105
2002	10	15	24	147.52742	62.85435	117.62843
2002	10	16	24	148.85088	64.50148	119.06618
2002	10	17	24	148.13431	63.66710	118.30801
2002	10	18	24	147.53104	63.05264	117.70079
2002	10	19	24	148.42107	64.54529	118.80361
2002	10	20	24	147.80957	63.84621	118.16119
2002	10	21	24	148.32483	64.90706	118.86911
2002	10	22	24	148.52110	66.55660	119.57854
2002	10	23	24	147.89781	65.67492	118.86401
2002	10	24	24	147.33360	65.10965	118.29943
2002	10	25	24	149.42731	74.14989	122.84603
2002	10	26	24	148.37938	70.56582	120.90257
2002	10	27	24	148.74083	72.19176	121.71052
2002	10	28	24	148.66133	71.86533	121.54382
2002	10	29	24	147.98323	69.91431	120.41624
2002	10	30	24	147.37460	68.81153	119.63313
2002	10	31	24	146.86206	67.85240	118.96289
2002	11	 1	24	146.62431	67.09420	118.54137
2002	11	 2	24	148.26750	69.78016	120.55276
2002	11	 3	24	148.45976	68.63428	120.27251
2002	11	 4	24	148.01286	67.87415	119.71501
2002	11	 5	24	147.46123	67.17398	119.11092
2002	11	 6	24	146.99001	66.56027	118.58939
2002	11	 7	24	146.87761	66.00064	118.31907
2002	11	 8	24	149.54488	65.85057	119.99151
2002	11	 9	24	149.47997	68.02615	120.71773
2002	11	10	24	148.83693	67.89169	120.25429
2002	11	11	24	148.95993	70.39689	121.21846
2002	11	12	24	148.48154	71.56644	121.32198
2002	11	13	24	148.02742	71.35502	120.95355
2002	11	14	24	147.60382	71.21040	120.62847
2002	11	15	24	147.20773	72.53725	120.84077
2002	11	16	24	146.80975	73.99896	121.09946
2002	11	17	24	146.19008	72.96352	120.33298
2002	11	18	24	146.56674	72.91724	120.56030
2002	11	19	24	150.66739	76.48027	124.47111
2002	11	20	24	148.92397	69.56149	120.90021
2002	11	21	24	147.84914	66.71498	119.19978
2002	11	22	24	149.26562	71.71379	121.88123
2002	11	23	24	148.11372	68.64797	120.05350
2002	11	24	24	147.16223	65.81874	118.43896
2002	11	25	24	146.33881	63.57810	117.11510
2002	11	26	24	145.51976	61.78021	115.95041
2002	11	27	24	145.27032	62.54058	116.05756
2002	11	28	24	144.76610	61.46363	115.35109
2002	11	29	24	147.79593	68.45959	119.78140
2002	11	30	24	148.07880	69.47827	120.32409
2002	12	 1	24	146.70680	67.42817	118.71265
2002	12	 2	24	145.91618	66.15051	117.75005
2002	12	 3	24	145.34169	65.15588	117.02721
2002	12	 4	24	144.67792	64.35683	116.31567
2002	12	 5	24	144.22563	63.88448	115.85630
2002	12	 6	24	143.54852	63.15583	115.16099
2002	12	 7	24	142.90231	62.51851	114.51791
2002	12	 8	24	142.28493	61.94741	113.91688
2002	12	 9	24	141.68134	61.43439	113.34526
2002	12	10	24	141.10069	60.96634	112.80437
2002	12	11	24	140.53717	60.53703	112.28825
2002	12	12	24	139.99174	60.14505	111.79700
2002	12	13	24	139.48338	59.78199	111.33995
2002	12	14	24	138.96594	59.44394	110.88586
2002	12	15	24	138.46132	59.12767	110.44774
2002	12	16	24	138.34586	58.83131	110.26840
2002	12	17	24	139.16920	58.55353	110.70293
2002	12	18	24	138.69919	58.29158	110.30638
2002	12	19	24	138.69836	58.04490	110.21874
2002	12	20	24	139.39581	57.81301	110.58804
2002	12	21	24	139.63985	57.59394	110.66854
2002	12	22	24	140.50658	57.38701	111.15615
2002	12	23	24	140.20183	57.19223	110.89024
2002	12	24	24	139.80899	57.00670	110.57060
2002	12	25	24	139.89182	56.82899	110.56143
2002	12	26	24	140.05766	56.66014	110.60909
2002	12	27	24	140.69221	56.49923	110.96276
2002	12	28	24	141.93810	56.34545	111.71440
2002	12	29	24	148.11520	61.08723	117.38468
2002	12	30	24	153.33002	80.77666	127.71064
2002	12	31	24	151.68605	78.00521	125.66855
2003	 1	 1	24	150.74075	76.19034	124.41619
2003	 1	 2	24	154.44040	89.73511	131.59225
2003	 1	 3	24	154.50851	90.33176	131.84700
2003	 1	 4	24	153.02007	85.42001	129.14975
2003	 1	 5	24	152.00531	82.45560	127.44655
2003	 1	 6	24	151.02034	79.90577	125.90901
2003	 1	 7	24	150.10078	77.80795	124.57340
2003	 1	 8	24	149.23096	76.23926	123.45679
2003	 1	 9	24	148.43021	74.83031	122.44128
2003	 1	10	24	147.60432	73.64772	121.48944
2003	 1	11	24	146.84877	72.63000	120.64131
2003	 1	12	24	146.12236	71.71098	119.84689
2003	 1	13	24	146.43030	70.84602	119.74066
2003	 1	14	24	147.95468	71.59171	120.99007
2003	 1	15	24	148.05696	71.62590	121.06832
2003	 1	16	24	148.08826	71.41808	121.01518
2003	 1	17	24	148.01585	71.77032	121.09273
2003	 1	18	24	147.77220	71.75251	120.92883
2003	 1	19	24	147.51292	71.30590	120.60339
2003	 1	20	24	147.24110	71.56407	120.51871
2003	 1	21	24	146.76117	71.11491	120.04964
2003	 1	22	24	146.33157	70.58337	119.58405
2003	 1	23	24	148.32220	72.71764	121.62540
2003	 1	24	24	147.55765	72.33136	120.99442
2003	 1	25	24	147.26340	71.88805	120.64754
2003	 1	26	24	147.02467	71.42336	120.32903
2003	 1	27	24	148.49663	78.93779	123.93464
2003	 1	28	24	148.63248	79.70463	124.29330
2003	 1	29	24	147.90128	76.58343	122.71816
2003	 1	30	24	147.34143	75.14372	121.84763
2003	 1	31	24	146.66893	74.19901	121.07901
2003	 2	 1	24	146.03024	73.35195	120.36674
2003	 2	 2	24	145.52597	72.58454	119.76956
2003	 2	 3	24	146.52580	71.86355	120.16174
2003	 2	 4	24	146.43860	71.22791	119.88089
2003	 2	 5	24	146.52625	70.68707	119.74660
2003	 2	 6	24	145.87907	70.20514	119.15778
2003	 2	 7	24	145.77370	69.77128	118.93642
2003	 2	 8	24	145.18573	69.37312	118.41547
2003	 2	 9	24	144.63980	69.01762	117.93678
2003	 2	10	24	144.50455	68.67965	117.72995
2003	 2	11	24	144.53983	68.36079	117.64017
2003	 2	12	24	144.71021	68.05724	117.64321
2003	 2	13	24	144.81035	67.76610	117.60519
2003	 2	14	24	144.85005	67.48720	117.53239
2003	 2	15	24	144.30304	67.22026	117.08427
2003	 2	16	24	143.73888	66.96651	116.62971
2003	 2	17	24	143.25116	66.72244	116.22803
2003	 2	18	24	142.74568	66.48708	115.81794
2003	 2	19	24	142.26723	66.26751	115.43089
2003	 2	20	24	143.86763	66.34430	116.49330
2003	 2	21	24	145.09171	67.37979	117.65079
2003	 2	22	24	145.25430	67.85993	117.92551
2003	 2	23	24	145.33969	68.69153	118.27439
2003	 2	24	24	145.60005	70.99527	119.25629
2003	 2	25	24	145.74881	73.71842	120.31409
2003	 2	26	24	145.57840	74.57387	120.50592
2003	 2	27	24	145.51204	76.50109	121.14352
2003	 2	28	24	145.59680	79.18524	122.14616
2003	 3	 1	24	145.61154	80.45684	122.60471
2003	 3	 2	24	145.37117	79.77519	122.20852
2003	 3	 3	24	145.08388	79.42348	121.89848
2003	 3	 4	24	144.72050	78.69106	121.40479
2003	 3	 5	24	144.37608	78.60822	121.15273
2003	 3	 6	24	144.95596	78.28976	121.41540
2003	 3	 7	24	145.37866	78.02301	121.59465
2003	 3	 8	24	145.32050	78.62919	121.77106
2003	 3	 9	24	145.14493	79.43501	121.94204
2003	 3	10	24	144.84404	82.12666	122.69785
2003	 3	11	24	146.89789	84.16261	124.74538
2003	 3	12	24	148.33727	84.35462	125.74429
2003	 3	13	24	147.76547	80.84964	124.13676
2003	 3	14	24	147.33607	78.97083	123.19556
2003	 3	15	24	146.93324	77.73359	122.49809
2003	 3	16	24	146.54062	76.77264	121.90479
2003	 3	17	24	146.15698	75.66957	121.26711
2003	 3	18	24	145.78149	74.58751	120.64213
2003	 3	19	24	145.41603	73.60821	120.05991
2003	 3	20	24	145.06282	72.68336	119.50484
2003	 3	21	24	144.72041	71.83520	118.98385
2003	 3	22	24	144.38477	71.05118	118.48988
2003	 3	23	24	144.05536	70.32432	118.02013
2003	 3	24	24	143.73242	69.65079	117.57339
2003	 3	25	24	143.41795	69.02897	117.15039
2003	 3	26	24	143.11060	68.45467	116.74877
2003	 3	27	24	142.81030	67.91760	116.36488
2003	 3	28	24	142.51654	67.41378	115.99693
2003	 3	29	24	142.22841	66.93729	115.64229
2003	 3	30	24	141.94545	66.48704	115.30026
2003	 3	31	24	141.66800	66.06238	114.97083
2003	 4	 1	24	141.39778	65.66644	114.65622
2003	 4	 2	24	141.47798	65.29686	114.57760
2003	 4	 3	24	141.35127	64.95548	114.37509
2003	 4	 4	24	141.08992	64.62312	114.08865
2003	 4	 5	24	140.83311	64.34276	113.82353
2003	 4	 6	24	141.09055	64.04074	113.88342
2003	 4	 7	24	140.84180	63.75343	113.62106
2003	 4	 8	24	140.67766	63.47809	113.41765
2003	 4	 9	24	140.48668	63.21361	113.20071
2003	 4	10	24	140.64677	63.31829	113.34124
2003	 4	11	24	140.40184	63.07078	113.09540
2003	 4	12	24	140.16861	63.30302	113.02653
2003	 4	13	24	139.93887	63.05942	112.79190
2003	 4	14	24	139.71249	62.82941	112.56424
2003	 4	15	24	139.48914	62.61120	112.34270
2003	 4	16	24	139.26872	62.40427	112.12704
2003	 4	17	24	139.05118	62.20438	111.91574
2003	 4	18	24	148.21198	67.14032	119.58469
2003	 4	19	24	154.43622	78.43211	127.59834
2003	 4	20	24	153.42972	76.59211	126.29752
2003	 4	21	24	152.80353	75.39806	125.47081
2003	 4	22	24	152.27222	74.36713	124.76308
2003	 4	23	24	151.79411	73.61143	124.18696
2003	 4	24	24	151.35316	72.99776	123.68501
2003	 4	25	24	150.93304	72.50092	123.23781
2003	 4	26	24	150.71455	72.14713	122.97153
2003	 4	27	24	150.35291	71.72636	122.58901
2003	 4	28	24	150.00169	71.31838	122.21777
2003	 4	29	24	149.66006	70.92414	121.85755
2003	 4	30	24	149.34023	70.55297	121.51958
2003	 5	 1	24	149.04141	70.21230	121.20599
2003	 5	 2	24	148.75781	69.90617	120.91444
2003	 5	 3	24	148.48451	69.61786	120.63583
2003	 5	 4	24	148.22223	69.34969	120.37148
2003	 5	 5	24	147.97261	69.11478	120.12704
2003	 5	 6	24	147.72987	68.89907	119.89385
2003	 5	 7	24	147.49327	68.69569	119.66899
2003	 5	 8	24	151.42642	71.31767	123.13914
2003	 5	 9	24	150.82513	70.99012	122.63452
2003	 5	10	24	150.48836	70.65971	122.29999
2003	 5	11	24	150.18486	70.41447	122.01707
2003	 5	12	24	149.92099	70.20128	121.77109
2003	 5	13	24	149.82288	70.01135	121.64056
2003	 5	14	24	149.60199	69.83502	121.43540
2003	 5	15	24	149.38522	69.66390	121.23475
2003	 5	16	24	149.17313	69.49761	121.03883
2003	 5	17	24	148.96600	69.33586	120.84773
2003	 5	18	24	149.73694	70.68583	121.82314
2003	 5	19	24	151.08493	72.80803	123.44450
2003	 5	20	24	150.70909	72.24554	123.00275
2003	 5	21	24	150.46239	71.90627	122.72337
2003	 5	22	24	150.25287	71.63581	122.49233
2003	 5	23	24	150.05115	71.40282	122.27957
2003	 5	24	24	149.85313	71.20451	122.08145
2003	 5	25	24	149.65785	71.03773	121.89623
2003	 5	26	24	150.78180	71.78190	122.88607
2003	 5	27	24	150.50067	71.55441	122.62389
2003	 5	28	24	150.28505	71.39475	122.42802
2003	 5	29	24	150.09180	71.24467	122.25002
2003	 5	30	24	149.90285	71.10004	122.07671
2003	 5	31	24	149.71614	70.95996	121.90647
2003	 6	 1	24	149.53163	70.82420	121.73917
2003	 6	 2	24	149.34917	70.69204	121.57449
2003	 6	 3	24	149.16875	70.56403	121.41256
2003	 6	 4	24	148.99028	70.43937	121.25310
2003	 6	 5	24	150.03268	70.31779	121.88448
2003	 6	 6	24	149.79123	70.19885	121.68629
2003	 6	 7	24	149.59981	70.08234	121.52132
2003	 6	 8	24	149.42409	69.96900	121.36764
2003	 6	 9	24	149.25153	69.85829	121.21690
2003	 6	10	24	149.08080	69.75021	121.06830
2003	 6	11	24	148.91206	69.64458	120.92185
2003	 6	12	24	150.19901	72.92849	122.91394
2003	 6	13	24	149.93134	72.34560	122.53497
2003	 6	14	24	149.73460	72.02402	122.29415
2003	 6	15	24	149.56168	71.76324	122.09021
2003	 6	16	24	149.39674	71.55939	121.91152
2003	 6	17	24	149.23390	71.39075	121.74664
2003	 6	18	24	149.20938	71.37697	121.72591
2003	 6	19	24	149.04919	71.26066	121.58121
2003	 6	20	24	148.89029	71.15179	121.43997
2003	 6	21	24	148.73294	71.04601	121.30083
2003	 6	22	24	148.57712	70.94315	121.16371
2003	 6	23	24	148.60869	72.04603	121.57357
2003	 6	24	24	148.45000	71.78396	121.37838
2003	 6	25	24	148.29778	71.62176	121.22264
2003	 6	26	24	148.14754	71.51478	121.08767
2003	 6	27	24	147.99873	71.41412	120.95586
2003	 6	28	24	147.85144	71.31596	120.82593
2003	 6	29	24	147.70583	71.22165	120.69843
2003	 6	30	24	151.30634	77.06288	125.09016
2003	 7	 1	24	153.63332	80.78023	127.90810
2003	 7	 2	24	153.12990	79.45117	127.11314
2003	 7	 3	24	152.80913	78.64253	126.62009
2003	 7	 4	24	152.73175	79.20572	126.76891
2003	 7	 5	24	152.51094	78.71199	126.45173
2003	 7	 6	24	152.27029	78.19159	126.11230
2003	 7	 7	24	152.04350	77.75494	125.81141
2003	 7	 8	24	151.82689	77.37556	125.53731
2003	 7	 9	24	151.67282	77.03454	125.31723
2003	 7	10	24	151.48254	76.73351	125.08784
2003	 7	11	24	151.30569	76.45525	124.87518
2003	 7	12	24	151.14046	76.20207	124.67889
2003	 7	13	24	150.98305	75.96427	124.49310
2003	 7	14	24	150.83064	75.74252	124.31621
2003	 7	15	24	150.68303	75.52944	124.14548
2003	 7	16	24	150.53882	75.32462	123.97987
2003	 7	17	24	151.53870	75.89524	124.82816
2003	 7	18	24	151.33176	75.64748	124.60681
2003	 7	19	24	151.16582	75.45832	124.43268
2003	 7	20	24	151.02171	75.27954	124.27632
2003	 7	21	24	150.88252	75.11166	124.12701
2003	 7	22	24	150.74496	74.95245	123.98180
2003	 7	23	24	150.69287	74.80392	123.89566
2003	 7	24	24	155.27167	81.09949	129.08066
2003	 7	25	24	154.64655	79.56397	128.13408
2003	 7	26	24	154.29465	78.81314	127.64130
2003	 7	27	24	156.33160	90.71043	133.16006
2003	 7	28	24	156.16739	87.43599	131.89758
2003	 7	29	24	155.77936	85.40897	130.93080
2003	 7	30	24	155.48970	84.15069	130.29912
2003	 7	31	24	155.22348	83.24987	129.80882
2003	 8	 1	24	154.97066	82.43793	129.35857
2003	 8	 2	24	154.72801	81.70858	128.94405
2003	 8	 3	24	154.49167	81.10753	128.57893
2003	 8	 4	24	154.26547	80.56870	128.24234
2003	 8	 5	24	154.04489	80.09393	127.93200
2003	 8	 6	24	153.83333	79.65772	127.64111
2003	 8	 7	24	153.63463	79.27704	127.37815
2003	 8	 8	24	153.44937	78.91405	127.13013
2003	 8	 9	24	153.27635	78.58087	126.90056
2003	 8	10	24	153.11490	78.26214	126.68358
2003	 8	11	24	152.96262	77.95026	126.47494
2003	 8	12	24	152.81532	77.64491	126.27184
2003	 8	13	24	153.05977	77.65733	126.43434
2003	 8	14	24	152.90761	77.36308	126.23201
2003	 8	15	24	152.76694	77.07904	126.04071
2003	 8	16	24	152.62877	76.80702	125.85529
2003	 8	17	24	152.49310	76.54915	125.67646
2003	 8	18	24	152.36026	76.30493	125.50429
2003	 8	19	24	152.24426	76.07589	125.34837
2003	 8	20	24	152.11455	75.85982	125.18817
2003	 8	21	24	151.98602	75.65288	125.03196
2003	 8	22	24	151.85873	75.45523	124.87982
2003	 8	23	24	151.73276	75.26658	124.73172
2003	 8	24	24	151.60817	75.08965	124.58864
2003	 8	25	24	151.48477	74.92124	124.44935
2003	 8	26	24	151.36244	74.75950	124.31311
2003	 8	27	24	151.24121	74.60515	124.18018
2003	 8	28	24	151.12112	74.46043	124.05139
2003	 8	29	24	151.01703	74.32171	123.93507
2003	 8	30	24	150.89856	74.18620	123.81059
2003	 8	31	24	150.78098	74.05453	123.68803
2003	 9	 1	24	150.77417	73.93826	123.64257
2003	 9	 2	24	150.65797	73.81551	123.52406
2003	 9	 3	24	150.54254	73.69721	123.40762
2003	 9	 4	24	150.42799	73.58303	123.29320
2003	 9	 5	24	150.31456	73.47342	123.18111
2003	 9	 6	24	150.20222	73.36859	123.07143
2003	 9	 7	24	150.09117	73.26837	122.96421
2003	 9	 8	24	149.98111	73.17043	122.85842
2003	 9	 9	24	150.00331	73.15714	122.86809
2003	 9	10	24	151.03741	74.54347	124.02657
2003	 9	11	24	152.34424	74.60435	124.89343
2003	 9	12	24	154.26544	75.10497	126.31302
2003	 9	13	24	154.79774	75.09894	126.65523
2003	 9	14	24	154.56706	74.92461	126.44444
2003	 9	15	24	154.37985	74.76071	126.26546
2003	 9	16	24	154.20674	74.61098	126.10061
2003	 9	17	24	154.04086	74.48198	125.94775
2003	 9	18	24	153.88071	74.37656	125.80692
2003	 9	19	24	153.73369	74.28202	125.67844
2003	 9	20	24	153.60048	74.19099	125.56012
2003	 9	21	24	153.47200	74.10199	125.44559
2003	 9	22	24	153.35088	74.01444	125.33632
2003	 9	23	24	153.23328	73.92830	125.22982
2003	 9	24	24	153.11839	73.84351	125.12557
2003	 9	25	24	153.00684	73.76006	125.02394
2003	 9	26	24	152.89767	73.67816	124.92440
2003	 9	27	24	152.79027	73.59771	124.82652
2003	 9	28	24	152.68443	73.51859	124.73011
2003	 9	29	24	152.57977	73.44064	124.63489
2003	 9	30	24	152.47604	73.36388	124.54067
2003	10	 1	24	152.37325	73.28835	124.44750
2003	10	 2	24	152.27122	73.21406	124.35528
2003	10	 3	24	152.16991	73.14113	124.26398
2003	10	 4	24	152.06940	73.06951	124.17368
2003	10	 5	24	152.82329	73.67670	124.87576
2003	10	 6	24	153.97571	73.80833	125.66773
2003	10	 7	24	156.92589	78.32661	129.17163
2003	10	 8	24	163.47707	97.43286	140.15614
2003	10	 9	24	163.24255	96.08724	139.52928
2003	10	10	24	162.65656	93.71371	138.31209
2003	10	11	24	162.27275	91.98959	137.45500
2003	10	12	24	161.90517	90.45040	136.67371
2003	10	13	24	161.60571	89.18180	136.03204
2003	10	14	24	161.31801	88.21809	135.50563
2003	10	15	24	161.03204	87.42036	135.03896
2003	10	16	24	160.74744	86.71490	134.60573
2003	10	17	24	160.47470	86.03116	134.18788
2003	10	18	24	160.21616	85.36249	133.78450
2003	10	19	24	159.96695	84.71494	133.39464
2003	10	20	24	159.72507	84.10293	133.02206
2003	10	21	24	160.20766	83.55473	133.14067
2003	10	22	24	159.92259	83.10801	132.79852
2003	10	23	24	159.70659	82.69932	132.51448
2003	10	24	24	159.50351	82.31142	132.24614
2003	10	25	24	159.30730	81.96352	131.99637
2003	10	26	24	159.11194	81.67167	131.76694
2003	10	27	24	158.91945	81.37540	131.53780
2003	10	28	24	158.72948	81.10589	131.31973
2003	10	29	24	160.42128	82.89846	133.04712
2003	10	30	24	160.11406	82.76000	132.79950
2003	10	31	24	159.84924	82.54195	132.55119
2003	11	 1	24	159.64467	82.26259	132.32022
2003	11	 2	24	159.45088	81.98833	132.09801
2003	11	 3	24	159.25800	81.71917	131.87819
2003	11	 4	24	159.06587	81.45562	131.66084
2003	11	 5	24	158.87543	81.19762	131.44655
2003	11	 6	24	158.68669	80.94461	131.23511
2003	11	 7	24	158.50159	80.69706	131.02797
2003	11	 8	24	158.31856	80.45451	130.82391
2003	11	 9	24	158.13779	80.21601	130.62276
2003	11	10	24	157.96028	79.98138	130.42508
2003	11	11	24	157.78821	79.75049	130.23224
2003	11	12	24	157.62117	79.52413	130.04425
2003	11	13	24	157.45773	79.30247	129.86026
2003	11	14	24	157.29787	79.08614	129.68045
2003	11	15	24	157.14133	78.87421	129.50435
2003	11	16	24	157.62860	79.14012	129.91347
2003	11	17	24	158.37668	81.64781	131.28287
2003	11	18	24	158.18672	81.17005	130.99129
2003	11	19	24	158.02739	80.87363	130.78355
2003	11	20	24	157.87532	80.64606	130.60483
2003	11	21	24	157.72725	80.42906	130.43242
2003	11	22	24	157.58400	80.21737	130.26500
2003	11	23	24	157.44461	80.01222	130.10239
2003	11	24	24	157.30797	79.81358	129.94386
2003	11	25	24	157.17418	79.62081	129.78925
2003	11	26	24	157.04411	79.43505	129.63951
2003	11	27	24	156.91705	79.25407	129.49341
2003	11	28	24	157.86032	79.77129	130.28624
2003	11	29	24	158.69962	80.81367	131.19724
2003	11	30	24	158.47157	80.49050	130.93561
2003	12	 1	24	158.31042	80.28741	130.75966
2003	12	 2	24	158.17570	80.11170	130.61046
2003	12	 3	24	158.04890	79.94367	130.46910
2003	12	 4	24	157.92610	79.77737	130.33093
2003	12	 5	24	158.10849	79.66083	130.40776
2003	12	 6	24	159.30028	81.14339	131.70222
2003	12	 7	24	158.99214	80.70180	131.34697
2003	12	 8	24	158.83549	80.60486	131.21141
2003	12	 9	24	158.68922	80.49130	131.07669
2003	12	10	24	158.55824	80.35995	130.94557
2003	12	11	24	158.52045	80.33591	130.91263
2003	12	12	24	158.82394	80.20188	131.06163
2003	12	13	24	162.11847	90.00073	136.65291
2003	12	14	24	164.43365	96.01265	140.27345
2003	12	15	24	163.69345	92.70735	138.62749
2003	12	16	24	163.21317	90.47294	137.52780
2003	12	17	24	163.11337	88.61649	136.80771
2003	12	18	24	163.42952	88.21413	136.87015
2003	12	19	24	163.21701	87.56261	136.50261
2003	12	20	24	162.93497	86.93079	136.09706
2003	12	21	24	162.93825	86.15606	135.82562
2003	12	22	24	162.72937	85.10516	135.31941
2003	12	23	24	162.70262	84.19823	134.98187
2003	12	24	24	162.51385	83.42830	134.58788
2003	12	25	24	162.36339	82.88818	134.29982
2003	12	26	24	162.10811	82.47935	133.99033
2003	12	27	24	161.83696	81.95498	133.62976
2003	12	28	24	161.57646	81.58241	133.32970
2003	12	29	24	161.33688	81.21764	133.04590
2003	12	30	24	161.11189	80.87869	132.78067
2003	12	31	24	160.98758	80.45539	132.55078
2004	 1	 1	24	160.81726	80.03587	132.29248
2004	 1	 2	24	160.62971	79.62730	132.02687
2004	 1	 3	24	160.42139	79.23769	131.75455
2004	 1	 4	24	160.21277	78.88213	131.49403
2004	 1	 5	24	160.00604	78.53950	131.23932
2004	 1	 6	24	160.92606	78.20525	131.71643
2004	 1	 7	24	161.09178	77.88129	131.70926
2004	 1	 8	24	161.23590	77.56864	131.69208
2004	 1	 9	24	161.40184	77.26627	131.69266
2004	 1	10	24	162.79291	79.44696	133.36255
2004	 1	11	24	164.36499	82.36926	135.41141
2004	 1	12	24	164.65005	83.71142	136.06973
2004	 1	13	24	165.87408	84.37382	137.09546
2004	 1	14	24	166.05119	83.41649	136.87198
2004	 1	15	24	165.91708	82.50364	136.46289
2004	 1	16	24	165.83417	81.86623	136.18417
2004	 1	17	24	165.72224	81.41840	135.95363
2004	 1	18	24	165.24434	80.96833	135.48555
2004	 1	19	24	165.57143	80.44401	135.51201
2004	 1	20	24	165.21738	79.94890	135.10814
2004	 1	21	24	164.80635	79.47819	134.67604
2004	 1	22	24	164.46915	79.04372	134.30449
2004	 1	23	24	164.14430	78.66252	133.95975
2004	 1	24	24	164.03670	78.30438	133.76369
2004	 1	25	24	163.71344	77.97017	133.43655
2004	 1	26	24	163.60432	77.65076	133.25317
2004	 1	27	24	163.24474	77.34621	132.91302
2004	 1	28	24	162.96045	77.05518	132.62636
2004	 1	29	24	162.85353	76.77431	132.45802
2004	 1	30	24	162.81581	76.50260	132.33768
2004	 1	31	24	163.06752	76.24376	132.40910
2004	 2	 1	24	164.69025	81.65557	135.36980
2004	 2	 2	24	168.59821	96.64516	143.19080
2004	 2	 3	24	169.18997	96.01668	143.35168
2004	 2	 4	24	169.63123	96.82979	143.92424
2004	 2	 5	24	169.39499	97.14657	143.88329
2004	 2	 6	24	169.05946	96.32927	143.37764
2004	 2	 7	24	168.63156	93.84921	142.22510
2004	 2	 8	24	168.85371	89.01138	140.66051
2004	 2	 9	24	168.16516	83.74734	138.35631
2004	 2	10	24	167.73456	79.89217	136.71646
2004	 2	11	24	167.21141	76.99524	135.35510
2004	 2	12	24	166.66843	74.66985	134.18272
2004	 2	13	24	166.60083	72.76431	133.46613
2004	 2	14	24	166.42638	72.04151	133.09805
2004	 2	15	24	165.98222	70.94832	132.42471
2004	 2	16	24	165.54483	70.09560	131.84067
2004	 2	17	24	165.38864	70.20995	131.78001
2004	 2	18	24	164.86404	69.07517	131.03995
2004	 2	19	24	164.32411	68.04977	130.32860
2004	 2	20	24	164.20415	67.44495	130.03743
2004	 2	21	24	163.80737	67.13560	129.67151
2004	 2	22	24	163.25717	66.36444	129.04329
2004	 2	23	24	162.68954	65.64122	128.42072
2004	 2	24	24	162.42676	64.95576	128.00868
2004	 2	25	24	162.00162	64.30250	127.50300
2004	 2	26	24	161.72655	63.68932	127.10853
2004	 2	27	24	161.20435	63.12133	126.57016
2004	 2	28	24	160.75999	62.60381	126.09998
2004	 2	29	24	160.26491	62.13464	125.61404
2004	 3	 1	24	160.38440	61.69946	125.53767
2004	 3	 2	24	160.96260	61.78250	125.94102
2004	 3	 3	24	160.54681	61.40711	125.53950
2004	 3	 4	24	160.20703	61.04333	125.19125
2004	 3	 5	24	160.28143	60.71360	125.12295
2004	 3	 6	24	160.11795	60.38209	124.90013
2004	 3	 7	24	160.03889	60.46510	124.87830
2004	 3	 8	24	159.70789	60.17765	124.56268
2004	 3	 9	24	159.67224	59.90717	124.44411
2004	 3	10	24	159.40312	59.64184	124.17633
2004	 3	11	24	159.45996	59.91523	124.30963
2004	 3	12	24	159.56412	60.66397	124.64140
2004	 3	13	24	159.45987	62.28186	125.14525
2004	 3	14	24	159.39281	66.21734	126.49153
2004	 3	15	24	159.36644	72.16509	128.57469
2004	 3	16	24	159.38364	78.86879	130.95297
2004	 3	17	24	159.24733	85.75270	133.29558
2004	 3	18	24	159.05534	90.31898	134.78378
2004	 3	19	24	158.86217	92.62591	135.47342
2004	 3	20	24	159.13078	92.10428	135.46300
2004	 3	21	24	158.53708	87.76118	133.54533
2004	 3	22	24	157.97684	82.17599	131.21072
2004	 3	23	24	158.97757	78.53342	130.57185
2004	 3	24	24	160.62006	77.14116	131.14275
2004	 3	25	24	159.31570	73.68060	129.07701
2004	 3	26	24	158.73814	70.88427	127.71598
2004	 3	27	24	158.33650	69.17164	126.85142
2004	 3	28	24	157.82712	69.77548	126.73512
2004	 3	29	24	157.26678	71.78088	127.08077
2004	 3	30	24	156.67035	71.69298	126.66391
2004	 3	31	24	156.06676	70.69839	125.92226
2004	 4	 1	24	155.47200	69.42311	125.08720
2004	 4	 2	24	154.88414	67.86256	124.15587
2004	 4	 3	24	154.30701	66.37457	123.25710
2004	 4	 4	24	153.74214	65.11024	122.44525
2004	 4	 5	24	153.26468	64.08066	121.77283
2004	 4	 6	24	152.71112	63.15878	121.08921
2004	 4	 7	24	152.16466	62.33860	120.44610
2004	 4	 8	24	151.62175	61.62083	119.84144
2004	 4	 9	24	151.08344	60.96416	119.26134
2004	 4	10	24	150.55188	60.36081	118.70442
2004	 4	11	24	150.03284	59.79973	118.17054
2004	 4	12	24	149.52287	59.27518	117.65543
2004	 4	13	24	149.01993	58.79247	117.15962
2004	 4	14	24	148.52199	58.34898	116.68092
2004	 4	15	24	148.02917	57.93764	116.21687
2004	 4	16	24	147.54248	57.55171	115.76575
2004	 4	17	24	147.06190	57.18970	115.32706
2004	 4	18	24	146.68416	58.87042	115.67618
2004	 4	19	24	147.43024	59.17270	116.26553
2004	 4	20	24	146.96338	58.74142	115.81124
2004	 4	21	24	146.50423	58.39232	115.39095
2004	 4	22	24	146.05069	58.06862	114.98327
2004	 4	23	24	145.62376	57.76336	114.59930
2004	 4	24	24	148.61064	59.89006	117.28244
2004	 4	25	24	148.11450	59.37173	116.77846
2004	 4	26	24	147.66566	59.01637	116.36263
2004	 4	27	24	147.22160	58.72488	115.97244
2004	 4	28	24	146.78271	58.44859	115.59097
2004	 4	29	24	146.34834	58.18462	115.21677
2004	 4	30	24	145.91832	57.93114	114.84908
2004	 5	 1	24	145.49519	57.68781	114.48945
2004	 5	 2	24	145.89139	57.78219	114.77907
2004	 5	 3	24	149.86450	60.60009	118.34426
2004	 5	 4	24	149.19363	60.00479	117.70007
2004	 5	 5	24	152.24260	60.31997	119.78371
2004	 5	 6	24	156.15375	73.07285	126.81697
2004	 5	 7	24	155.07710	71.02933	125.39891
2004	 5	 8	24	154.29971	69.66136	124.41299
2004	 5	 9	24	153.71191	68.71975	123.70025
2004	 5	10	24	157.29428	79.14350	129.69838
2004	 5	11	24	155.87674	76.00459	127.67302
2004	 5	12	24	155.01933	74.42850	126.56183
2004	 5	13	24	154.42056	73.43514	125.82373
2004	 5	14	24	153.78555	72.65694	125.13816
2004	 5	15	24	155.85938	78.47212	128.53310
2004	 5	16	24	154.67116	75.60709	126.75277
2004	 5	17	24	153.99771	74.60860	125.96455
2004	 5	18	24	153.39774	73.77956	125.28369
2004	 5	19	24	152.82579	73.00146	124.63895
2004	 5	20	24	152.26926	72.26423	124.01861
2004	 5	21	24	152.51755	72.05859	124.10661
2004	 5	22	24	153.76923	73.30092	125.35499
2004	 5	23	24	154.60902	77.57251	127.40659
2004	 5	24	24	153.61024	74.93245	125.82825
2004	 5	25	24	153.00612	74.04045	125.12247
2004	 5	26	24	152.43893	73.22858	124.46889
2004	 5	27	24	151.88138	72.48006	123.84390
2004	 5	28	24	151.33078	71.79553	123.24602
2004	 5	29	24	150.78786	71.17322	122.67506
2004	 5	30	24	150.25652	70.61523	122.13431
2004	 5	31	24	149.73495	70.10045	121.61514
2004	 6	 1	24	150.07440	70.01870	121.80586
2004	 6	 2	24	149.99750	70.61391	121.96629
2004	 6	 3	24	149.48898	70.14110	121.47038
2004	 6	 4	24	148.99666	69.77164	121.02144
2004	 6	 5	24	148.78047	69.53135	120.79674
2004	 6	 6	24	148.30215	69.16525	120.35805
2004	 6	 7	24	147.83405	68.83344	119.93806
2004	 6	 8	24	147.37259	68.51916	119.52858
2004	 6	 9	24	146.91878	68.22323	119.13052
2004	 6	10	24	146.47409	67.94220	118.74362
2004	 6	11	24	148.37688	71.52274	121.23885
2004	 6	12	24	148.00728	70.77743	120.73658
2004	 6	13	24	147.56764	70.30270	120.28455
2004	 6	14	24	147.13417	69.94810	119.87892
2004	 6	15	24	146.70732	69.70215	119.51595
2004	 6	16	24	146.28752	69.43968	119.15171
2004	 6	17	24	146.08475	70.05197	119.23674
2004	 6	18	24	145.67731	69.78313	118.87824
2004	 6	19	24	145.27754	69.56614	118.54302
2004	 6	20	24	144.88472	69.33445	118.20709
2004	 6	21	24	144.49989	69.11121	117.87933
2004	 6	22	24	144.34540	68.89524	117.70312
2004	 6	23	24	143.97267	68.68688	117.38844
2004	 6	24	24	143.60802	68.48662	117.08183
2004	 6	25	24	143.25107	68.29428	116.78301
2004	 6	26	24	142.89981	68.10840	116.49015
2004	 6	27	24	142.55351	67.92865	116.20266
2004	 6	28	24	142.21364	67.75409	115.92117
2004	 6	29	24	141.88091	67.58463	115.64607
2004	 6	30	24	141.55473	67.42014	115.37700
2004	 7	 1	24	143.22636	67.38156	116.44474
2004	 7	 2	24	142.84296	67.22438	116.14121
2004	 7	 3	24	142.55540	67.10519	115.91312
2004	 7	 4	24	142.24484	66.95885	115.66054
2004	 7	 5	24	141.94000	66.81608	115.41293
2004	 7	 6	24	141.64136	66.67716	115.17068
2004	 7	 7	24	141.34801	66.54215	114.93325
2004	 7	 8	24	152.25253	101.39729	134.29500
2004	 7	 9	24	151.23613	95.82226	131.66888
2004	 7	10	24	150.60097	92.00692	129.91077
2004	 7	11	24	150.06398	88.99557	128.50006
2004	 7	12	24	150.09863	86.93172	127.79371
2004	 7	13	24	149.63319	84.95290	126.79388
2004	 7	14	24	149.20854	83.43022	125.98150
2004	 7	15	24	148.80760	82.06137	125.23878
2004	 7	16	24	148.42990	80.77165	124.53903
2004	 7	17	24	148.06624	79.61779	123.89635
2004	 7	18	24	147.71484	78.68629	123.34010
2004	 7	19	24	147.38017	77.88609	122.84105
2004	 7	20	24	147.28140	77.16245	122.52163
2004	 7	21	24	146.96700	76.54897	122.10162
2004	 7	22	24	152.00815	83.34247	127.76154
2004	 7	23	24	151.19461	80.15977	126.11143
2004	 7	24	24	150.65041	78.74177	125.25868
2004	 7	25	24	150.22478	77.87497	124.67727
2004	 7	26	24	150.27448	77.49818	124.57637
2004	 7	27	24	149.89543	76.81464	124.08981
2004	 7	28	24	149.53758	76.18899	123.63739
2004	 7	29	24	149.20436	75.59177	123.21095
2004	 7	30	24	148.88722	75.01881	122.80348
2004	 7	31	24	148.58176	74.46762	122.41125
2004	 8	 1	24	148.29324	73.93658	122.03709
2004	 8	 2	24	148.01646	73.42748	121.67828
2004	 8	 3	24	147.74699	72.94126	121.33228
2004	 8	 4	24	147.48306	72.47659	120.99745
2004	 8	 5	24	147.22510	72.03593	120.67498
2004	 8	 6	24	146.97229	71.62163	120.36515
2004	 8	 7	24	146.72356	71.23116	120.06637
2004	 8	 8	24	146.47874	70.86124	119.77738
2004	 8	 9	24	146.23807	70.51594	119.49976
2004	 8	10	24	146.00060	70.19152	119.23158
2004	 8	11	24	145.76678	69.88451	118.97193
2004	 8	12	24	150.60573	79.81039	125.60712
2004	 8	13	24	150.02161	77.79423	124.51733
2004	 8	14	24	149.71150	76.67226	123.92055
2004	 8	15	24	149.38617	75.96323	123.45973
2004	 8	16	24	149.09950	75.43188	123.08666
2004	 8	17	24	149.80893	74.97672	123.38486
2004	 8	18	24	149.50163	74.54619	123.03404
2004	 8	19	24	149.24023	74.17017	122.73218
2004	 8	20	24	148.99342	73.83539	122.45430
2004	 8	21	24	148.75725	73.51839	122.18958
2004	 8	22	24	148.53026	73.21709	121.93636
2004	 8	23	24	148.30913	72.92950	121.69176
2004	 8	24	24	150.15427	76.59277	124.17890
2004	 8	25	24	149.75851	75.63486	123.58465
2004	 8	26	24	150.73801	79.43751	125.56102
2004	 8	27	24	150.31880	77.44829	124.58743
2004	 8	28	24	150.01826	76.75874	124.14952
2004	 8	29	24	149.75764	76.22886	123.79383
2004	 8	30	24	149.94376	76.67296	124.07104
2004	 8	31	24	149.70697	76.20692	123.75330
2004	 9	 1	24	149.48207	75.79819	123.46349
2004	 9	 2	24	149.26630	75.42974	123.19381
2004	 9	 3	24	149.05490	75.10081	122.94090
2004	 9	 4	24	148.84743	74.79765	122.69965
2004	 9	 5	24	148.64366	74.51305	122.46733
2004	 9	 6	24	148.44295	74.24464	122.24271
2004	 9	 7	24	148.24603	73.98972	122.02531
2004	 9	 8	24	148.05162	73.74586	121.81345
2004	 9	 9	24	147.85965	73.51347	121.60720
2004	 9	10	24	147.67038	73.29584	121.40792
2004	 9	11	24	147.48384	73.09003	121.21458
2004	 9	12	24	148.70889	73.71083	122.22626
2004	 9	13	24	148.47401	73.48709	121.99532
2004	 9	14	24	148.27486	73.29277	121.79787
2004	 9	15	24	148.08537	73.10833	121.61016
2004	 9	16	24	147.90381	72.93227	121.43054
2004	 9	17	24	147.72607	72.76263	121.25566
2004	 9	18	24	147.55107	72.59854	121.08452
2004	 9	19	24	147.37827	72.44202	120.91746
2004	 9	20	24	147.20749	72.29111	120.75370
2004	 9	21	24	150.26433	79.63909	125.32578
2004	 9	22	24	152.88385	83.38017	128.34134
2004	 9	23	24	154.00826	84.91451	129.61050
2004	 9	24	24	154.86749	85.00774	130.19925
2004	 9	25	24	155.21678	84.43980	130.22466
2004	 9	26	24	154.70631	82.66992	129.26949
2004	 9	27	24	154.29546	81.62248	128.63383
2004	 9	28	24	153.91272	80.43630	127.96740
2004	 9	29	24	155.06175	81.40336	129.05217
2004	 9	30	24	154.52289	79.81378	128.14229
2004	10	 1	24	154.16614	78.95297	127.60755
2004	10	 2	24	154.00233	79.04343	127.53353
2004	10	 3	24	153.69002	78.33956	127.08295
2004	10	 4	24	153.39294	77.72189	126.67266
2004	10	 5	24	153.10684	77.17529	126.29459
2004	10	 6	24	153.42238	77.07536	126.46342
2004	10	 7	24	153.14069	76.56776	126.10195
2004	10	 8	24	152.86960	76.08632	125.75658
2004	10	 9	24	152.59964	75.61238	125.41460
2004	10	10	24	152.33891	75.15956	125.08604
2004	10	11	24	152.08545	74.72773	124.76959
2004	10	12	24	151.84016	74.31486	124.46514
2004	10	13	24	151.60283	73.92388	124.17355
2004	10	14	24	151.36934	73.55666	123.89283
2004	10	15	24	151.74698	73.83909	124.23685
2004	10	16	24	151.75114	74.55882	124.49369
2004	10	17	24	151.52899	74.20695	124.22573
2004	10	18	24	151.31325	73.88467	123.97237
2004	10	19	24	151.10332	73.57436	123.72701
2004	10	20	24	150.89944	73.28127	123.49162
2004	10	21	24	150.70238	72.99536	123.26318
2004	10	22	24	150.51079	72.72710	123.04452
2004	10	23	24	150.32492	72.47426	122.83501
2004	10	24	24	150.14397	72.23411	122.63315
2004	10	25	24	149.97501	72.32636	122.55643
2004	10	26	24	152.06453	74.24370	124.58514
2004	10	27	24	151.75888	73.83256	124.24224
2004	10	28	24	151.53835	73.53392	123.99413
2004	10	29	24	151.50026	74.18941	124.20095
2004	10	30	24	151.38934	75.13488	124.46306
2004	10	31	24	151.22131	74.77489	124.22726
2004	11	 1	24	151.05632	74.50140	124.02394
2004	11	 2	24	150.89384	74.27519	123.83897
2004	11	 3	24	150.73389	74.06999	123.66302
2004	11	 4	24	150.57599	73.87686	123.49268
2004	11	 5	24	150.42337	73.98914	123.43361
2004	11	 6	24	153.47279	79.74026	127.43703
2004	11	 7	24	155.10034	80.24684	128.66875
2004	11	 8	24	156.22812	79.24135	129.04324
2004	11	 9	24	159.03627	78.73848	130.68225
2004	11	10	24	158.34256	78.18442	130.03784
2004	11	11	24	158.16814	79.50557	130.39153
2004	11	12	24	158.15079	80.15114	130.60826
2004	11	13	24	158.00371	79.11536	130.14737
2004	11	14	24	157.54834	78.41985	129.60721
2004	11	15	24	157.20140	78.18278	129.29906
2004	11	16	24	158.18213	81.60651	131.14244
2004	11	17	24	157.93126	84.10909	131.86385
2004	11	18	24	161.57349	93.26467	137.45290
2004	11	19	24	161.14410	86.21017	134.68411
2004	11	20	24	160.57439	82.61900	133.04749
2004	11	21	24	160.20206	79.83011	131.82184
2004	11	22	24	162.65749	82.51442	134.35809
2004	11	23	24	162.92195	80.80534	133.92569
2004	11	24	24	162.11263	78.01028	132.41516
2004	11	25	24	161.59369	76.54972	131.56374
2004	11	26	24	161.16606	76.19570	131.16209
2004	11	27	24	160.99347	77.54800	131.52797
2004	11	28	24	160.50348	76.61147	130.88029
2004	11	29	24	160.04137	76.32480	130.48013
2004	11	30	24	159.56784	75.44464	129.86302
2004	12	 1	24	159.33818	76.36639	130.03993
2004	12	 2	24	158.87192	75.21033	129.33009
2004	12	 3	24	158.40251	74.16243	128.65642
2004	12	 4	24	157.95795	73.66957	128.19481
2004	12	 5	24	157.55498	73.18587	127.76333
2004	12	 6	24	157.11261	72.82312	127.34908
2004	12	 7	24	156.67970	72.25136	126.86713
2004	12	 8	24	156.25381	72.14870	126.55539
2004	12	 9	24	155.84276	71.80629	126.16856
2004	12	10	24	155.44182	72.45304	126.13757
2004	12	11	24	155.04581	72.03249	125.73290
2004	12	12	24	154.65678	71.27151	125.21254
2004	12	13	24	154.27495	70.61630	124.73416
2004	12	14	24	153.89937	69.99374	124.27137
2004	12	15	24	153.52995	69.44469	123.83853
2004	12	16	24	153.19748	68.91971	123.43808
2004	12	17	24	154.20276	68.43833	123.91840
2004	12	18	24	156.33521	67.98829	125.13895
2004	12	19	24	155.80553	67.56320	124.64620
2004	12	20	24	155.72623	67.19182	124.46376
2004	12	21	24	155.66200	67.07445	124.38077
2004	12	22	24	155.42482	66.73851	124.10872
2004	12	23	24	156.04832	69.62788	125.53232
2004	12	24	24	156.07854	72.85625	126.69184
2004	12	25	24	156.45981	75.31786	127.80770
2004	12	26	24	157.76221	75.12741	128.58296
2004	12	27	24	157.06158	74.28162	127.83108
2004	12	28	24	156.63850	73.60624	127.31891
2004	12	29	24	156.44453	73.19433	127.04797
2004	12	30	24	156.27835	73.38754	127.00871
2004	12	31	24	156.49017	75.25233	127.80421
2005	 1	 1	24	156.22879	76.57827	128.10332
2005	 1	 2	24	155.97273	76.36393	127.86199
2005	 1	 3	24	156.90852	75.93490	128.31586
2005	 1	 4	24	156.34943	76.49078	128.15047
2005	 1	 5	24	156.37999	77.24197	128.43549
2005	 1	 6	24	156.03584	76.68779	128.01718
2005	 1	 7	24	155.74695	77.54993	128.13474
2005	 1	 8	24	155.42026	77.73113	127.98738
2005	 1	 9	24	155.02429	76.28425	127.22032
2005	 1	10	24	154.62593	76.21328	126.93757
2005	 1	11	24	154.23343	75.20415	126.32733
2005	 1	12	24	153.85791	74.86410	125.96434
2005	 1	13	24	154.62459	74.18567	126.22073
2005	 1	14	24	154.35222	73.58485	125.83238
2005	 1	15	24	154.00168	73.20143	125.47023
2005	 1	16	24	153.63878	72.81882	125.10037
2005	 1	17	24	153.28232	72.06532	124.60371
2005	 1	18	24	152.96107	71.37938	124.15369
2005	 1	19	24	153.43991	71.26556	124.42325
2005	 1	20	24	159.50557	82.61425	132.35440
2005	 1	21	24	159.39622	77.37667	130.43422
2005	 1	22	24	158.63068	75.60188	129.31230
2005	 1	23	24	157.97928	74.38635	128.46172
2005	 1	24	24	157.32085	73.49927	127.72253
2005	 1	25	24	156.71303	72.52282	126.98454
2005	 1	26	24	156.13194	71.65831	126.30338
2005	 1	27	24	155.58353	70.94005	125.69499
2005	 1	28	24	155.06160	70.34727	125.14804
2005	 1	29	24	154.56902	69.81374	124.64101
2005	 1	30	24	154.10194	69.31660	124.16331
2005	 1	31	24	155.87787	68.85184	125.14803
2005	 2	 1	24	155.30177	68.43122	124.62683
2005	 2	 2	24	155.62212	68.53749	124.87159
2005	 2	 3	24	155.30180	68.46872	124.64010
2005	 2	 4	24	155.07710	68.34733	124.45187
2005	 2	 5	24	155.10818	68.13967	124.39865
2005	 2	 6	24	154.99478	67.82411	124.21386
2005	 2	 7	24	154.88397	67.54342	124.04307
2005	 2	 8	24	154.75993	67.25970	123.86264
2005	 2	 9	24	154.83371	67.18732	123.88482
2005	 2	10	24	155.45720	69.28804	125.02992
2005	 2	11	24	155.83733	74.26392	127.03287
2005	 2	12	24	157.01785	84.22266	131.31308
2005	 2	13	24	156.51402	82.10867	130.24068
2005	 2	14	24	155.57642	79.78967	128.81529
2005	 2	15	24	154.95103	78.54881	127.97258
2005	 2	16	24	154.43164	77.67599	127.32838
2005	 2	17	24	153.97067	76.85854	126.74154
2005	 2	18	24	153.51035	76.08398	126.17025
2005	 2	19	24	153.01538	75.41712	125.61459
2005	 2	20	24	152.95459	74.78681	125.35270
2005	 2	21	24	152.96834	74.21139	125.15839
2005	 2	22	24	152.49246	73.69754	124.66911
2005	 2	23	24	152.23717	73.22285	124.33635
2005	 2	24	24	151.96155	72.79589	124.00729
2005	 2	25	24	151.69469	72.45425	123.71402
2005	 2	26	24	151.61794	72.14098	123.55376
2005	 2	27	24	151.18251	71.84457	123.16742
2005	 2	28	24	150.73260	71.56037	122.77602
2005	 3	 1	24	150.61470	71.29677	122.60667
2005	 3	 2	24	151.03293	71.05251	122.79097
2005	 3	 3	24	151.20329	70.81953	122.81891
2005	 3	 4	24	151.19473	70.59734	122.73491
2005	 3	 5	24	151.23810	70.38547	122.68815
2005	 3	 6	24	150.89487	70.18121	122.39400
2005	 3	 7	24	150.83965	69.98370	122.28853
2005	 3	 8	24	150.92674	69.79294	122.27751
2005	 3	 9	24	151.20760	69.60892	122.39422
2005	 3	10	24	151.44121	69.43137	122.48264
2005	 3	11	24	152.33409	69.25945	122.99953
2005	 3	12	24	152.66240	69.09628	123.15429
2005	 3	13	24	152.38905	68.96757	122.93201
2005	 3	14	24	152.58798	69.19381	123.14059
2005	 3	15	24	153.40929	73.14600	125.06744
2005	 3	16	24	154.60083	83.86134	129.62193
2005	 3	17	24	155.84569	93.89906	133.97166
2005	 3	18	24	156.63715	102.22086	137.42215
2005	 3	19	24	155.79356	97.13270	135.07977
2005	 3	20	24	155.32782	93.45779	133.48085
2005	 3	21	24	154.94119	91.33285	132.48039
2005	 3	22	24	154.55130	89.61735	131.62241
2005	 3	23	24	154.17036	88.92905	131.13295
2005	 3	24	24	153.83879	88.73235	130.84900
2005	 3	25	24	153.58479	88.11110	130.46532
2005	 3	26	24	153.11963	84.69355	128.95763
2005	 3	27	24	152.64729	81.52897	127.53464
2005	 3	28	24	152.13731	78.91515	126.28177
2005	 3	29	24	151.62544	76.78082	125.19698
2005	 3	30	24	151.04703	74.70342	124.08927
2005	 3	31	24	150.40521	73.44338	123.22915
2005	 4	 1	24	149.74419	73.36619	122.77428
2005	 4	 2	24	149.06259	73.67584	122.44271
2005	 4	 3	24	148.34563	73.92729	122.06770
2005	 4	 4	24	147.61646	72.65092	121.14531
2005	 4	 5	24	146.89822	70.11356	119.78472
2005	 4	 6	24	146.20242	67.89371	118.55076
2005	 4	 7	24	145.52647	64.95049	117.07422
2005	 4	 8	24	144.86922	62.09155	115.63952
2005	 4	 9	24	146.12450	62.67625	116.65800
2005	 4	10	24	145.47821	60.42030	115.44333
2005	 4	11	24	144.85085	58.64566	114.41085
2005	 4	12	24	144.24593	57.13403	113.48577
2005	 4	13	24	143.65611	55.85170	112.65141
2005	 4	14	24	143.08217	54.75402	111.89253
2005	 4	15	24	142.52457	53.78811	111.19076
2005	 4	16	24	141.97980	52.93378	110.53668
2005	 4	17	24	141.46060	52.26997	109.96642
2005	 4	18	24	140.93756	51.58767	109.38714
2005	 4	19	24	140.42526	50.96819	108.83700
2005	 4	20	24	139.92192	50.40261	108.31168
2005	 4	21	24	139.42821	49.87865	107.80728
2005	 4	22	24	138.94229	49.39426	107.32191
2005	 4	23	24	138.46385	48.94474	106.85368
2005	 4	24	24	137.99339	48.52448	106.40094
2005	 4	25	24	137.53780	48.44149	106.07691
2005	 4	26	24	137.08191	48.07225	105.65163
2005	 4	27	24	136.94182	48.08203	105.56445
2005	 4	28	24	136.50107	47.76603	105.16776
2005	 4	29	24	136.06918	47.48330	104.78854
2005	 4	30	24	135.64760	47.22430	104.42437
2005	 5	 1	24	135.23413	46.98801	104.07346
2005	 5	 2	24	134.82907	46.76651	103.73322
2005	 5	 3	24	136.87120	48.84269	105.78737
2005	 5	 4	24	140.47078	51.58352	109.08372
2005	 5	 5	24	139.93526	50.93013	108.50658
2005	 5	 6	24	140.71333	51.59324	109.24405
2005	 5	 7	24	142.33247	53.94776	111.12286
2005	 5	 8	24	141.86176	53.51784	110.66656
2005	 5	 9	24	141.46048	53.02598	110.23329
2005	 5	10	24	141.05595	52.58979	109.81759
2005	 5	11	24	140.66522	52.50092	109.53345
2005	 5	12	24	140.28004	52.14883	109.15995
2005	 5	13	24	139.90332	51.86087	108.81457
2005	 5	14	24	139.53661	51.61319	108.48989
2005	 5	15	24	139.17404	51.38774	108.17574
2005	 5	16	24	144.17204	60.20568	114.52260
2005	 5	17	24	143.37625	58.75909	113.49701
2005	 5	18	24	142.89258	57.80334	112.84664
2005	 5	19	24	142.47017	57.18516	112.35510
2005	 5	20	24	142.09737	56.69607	111.94124
2005	 5	21	24	141.74297	56.23400	111.54882
2005	 5	22	24	141.60991	56.45027	111.53912
2005	 5	23	24	145.21497	62.76111	116.09961
2005	 5	24	24	144.43858	61.37760	115.10884
2005	 5	25	24	143.97163	60.67423	114.55841
2005	 5	26	24	143.57359	60.14196	114.11298
2005	 5	27	24	143.22054	59.65347	113.71209
2005	 5	28	24	142.88509	59.24437	113.35064
2005	 5	29	24	142.55882	58.87294	113.00842
2005	 5	30	24	142.23940	58.54314	112.68533
2005	 5	31	24	141.92659	58.26897	112.38618
2005	 6	 1	24	141.61929	58.01786	112.09871
2005	 6	 2	24	141.31763	57.79559	111.82508
2005	 6	 3	24	141.02104	57.58948	111.56045
2005	 6	 4	24	140.72984	57.39750	111.30428
2005	 6	 5	24	140.44572	57.21793	111.05708
2005	 6	 6	24	141.90765	58.89804	112.59605
2005	 6	 7	24	141.93077	59.28459	112.74751
2005	 6	 8	24	141.63374	58.93349	112.43138
2005	 6	 9	24	141.35852	58.68596	112.16593
2005	 6	10	24	141.09093	58.49057	111.92384
2005	 6	11	24	140.82460	58.31747	111.69043
2005	 6	12	24	140.56252	58.15845	111.46474
2005	 6	13	24	140.30408	58.00504	111.24339
2005	 6	14	24	147.95230	87.49255	126.60330
2005	 6	15	24	147.03467	82.79144	124.34968
2005	 6	16	24	146.47539	79.49869	122.82519
2005	 6	17	24	146.09436	77.15218	121.75012
2005	 6	18	24	145.67259	75.44314	120.87381
2005	 6	19	24	145.29079	73.95284	120.10058
2005	 6	20	24	144.94545	72.61836	119.40597
2005	 6	21	24	144.63213	71.59602	118.84229
2005	 6	22	24	144.34122	70.75652	118.35766
2005	 6	23	24	144.05930	70.06259	117.93024
2005	 6	24	24	143.78320	69.45295	117.53638
2005	 6	25	24	145.66289	71.12859	119.34402
2005	 6	26	24	145.24202	70.40221	118.81526
2005	 6	27	24	144.92757	69.83817	118.41268
2005	 6	28	24	144.65964	69.29585	118.04786
2005	 6	29	24	144.40866	68.77323	117.70097
2005	 6	30	24	144.48367	68.58874	117.68435
2005	 7	 1	24	146.32030	70.60086	119.58294
2005	 7	 2	24	145.82558	69.85460	118.99940
2005	 7	 3	24	145.51195	69.35381	118.61968
2005	 7	 4	24	145.35005	69.66117	118.62348
2005	 7	 5	24	148.59117	74.43314	122.40516
2005	 7	 6	24	147.82530	72.32018	121.16362
2005	 7	 7	24	147.63306	71.60339	120.78615
2005	 7	 8	24	149.39888	75.07166	123.15313
2005	 7	 9	24	148.71658	72.96201	121.96681
2005	 7	10	24	148.31160	72.27143	121.46098
2005	 7	11	24	147.93803	71.58545	120.97710
2005	 7	12	24	147.58798	70.95223	120.52706
2005	 7	13	24	147.25943	70.38388	120.11383
2005	 7	14	24	146.95445	69.85688	119.73045
2005	 7	15	24	146.67334	69.37513	119.37850
2005	 7	16	24	146.41142	68.92940	119.05167
2005	 7	17	24	146.16057	68.51144	118.74181
2005	 7	18	24	145.91878	68.12001	118.44718
2005	 7	19	24	149.12296	73.29868	122.34857
2005	 7	20	24	148.80649	73.12227	122.08157
2005	 7	21	24	149.34447	75.08514	123.12269
2005	 7	22	24	148.91876	73.51540	122.29301
2005	 7	23	24	148.56761	72.66267	121.76476
2005	 7	24	24	148.24454	72.11049	121.36077
2005	 7	25	24	147.94310	71.49289	120.94769
2005	 7	26	24	147.66505	70.94056	120.57280
2005	 7	27	24	147.40126	70.45822	120.23183
2005	 7	28	24	147.15082	70.03143	119.91912
2005	 7	29	24	149.09843	73.75935	122.49538
2005	 7	30	24	148.90582	73.22840	122.18330
2005	 7	31	24	148.57535	72.48563	121.70724
2005	 8	 1	24	148.28293	71.98219	121.34031
2005	 8	 2	24	148.24196	71.56299	121.16578
2005	 8	 3	24	148.04503	71.16693	120.89854
2005	 8	 4	24	147.79503	70.80051	120.60742
2005	 8	 5	24	149.46535	74.20157	122.88889
2005	 8	 6	24	148.96855	72.99158	122.14025
2005	 8	 7	24	148.64980	72.51058	121.76421
2005	 8	 8	24	148.36778	72.09266	121.43421
2005	 8	 9	24	148.11502	71.74226	121.14697
2005	 8	10	24	147.88033	71.42496	120.88309
2005	 8	11	24	147.65424	71.12811	120.63203
2005	 8	12	24	148.96701	72.63136	122.01205
2005	 8	13	24	148.60347	72.18861	121.62055
2005	 8	14	24	148.35046	71.97933	121.38299
2005	 8	15	24	148.35187	73.54118	121.93540
2005	 8	16	24	148.13083	72.89796	121.56528
2005	 8	17	24	147.91786	72.56362	121.30946
2005	 8	18	24	147.70888	72.28905	121.07731
2005	 8	19	24	147.50310	72.03007	120.85275
2005	 8	20	24	149.83087	75.99193	123.75754
2005	 8	21	24	149.31546	74.25678	122.81142
2005	 8	22	24	151.61298	80.57868	126.52999
2005	 8	23	24	151.02068	77.01466	124.88834
2005	 8	24	24	150.53099	75.43879	124.01511
2005	 8	25	24	150.18275	74.47506	123.44955
2005	 8	26	24	149.84518	73.70967	122.96091
2005	 8	27	24	149.52150	73.06036	122.52224
2005	 8	28	24	149.21634	72.46899	122.11602
2005	 8	29	24	148.92674	71.91370	121.73259
2005	 8	30	24	148.65775	71.40704	121.37968
2005	 8	31	24	148.41417	70.95381	121.06207
2005	 9	 1	24	148.18835	70.54997	120.77340
2005	 9	 2	24	147.97491	70.19277	120.50919
2005	 9	 3	24	147.76959	69.88007	120.26595
2005	 9	 4	24	147.56868	69.60410	120.03854
2005	 9	 5	24	147.37065	69.34744	119.81981
2005	 9	 6	24	147.17592	69.10925	119.60973
2005	 9	 7	24	146.98395	68.88618	119.40678
2005	 9	 8	24	146.79440	68.67421	119.20930
2005	 9	 9	24	146.60747	68.47305	119.01736
2005	 9	10	24	153.79762	83.44653	128.95589
2005	 9	11	24	152.91776	79.56786	127.01711
2005	 9	12	24	155.51143	84.15775	130.31567
2005	 9	13	24	154.63863	80.58845	128.49069
2005	 9	14	24	154.10687	78.80130	127.51565
2005	 9	15	24	154.02232	78.38612	127.31435
2005	 9	16	24	154.53717	78.43855	127.66592
2005	 9	17	24	154.09576	76.72903	126.77673
2005	 9	18	24	153.62511	75.62287	126.08167
2005	 9	19	24	153.20279	74.71598	125.48824
2005	 9	20	24	152.80792	73.93282	124.95627
2005	 9	21	24	152.43030	73.23347	124.46503
2005	 9	22	24	152.06662	72.56763	123.99466
2005	 9	23	24	151.71753	71.93118	123.54409
2005	 9	24	24	151.38374	71.32761	123.11505
2005	 9	25	24	151.05881	70.76117	122.70483
2005	 9	26	24	150.74219	70.23592	122.31454
2005	 9	27	24	150.43568	69.75408	121.94613
2005	 9	28	24	150.20491	69.31717	121.64256
2005	 9	29	24	151.91629	73.13934	124.09929
2005	 9	30	24	151.54274	72.31815	123.56767
2005	10	 1	24	152.33737	73.30320	124.42954
2005	10	 2	24	152.47855	74.30970	124.87627
2005	10	 3	24	152.12782	73.65730	124.41903
2005	10	 4	24	151.82874	73.16035	124.05007
2005	10	 5	24	151.53743	72.71416	123.70408
2005	10	 6	24	151.25449	72.29579	123.37331
2005	10	 7	24	150.98029	71.90488	123.05789
2005	10	 8	24	150.72421	71.54817	122.76630
2005	10	 9	24	150.47925	71.21452	122.49001
2005	10	10	24	150.24295	70.91045	122.22978
2005	10	11	24	150.01425	70.63761	121.98549
2005	10	12	24	149.79126	70.38325	121.75143
2005	10	13	24	149.57286	70.14459	121.52587
2005	10	14	24	149.35927	69.91787	121.30765
2005	10	15	24	149.15121	69.70528	121.09799
2005	10	16	24	148.94890	69.50626	120.89684
2005	10	17	24	148.75182	69.31864	120.70309
2005	10	18	24	148.55791	69.14131	120.51505
2005	10	19	24	148.36647	68.97231	120.33153
2005	10	20	24	148.17844	68.80913	120.15226
2005	10	21	24	147.99518	68.65080	119.97781
2005	10	22	24	147.82556	68.49773	119.81404
2005	10	23	24	148.40601	69.54646	120.55984
2005	10	24	24	148.21729	69.29211	120.34794
2005	10	25	24	148.04237	69.11279	120.17148
2005	10	26	24	147.87009	68.96334	120.00725
2005	10	27	24	147.69991	68.82247	119.84743
2005	10	28	24	147.53186	68.68655	119.69071
2005	10	29	24	147.36606	68.55440	119.53680
2005	10	30	24	147.20287	68.42584	119.38583
2005	10	31	24	147.04172	68.30050	119.23734
2005	11	 1	24	146.88237	68.17874	119.09126
2005	11	 2	24	146.72505	68.06053	118.94775
2005	11	 3	24	146.56973	67.94530	118.80659
2005	11	 4	24	146.41597	67.83292	118.66743
2005	11	 5	24	146.58211	68.36234	118.96185
2005	11	 6	24	146.42062	68.19768	118.79925
2005	11	 7	24	146.27016	68.07867	118.65990
2005	11	 8	24	146.12137	67.97253	118.52616
2005	11	 9	24	145.97400	67.86926	118.39436
2005	11	10	24	145.82800	67.76849	118.26434
2005	11	11	24	145.68364	67.66994	118.13615
2005	11	12	24	145.54099	67.57367	118.00987
2005	11	13	24	145.39970	67.47958	117.88525
2005	11	14	24	145.25989	67.38786	117.76243
2005	11	15	24	145.60942	67.58390	118.05775
2005	11	16	24	147.84242	69.69473	120.24762
2005	11	17	24	149.63527	69.34795	121.28494
2005	11	18	24	149.41791	69.12112	121.06423
2005	11	19	24	149.20564	68.94234	120.86379
2005	11	20	24	153.07574	69.06107	123.40924
2005	11	21	24	153.38046	68.92498	123.55830
2005	11	22	24	153.11768	68.80172	123.34480
2005	11	23	24	152.84558	68.68748	123.12844
2005	11	24	24	152.59979	68.58196	122.93218
2005	11	25	24	152.37151	68.48550	122.75044
2005	11	26	24	152.92152	68.39307	123.07361
2005	11	27	24	152.67114	68.30701	122.88124
2005	11	28	24	152.52318	68.22688	122.75724
2005	11	29	24	152.49640	68.14868	122.71230
2005	11	30	24	152.34715	68.07218	122.58874
2005	12	 1	24	152.37543	67.99720	122.58055
2005	12	 2	24	152.22366	67.92351	122.45635
2005	12	 3	24	152.73901	67.85137	122.76427
2005	12	 4	24	153.49983	67.93105	123.28456
2005	12	 5	24	153.53873	67.88924	123.29496
2005	12	 6	24	153.64343	68.66906	123.63805
2005	12	 7	24	153.55719	68.49432	123.52056
2005	12	 8	24	153.68842	68.70680	123.68049
2005	12	 9	24	153.50684	68.57096	123.51505
2005	12	10	24	153.36903	68.47018	123.39032
2005	12	11	24	153.21849	68.39158	123.26518
2005	12	12	24	153.45866	69.85134	123.93601
2005	12	13	24	153.30069	69.55826	123.73032
2005	12	14	24	153.52870	69.48071	123.85043
2005	12	15	24	156.46146	74.89059	127.65789
2005	12	16	24	157.85153	74.24538	128.32928
2005	12	17	24	157.15404	73.79591	127.71937
2005	12	18	24	156.72296	73.46874	127.32499
2005	12	19	24	156.78952	73.22595	127.28231
2005	12	20	24	157.86433	73.01472	127.90301
2005	12	21	24	157.46278	72.84771	127.58428
2005	12	22	24	157.90286	73.00368	127.92403
2005	12	23	24	158.38982	73.90528	128.55740
2005	12	24	24	159.14307	76.33699	129.90334
2005	12	25	24	158.69400	76.00819	129.49673
2005	12	26	24	158.48807	75.79532	129.28836
2005	12	27	24	158.13568	75.62360	128.99977
2005	12	28	24	157.81741	75.43707	128.72801
2005	12	29	24	157.48695	75.26200	128.45242
2005	12	30	24	157.41826	75.09430	128.34877
2005	12	31	24	157.24634	74.93530	128.18141
2006	 1	 1	24	157.43158	74.80849	128.25647
2006	 1	 2	24	157.28230	74.77882	128.14943
2006	 1	 3	24	157.13028	74.63883	128.00165
2006	 1	 4	24	156.81935	74.50371	127.75280
2006	 1	 5	24	156.57942	74.37789	127.55316
2006	 1	 6	24	156.43724	74.38434	127.46346
2006	 1	 7	24	156.24390	74.28056	127.30175
2006	 1	 8	24	156.02126	74.17817	127.12157
2006	 1	 9	24	156.35741	74.18252	127.34055
2006	 1	10	24	156.49176	74.70582	127.61226
2006	 1	11	24	156.81473	76.61368	128.49486
2006	 1	12	24	156.56004	76.31063	128.22310
2006	 1	13	24	156.38571	76.12966	128.04642
2006	 1	14	24	156.35098	76.19843	128.04825
2006	 1	15	24	156.13567	76.05106	127.85691
2006	 1	16	24	155.93848	75.91180	127.68018
2006	 1	17	24	156.22554	75.78768	127.82205
2006	 1	18	24	156.06381	75.67061	127.67609
2006	 1	19	24	155.83073	75.55917	127.48597
2006	 1	20	24	157.49739	76.87208	129.02771
2006	 1	21	24	158.58698	77.86607	130.08354
2006	 1	22	24	157.82361	77.49726	129.45950
2006	 1	23	24	157.41133	77.28149	129.11661
2006	 1	24	24	157.31009	77.08956	128.98335
2006	 1	25	24	156.96964	76.92622	128.70543
2006	 1	26	24	156.64897	76.78139	128.44685
2006	 1	27	24	156.57368	76.66330	128.35646
2006	 1	28	24	156.74556	77.67403	128.82454
2006	 1	29	24	156.58456	77.78616	128.75998
2006	 1	30	24	156.43739	78.00520	128.74213
2006	 1	31	24	156.29126	78.33691	128.76472
2006	 2	 1	24	156.44489	81.56110	130.00261
2006	 2	 2	24	156.31609	82.02025	130.08142
2006	 2	 3	24	155.98869	81.25671	129.60002
2006	 2	 4	24	155.69353	80.80611	129.24997
2006	 2	 5	24	155.39296	80.47883	128.93997
2006	 2	 6	24	156.17787	80.21991	129.35629
2006	 2	 7	24	159.33427	85.96748	133.42766
2006	 2	 8	24	159.24052	84.50029	132.84894
2006	 2	 9	24	159.29019	83.63933	132.57706
2006	 2	10	24	159.32304	82.93634	132.35007
2006	 2	11	24	158.77457	82.41673	131.81178
2006	 2	12	24	158.48238	82.04178	131.49037
2006	 2	13	24	158.37312	81.73605	131.31174
2006	 2	14	24	158.40363	81.89068	131.38606
2006	 2	15	24	158.33725	81.59256	131.23787
2006	 2	16	24	158.47513	81.90520	131.43745
2006	 2	17	24	158.40022	82.32887	131.53859
2006	 2	18	24	158.15324	82.23563	131.34590
2006	 2	19	24	157.98132	82.73969	131.41269
2006	 2	20	24	157.67749	82.42568	131.10526
2006	 2	21	24	157.35565	82.23061	130.82817
2006	 2	22	24	157.00897	81.95558	130.50681
2006	 2	23	24	156.72734	81.64232	130.21400
2006	 2	24	24	156.61562	81.52900	130.10172
2006	 2	25	24	156.35857	81.22488	129.82805
2006	 2	26	24	156.04109	80.92877	129.51811
2006	 2	27	24	156.16212	80.63795	129.49371
2006	 2	28	24	156.70872	80.37519	129.75452
2006	 3	 1	24	156.80063	80.12481	129.72556
2006	 3	 2	24	156.74455	79.92336	129.61815
2006	 3	 3	24	156.72258	79.68388	129.51938
2006	 3	 4	24	156.44864	79.44804	129.25890
2006	 3	 5	24	156.55414	79.39772	129.30937
2006	 3	 6	24	156.53232	79.25608	129.24524
2006	 3	 7	24	156.58403	79.08186	129.21716
2006	 3	 8	24	156.53615	78.89903	129.12164
2006	 3	 9	24	157.26849	79.00161	129.63161
2006	 3	10	24	157.42018	80.84550	130.38083
2006	 3	11	24	157.47319	80.43964	130.27180
2006	 3	12	24	156.84302	80.20321	129.78067
2006	 3	13	24	156.46713	79.99007	129.46225
2006	 3	14	24	156.30103	79.82242	129.29559
2006	 3	15	24	156.07784	79.66728	129.09644
2006	 3	16	24	156.10953	79.52296	129.06596
2006	 3	17	24	155.98224	79.38295	128.93419
2006	 3	18	24	155.99617	79.45614	128.96904
2006	 3	19	24	156.65306	80.66457	129.82069
2006	 3	20	24	156.72868	82.11858	130.38304
2006	 3	21	24	156.61330	82.65011	130.49609
2006	 3	22	24	156.27097	82.60891	130.26009
2006	 3	23	24	156.01326	82.62859	130.10033
2006	 3	24	24	155.78101	82.88287	130.03987
2006	 3	25	24	155.90146	84.49847	130.68828
2006	 3	26	24	157.28212	92.36971	134.36084
2006	 3	27	24	157.21362	95.39699	135.38550
2006	 3	28	24	157.10242	96.15102	135.57982
2006	 3	29	24	156.96976	95.85940	135.39102
2006	 3	30	24	158.14685	99.11502	137.30206
2006	 3	31	24	157.61038	98.49646	136.73660
2006	 4	 1	24	157.46312	98.10476	136.50304
2006	 4	 2	24	157.30148	96.64035	135.88138
2006	 4	 3	24	157.24706	92.97292	134.55116
2006	 4	 4	24	156.85887	87.60079	132.40309
2006	 4	 5	24	156.43536	82.84614	130.45020
2006	 4	 6	24	156.04027	80.54845	129.38329
2006	 4	 7	24	155.66953	79.72043	128.85107
2006	 4	 8	24	155.33188	79.68746	128.62102
2006	 4	 9	24	154.93573	78.21368	127.84434
2006	 4	10	24	156.13936	76.66190	128.07500
2006	 4	11	24	155.63016	75.36149	127.28642
2006	 4	12	24	155.17674	74.56685	126.71251
2006	 4	13	24	155.00037	76.70600	127.35378
2006	 4	14	24	155.03580	77.34943	127.60390
2006	 4	15	24	154.59782	76.25736	126.93495
2006	 4	16	24	154.91188	76.01827	127.05369
2006	 4	17	24	154.55602	73.72478	126.01362
2006	 4	18	24	154.10052	72.46128	125.27282
2006	 4	19	24	153.63811	71.48981	124.63065
2006	 4	20	24	153.17833	69.92075	123.77917
2006	 4	21	24	152.72606	67.73897	122.71619
2006	 4	22	24	152.27832	65.26717	121.55373
2006	 4	23	24	151.83498	62.59530	120.32347
2006	 4	24	24	151.39796	60.21016	119.19856
2006	 4	25	24	150.96964	58.26559	118.23483
2006	 4	26	24	150.56641	57.58433	117.73342
2006	 4	27	24	150.14923	56.22895	116.98495
2006	 4	28	24	150.47559	55.34567	116.88417
2006	 4	29	24	153.20200	59.33319	120.05590
