YY	MM	DD	HH	"1"	"2"	tot_average

--	--	--	--	0.6468891	0.3531109	1.0000
2000	 8	 1	24	12.171	15.540	13.361
2000	 8	 2	24	13.182	15.668	14.060
2000	 8	 3	24	10.766	14.274	12.005
2000	 8	 4	24	10.655	14.110	11.875
2000	 8	 5	24	11.147	14.910	12.476
2000	 8	 6	24	10.180	13.324	11.290
2000	 8	 7	24	8.739	11.529	9.724
2000	 8	 8	24	8.911	11.764	9.918
2000	 8	 9	24	9.454	12.709	10.604
2000	 8	10	24	11.743	15.336	13.012
2000	 8	11	24	10.964	14.785	12.313
2000	 8	12	24	10.570	13.677	11.667
2000	 8	13	24	12.624	17.875	14.478
2000	 8	14	24	14.245	19.891	16.239
2000	 8	15	24	14.131	17.833	15.438
2000	 8	16	24	12.709	17.073	14.250
2000	 8	17	24	13.830	18.001	15.303
2000	 8	18	24	12.913	17.423	14.506
2000	 8	19	24	14.792	19.651	16.508
2000	 8	20	24	15.243	20.546	17.116
2000	 8	21	24	12.076	16.256	13.552
2000	 8	22	24	9.042	11.483	9.904
2000	 8	23	24	9.723	12.198	10.597
2000	 8	24	24	10.406	13.098	11.356
2000	 8	25	24	8.836	10.493	9.421
2000	 8	26	24	9.409	11.014	9.976
2000	 8	27	24	10.600	12.157	11.150
2000	 8	28	24	9.680	11.621	10.366
2000	 8	29	24	10.299	13.013	11.257
2000	 8	30	24	10.658	13.515	11.667
2000	 8	31	24	10.266	12.843	11.176
2000	 9	 1	24	10.596	13.661	11.679
2000	 9	 2	24	9.104	10.372	9.552
2000	 9	 3	24	7.339	8.220	7.650
2000	 9	 4	24	5.908	6.707	6.190
2000	 9	 5	24	5.844	6.459	6.061
2000	 9	 6	24	7.256	8.113	7.558
2000	 9	 7	24	7.311	8.442	7.710
2000	 9	 8	24	9.278	11.085	9.916
2000	 9	 9	24	11.523	14.584	12.604
2000	 9	10	24	11.301	14.618	12.472
2000	 9	11	24	11.345	14.392	12.421
2000	 9	12	24	11.826	14.626	12.815
2000	 9	13	24	11.378	14.132	12.350
2000	 9	14	24	8.996	11.130	9.750
2000	 9	15	24	9.569	11.750	10.339
2000	 9	16	24	8.471	9.148	8.710
2000	 9	17	24	7.123	8.465	7.597
2000	 9	18	24	6.324	7.146	6.614
2000	 9	19	24	5.293	5.283	5.289
2000	 9	20	24	5.957	6.376	6.105
2000	 9	21	24	5.172	5.666	5.346
2000	 9	22	24	5.550	6.706	5.958
2000	 9	23	24	6.341	7.466	6.738
2000	 9	24	24	5.847	6.135	5.949
2000	 9	25	24	6.859	7.245	6.996
2000	 9	26	24	8.470	9.815	8.945
2000	 9	27	24	10.221	11.538	10.686
2000	 9	28	24	10.290	11.382	10.675
2000	 9	29	24	9.652	10.853	10.076
2000	 9	30	24	12.570	11.536	12.205
2000	10	 1	24	10.014	11.653	10.593
2000	10	 2	24	8.181	10.001	8.824
2000	10	 3	24	7.643	9.293	8.226
2000	10	 4	24	8.553	10.316	9.176
2000	10	 5	24	8.905	11.001	9.645
2000	10	 6	24	5.790	6.460	6.027
2000	10	 7	24	3.821	3.986	3.879
2000	10	 8	24	3.745	3.959	3.821
2000	10	 9	24	4.122	4.054	4.098
2000	10	10	24	4.372	3.930	4.216
2000	10	11	24	5.690	5.633	5.670
2000	10	12	24	6.929	8.257	7.398
2000	10	13	24	8.928	10.894	9.623
2000	10	14	24	8.558	11.211	9.495
2000	10	15	24	10.890	13.083	11.664
2000	10	16	24	9.638	11.088	10.150
2000	10	17	24	7.778	9.525	8.395
2000	10	18	24	5.196	6.003	5.481
2000	10	19	24	5.779	6.522	6.041
2000	10	20	24	5.676	6.133	5.837
2000	10	21	24	5.130	4.538	4.921
2000	10	22	24	6.063	5.508	5.867
2000	10	23	24	5.532	4.474	5.158
2000	10	24	24	6.603	6.393	6.529
2000	10	25	24	7.800	8.272	7.967
2000	10	26	24	5.817	6.267	5.976
2000	10	27	24	3.951	3.698	3.862
2000	10	28	24	6.358	6.648	6.460
2000	10	29	24	6.320	5.664	6.088
2000	10	30	24	5.779	4.521	5.334
2000	10	31	24	5.839	5.278	5.641
2000	11	 1	24	4.514	3.682	4.221
2000	11	 2	24	4.635	4.053	4.429
2000	11	 3	24	4.232	3.761	4.066
2000	11	 4	24	3.365	3.026	3.245
2000	11	 5	24	2.197	1.237	1.858
2000	11	 6	24	3.249	1.971	2.798
2000	11	 7	24	5.220	5.207	5.216
2000	11	 8	24	3.753	3.177	3.550
2000	11	 9	24	3.468	2.663	3.184
2000	11	10	24	2.616	1.789	2.324
2000	11	11	24	2.114	0.718	1.621
2000	11	12	24	2.174	0.006	1.408
2000	11	13	24	3.484	1.801	2.890
2000	11	14	24	4.448	4.558	4.487
2000	11	15	24	3.329	2.966	3.201
2000	11	16	24	2.582	1.879	2.334
2000	11	17	24	1.958	1.638	1.845
2000	11	18	24	0.795	-0.930	0.186
2000	11	19	24	0.334	-1.868	-0.444
2000	11	20	24	1.917	0.105	1.277
2000	11	21	24	2.096	1.608	1.924
2000	11	22	24	3.031	1.952	2.650
2000	11	23	24	3.240	2.481	2.972
2000	11	24	24	3.386	2.708	3.147
2000	11	25	24	1.431	0.678	1.165
2000	11	26	24	1.921	0.944	1.576
2000	11	27	24	1.743	0.661	1.361
2000	11	28	24	2.255	0.814	1.746
2000	11	29	24	4.922	4.739	4.858
2000	11	30	24	3.947	3.040	3.627
2000	12	 1	24	3.873	1.779	3.133
2000	12	 2	24	5.096	5.444	5.219
2000	12	 3	24	4.322	3.795	4.136
2000	12	 4	24	2.780	1.995	2.503
2000	12	 5	24	3.125	1.442	2.530
2000	12	 6	24	1.115	-0.979	0.376
2000	12	 7	24	1.433	-1.322	0.460
2000	12	 8	24	2.776	-0.383	1.660
2000	12	 9	24	3.983	3.360	3.763
2000	12	10	24	4.053	3.363	3.809
2000	12	11	24	4.985	5.024	4.999
2000	12	12	24	7.228	8.311	7.611
2000	12	13	24	6.906	7.181	7.003
2000	12	14	24	4.461	3.389	4.083
2000	12	15	24	2.239	0.641	1.675
2000	12	16	24	-0.491	-2.840	-1.320
2000	12	17	24	-1.200	-3.341	-1.956
2000	12	18	24	-1.197	-3.361	-1.961
2000	12	19	24	-1.966	-4.006	-2.686
2000	12	20	24	-3.313	-5.698	-4.155
2000	12	21	24	-5.626	-9.279	-6.916
2000	12	22	24	-5.106	-9.703	-6.729
2000	12	23	24	-1.819	-6.176	-3.357
2000	12	24	24	1.528	0.732	1.247
2000	12	25	24	-1.322	-3.530	-2.102
2000	12	26	24	-1.831	-4.185	-2.662
2000	12	27	24	-0.097	-3.043	-1.137
2000	12	28	24	1.164	-0.379	0.619
2000	12	29	24	-1.933	-4.745	-2.926
2000	12	30	24	-1.961	-4.559	-2.879
2000	12	31	24	-2.851	-5.384	-3.745
2001	 1	 1	24	-3.321	-7.676	-4.859
2001	 1	 2	24	-1.223	-5.330	-2.673
2001	 1	 3	24	0.717	-1.650	-0.119
2001	 1	 4	24	0.204	-2.342	-0.695
2001	 1	 5	24	1.791	-0.714	0.906
2001	 1	 6	24	3.476	2.505	3.133
2001	 1	 7	24	1.515	0.459	1.142
2001	 1	 8	24	0.564	-0.508	0.185
2001	 1	 9	24	-0.287	-2.357	-1.018
2001	 1	10	24	-1.210	-3.533	-2.030
2001	 1	11	24	-2.200	-4.297	-2.940
2001	 1	12	24	-3.369	-6.015	-4.303
2001	 1	13	24	-5.123	-8.186	-6.204
2001	 1	14	24	-3.611	-6.645	-4.683
2001	 1	15	24	-4.091	-7.611	-5.334
2001	 1	16	24	-5.106	-8.992	-6.478
2001	 1	17	24	-4.535	-7.973	-5.749
2001	 1	18	24	-4.010	-6.806	-4.997
2001	 1	19	24	-2.965	-5.513	-3.865
2001	 1	20	24	-2.322	-4.917	-3.239
2001	 1	21	24	-2.301	-4.830	-3.194
2001	 1	22	24	-2.654	-5.763	-3.752
2001	 1	23	24	-1.735	-4.984	-2.882
2001	 1	24	24	-0.692	-4.028	-1.870
2001	 1	25	24	0.931	-0.900	0.284
2001	 1	26	24	0.752	-0.677	0.247
2001	 1	27	24	0.041	-2.353	-0.804
2001	 1	28	24	-0.299	-2.777	-1.174
2001	 1	29	24	-1.153	-2.858	-1.755
2001	 1	30	24	-1.637	-3.232	-2.200
2001	 1	31	24	-2.268	-4.416	-3.027
2001	 2	 1	24	-2.880	-5.107	-3.666
2001	 2	 2	24	-4.676	-7.654	-5.727
2001	 2	 3	24	-4.633	-7.476	-5.637
2001	 2	 4	24	-0.799	-2.010	-1.227
2001	 2	 5	24	3.360	2.457	3.041
2001	 2	 6	24	5.075	4.889	5.009
2001	 2	 7	24	5.038	4.267	4.766
2001	 2	 8	24	3.846	2.503	3.372
2001	 2	 9	24	2.872	2.341	2.684
2001	 2	10	24	-1.521	-3.206	-2.116
2001	 2	11	24	1.918	0.144	1.292
2001	 2	12	24	5.094	4.933	5.037
2001	 2	13	24	1.415	0.471	1.082
2001	 2	14	24	0.149	-0.975	-0.248
2001	 2	15	24	2.693	3.535	2.990
2001	 2	16	24	3.741	5.254	4.275
2001	 2	17	24	-1.138	-2.794	-1.723
2001	 2	18	24	-1.577	-3.600	-2.291
2001	 2	19	24	-0.429	-2.003	-0.985
2001	 2	20	24	-0.424	-2.127	-1.025
2001	 2	21	24	0.244	-1.332	-0.313
2001	 2	22	24	-0.951	-2.889	-1.635
2001	 2	23	24	-3.259	-5.754	-4.140
2001	 2	24	24	-7.087	-10.333	-8.234
2001	 2	25	24	-6.242	-10.102	-7.605
2001	 2	26	24	-3.817	-6.914	-4.911
2001	 2	27	24	-3.516	-6.691	-4.637
2001	 2	28	24	-3.198	-6.769	-4.459
2001	 3	 1	24	-1.277	-3.731	-2.144
2001	 3	 2	24	-1.474	-3.780	-2.288
2001	 3	 3	24	-1.682	-3.285	-2.248
2001	 3	 4	24	-0.383	-2.115	-0.995
2001	 3	 5	24	-1.834	-3.666	-2.480
2001	 3	 6	24	-2.697	-5.096	-3.544
2001	 3	 7	24	-0.438	-2.937	-1.320
2001	 3	 8	24	1.456	-0.151	0.888
2001	 3	 9	24	3.371	2.908	3.207
2001	 3	10	24	4.013	3.837	3.951
2001	 3	11	24	4.667	4.943	4.765
2001	 3	12	24	5.940	6.510	6.141
2001	 3	13	24	2.996	2.442	2.800
2001	 3	14	24	1.294	-0.239	0.753
2001	 3	15	24	0.679	-0.842	0.142
2001	 3	16	24	2.375	1.774	2.163
2001	 3	17	24	2.152	1.730	2.003
2001	 3	18	24	2.113	2.014	2.078
2001	 3	19	24	1.275	-0.422	0.676
2001	 3	20	24	-3.945	-6.575	-4.874
2001	 3	21	24	-2.994	-5.686	-3.945
2001	 3	22	24	0.568	-0.921	0.042
2001	 3	23	24	0.877	-0.221	0.489
2001	 3	24	24	5.041	5.491	5.200
2001	 3	25	24	2.177	2.894	2.430
2001	 3	26	24	-5.517	-6.274	-5.784
2001	 3	27	24	-4.008	-6.541	-4.902
2001	 3	28	24	-2.441	-5.620	-3.564
2001	 3	29	24	-0.592	-3.047	-1.459
2001	 3	30	24	1.627	0.702	1.300
2001	 3	31	24	3.310	3.616	3.418
2001	 4	 1	24	5.614	6.888	6.064
2001	 4	 2	24	7.332	8.652	7.798
2001	 4	 3	24	7.610	8.607	7.962
2001	 4	 4	24	6.867	7.728	7.171
2001	 4	 5	24	2.981	2.560	2.833
2001	 4	 6	24	3.831	2.711	3.436
2001	 4	 7	24	4.510	4.425	4.480
2001	 4	 8	24	2.534	2.121	2.388
2001	 4	 9	24	2.184	1.832	2.060
2001	 4	10	24	3.552	2.540	3.194
2001	 4	11	24	4.316	4.459	4.367
2001	 4	12	24	0.985	-0.137	0.589
2001	 4	13	24	-2.254	-4.653	-3.101
2001	 4	14	24	-2.207	-4.592	-3.049
2001	 4	15	24	-0.477	-2.701	-1.262
2001	 4	16	24	1.011	0.314	0.765
2001	 4	17	24	0.562	-0.614	0.146
2001	 4	18	24	1.421	-0.078	0.892
2001	 4	19	24	0.478	-1.154	-0.098
2001	 4	20	24	0.811	-0.294	0.421
2001	 4	21	24	0.746	-0.782	0.206
2001	 4	22	24	-0.223	-1.604	-0.711
2001	 4	23	24	1.646	1.387	1.554
2001	 4	24	24	5.103	6.302	5.526
2001	 4	25	24	7.667	8.550	7.978
2001	 4	26	24	5.181	5.203	5.189
2001	 4	27	24	4.675	5.020	4.797
2001	 4	28	24	5.740	5.804	5.763
2001	 4	29	24	6.838	7.938	7.226
2001	 4	30	24	10.731	13.419	11.680
2001	 5	 1	24	12.605	15.964	13.791
2001	 5	 2	24	9.872	12.169	10.683
2001	 5	 3	24	12.800	15.532	13.765
2001	 5	 4	24	9.110	11.099	9.813
2001	 5	 5	24	5.110	5.237	5.155
2001	 5	 6	24	3.213	3.036	3.150
2001	 5	 7	24	2.852	2.859	2.855
2001	 5	 8	24	5.808	7.221	6.307
2001	 5	 9	24	8.759	10.875	9.507
2001	 5	10	24	9.469	11.914	10.333
2001	 5	11	24	9.287	11.370	10.022
2001	 5	12	24	6.957	8.166	7.384
2001	 5	13	24	8.845	10.824	9.544
2001	 5	14	24	10.999	12.996	11.704
2001	 5	15	24	9.106	10.608	9.637
2001	 5	16	24	9.612	12.374	10.587
2001	 5	17	24	9.123	11.720	10.040
2001	 5	18	24	6.292	7.596	6.753
2001	 5	19	24	5.101	6.058	5.439
2001	 5	20	24	6.549	8.504	7.239
2001	 5	21	24	6.444	8.190	7.060
2001	 5	22	24	6.582	7.668	6.965
2001	 5	23	24	8.208	9.736	8.747
2001	 5	24	24	10.661	13.561	11.685
2001	 5	25	24	9.638	12.128	10.517
2001	 5	26	24	10.417	13.368	11.459
2001	 5	27	24	11.171	13.493	11.991
2001	 5	28	24	10.074	12.223	10.833
2001	 5	29	24	11.092	13.578	11.970
2001	 5	30	24	8.101	9.585	8.625
2001	 5	31	24	7.398	8.470	7.777
2001	 6	 1	24	5.368	5.750	5.503
2001	 6	 2	24	7.059	7.330	7.154
2001	 6	 3	24	4.053	3.657	3.913
2001	 6	 4	24	3.626	3.383	3.540
2001	 6	 5	24	6.066	7.290	6.498
2001	 6	 6	24	7.683	8.787	8.073
2001	 6	 7	24	9.186	10.709	9.724
2001	 6	 8	24	6.856	8.219	7.338
2001	 6	 9	24	6.839	8.062	7.271
2001	 6	10	24	7.133	8.208	7.513
2001	 6	11	24	5.077	5.442	5.206
2001	 6	12	24	6.356	6.939	6.562
2001	 6	13	24	7.891	9.555	8.478
2001	 6	14	24	10.128	12.746	11.053
2001	 6	15	24	11.529	14.275	12.498
2001	 6	16	24	9.977	12.083	10.721
2001	 6	17	24	9.210	10.985	9.837
2001	 6	18	24	8.265	9.862	8.829
2001	 6	19	24	6.226	6.967	6.487
2001	 6	20	24	7.597	9.764	8.362
2001	 6	21	24	8.897	11.423	9.789
2001	 6	22	24	5.734	6.798	6.110
2001	 6	23	24	6.452	7.736	6.905
2001	 6	24	24	8.890	11.450	9.794
2001	 6	25	24	9.715	12.894	10.838
2001	 6	26	24	10.402	14.169	11.732
2001	 6	27	24	13.116	17.106	14.525
2001	 6	28	24	11.516	14.853	12.694
2001	 6	29	24	11.475	15.291	12.822
2001	 6	30	24	11.912	15.771	13.275
2001	 7	 1	24	9.484	12.094	10.405
2001	 7	 2	24	8.154	10.164	8.863
2001	 7	 3	24	9.480	12.142	10.420
2001	 7	 4	24	11.565	14.382	12.560
2001	 7	 5	24	12.973	16.187	14.108
2001	 7	 6	24	14.310	17.510	15.440
2001	 7	 7	24	14.258	17.331	15.343
2001	 7	 8	24	10.495	12.526	11.212
2001	 7	 9	24	9.486	11.142	10.071
2001	 7	10	24	11.441	14.176	12.407
2001	 7	11	24	11.224	13.380	11.985
2001	 7	12	24	10.690	12.782	11.428
2001	 7	13	24	10.239	12.070	10.885
2001	 7	14	24	12.839	15.341	13.723
2001	 7	15	24	11.501	14.500	12.560
2001	 7	16	24	7.816	9.489	8.406
2001	 7	17	24	6.738	7.993	7.181
2001	 7	18	24	8.900	10.776	9.562
2001	 7	19	24	9.915	11.447	10.456
2001	 7	20	24	9.991	12.192	10.768
2001	 7	21	24	9.102	11.229	9.853
2001	 7	22	24	11.679	15.102	12.888
2001	 7	23	24	12.602	16.145	13.853
2001	 7	24	24	12.496	15.711	13.631
2001	 7	25	24	12.917	16.018	14.012
2001	 7	26	24	13.244	16.984	14.564
2001	 7	27	24	13.469	17.559	14.913
2001	 7	28	24	14.730	19.374	16.370
2001	 7	29	24	13.546	17.222	14.844
2001	 7	30	24	13.712	17.795	15.154
2001	 7	31	24	15.120	19.160	16.546
2001	 8	 1	24	10.665	13.317	11.601
2001	 8	 2	24	11.813	14.663	12.819
2001	 8	 3	24	13.922	16.759	14.924
2001	 8	 4	24	11.088	13.527	11.949
2001	 8	 5	24	10.515	12.883	11.351
2001	 8	 6	24	10.331	12.382	11.055
2001	 8	 7	24	11.799	14.014	12.581
2001	 8	 8	24	12.590	14.853	13.389
2001	 8	 9	24	11.680	14.191	12.567
2001	 8	10	24	9.974	12.184	10.755
2001	 8	11	24	7.884	9.408	8.422
2001	 8	12	24	10.134	12.323	10.907
2001	 8	13	24	11.042	13.541	11.924
2001	 8	14	24	14.618	18.534	16.001
2001	 8	15	24	16.458	20.033	17.720
2001	 8	16	24	16.150	19.699	17.404
2001	 8	17	24	12.435	15.836	13.636
2001	 8	18	24	13.564	17.344	14.899
2001	 8	19	24	13.285	17.113	14.637
2001	 8	20	24	13.473	17.252	14.807
2001	 8	21	24	10.354	12.828	11.227
2001	 8	22	24	11.625	15.132	12.864
2001	 8	23	24	13.155	16.822	14.450
2001	 8	24	24	14.204	17.875	15.500
2001	 8	25	24	15.366	19.701	16.897
2001	 8	26	24	14.996	19.379	16.544
2001	 8	27	24	12.446	15.268	13.443
2001	 8	28	24	7.610	8.849	8.047
2001	 8	29	24	7.177	8.507	7.647
2001	 8	30	24	9.512	11.246	10.124
2001	 8	31	24	9.301	10.877	9.857
2001	 9	 1	24	8.439	10.226	9.070
2001	 9	 2	24	7.682	9.297	8.252
2001	 9	 3	24	10.323	12.447	11.073
2001	 9	 4	24	8.768	10.404	9.346
2001	 9	 5	24	7.155	8.413	7.600
2001	 9	 6	24	7.511	8.821	7.974
2001	 9	 7	24	6.832	7.743	7.154
2001	 9	 8	24	6.495	6.939	6.652
2001	 9	 9	24	4.755	4.059	4.509
2001	 9	10	24	5.869	5.799	5.844
2001	 9	11	24	5.669	5.728	5.690
2001	 9	12	24	5.768	6.283	5.950
2001	 9	13	24	7.283	7.788	7.462
2001	 9	14	24	6.798	7.380	7.003
2001	 9	15	24	6.319	6.794	6.487
2001	 9	16	24	5.313	5.970	5.545
2001	 9	17	24	5.226	5.862	5.451
2001	 9	18	24	4.933	5.305	5.064
2001	 9	19	24	5.887	5.896	5.890
2001	 9	20	24	6.851	7.237	6.987
2001	 9	21	24	6.911	7.614	7.159
2001	 9	22	24	6.094	6.880	6.371
2001	 9	23	24	6.262	7.454	6.683
2001	 9	24	24	6.474	7.638	6.885
2001	 9	25	24	5.930	7.146	6.359
2001	 9	26	24	5.848	6.876	6.211
2001	 9	27	24	6.702	7.287	6.909
2001	 9	28	24	7.821	9.195	8.306
2001	 9	29	24	8.263	9.949	8.858
2001	 9	30	24	8.705	10.201	9.233
2001	10	 1	24	9.413	10.630	9.842
2001	10	 2	24	11.997	14.630	12.927
2001	10	 3	24	12.354	15.578	13.492
2001	10	 4	24	7.700	9.230	8.240
2001	10	 5	24	6.751	7.963	7.179
2001	10	 6	24	8.235	9.263	8.598
2001	10	 7	24	8.695	9.562	9.001
2001	10	 8	24	9.594	11.323	10.204
2001	10	 9	24	8.373	10.304	9.055
2001	10	10	24	8.376	9.896	8.913
2001	10	11	24	8.085	9.275	8.505
2001	10	12	24	8.820	10.710	9.488
2001	10	13	24	10.707	13.802	11.800
2001	10	14	24	11.818	14.887	12.902
2001	10	15	24	9.389	10.602	9.818
2001	10	16	24	9.333	11.473	10.088
2001	10	17	24	7.913	9.441	8.453
2001	10	18	24	6.124	6.910	6.402
2001	10	19	24	5.853	6.299	6.011
2001	10	20	24	5.934	6.037	5.971
2001	10	21	24	6.666	7.306	6.892
2001	10	22	24	6.728	7.758	7.092
2001	10	23	24	5.550	6.245	5.795
2001	10	24	24	4.380	3.856	4.195
2001	10	25	24	5.982	6.594	6.198
2001	10	26	24	5.894	6.436	6.085
2001	10	27	24	5.586	5.114	5.420
2001	10	28	24	5.987	6.574	6.195
2001	10	29	24	5.141	5.427	5.242
2001	10	30	24	9.331	10.373	9.699
2001	10	31	24	10.378	12.175	11.013
2001	11	 1	24	2.652	1.878	2.379
2001	11	 2	24	3.148	2.982	3.089
2001	11	 3	24	3.614	3.400	3.539
2001	11	 4	24	4.076	4.275	4.146
2001	11	 5	24	2.083	1.091	1.733
2001	11	 6	24	2.511	0.656	1.856
2001	11	 7	24	3.284	2.493	3.004
2001	11	 8	24	2.949	2.251	2.702
2001	11	 9	24	-1.772	-3.807	-2.490
2001	11	10	24	-2.231	-4.507	-3.035
2001	11	11	24	-0.762	-2.640	-1.425
2001	11	12	24	2.148	1.404	1.886
2001	11	13	24	0.037	-1.460	-0.492
2001	11	14	24	-1.712	-3.739	-2.427
2001	11	15	24	-1.021	-2.816	-1.655
2001	11	16	24	0.866	-0.209	0.487
2001	11	17	24	0.238	-1.062	-0.221
2001	11	18	24	0.881	-0.001	0.570
2001	11	19	24	1.406	0.585	1.116
2001	11	20	24	0.252	-1.104	-0.227
2001	11	21	24	1.778	0.270	1.245
2001	11	22	24	1.740	-0.058	1.105
2001	11	23	24	-2.146	-4.426	-2.951
2001	11	24	24	-1.983	-4.004	-2.696
2001	11	25	24	-1.363	-3.246	-2.028
2001	11	26	24	1.603	1.032	1.401
2001	11	27	24	0.499	-0.586	0.116
2001	11	28	24	0.843	-0.761	0.276
2001	11	29	24	0.900	-0.410	0.437
2001	11	30	24	0.160	-1.259	-0.341
2001	12	 1	24	-1.707	-5.228	-2.951
2001	12	 2	24	0.236	-2.942	-0.886
2001	12	 3	24	-0.649	-3.579	-1.683
2001	12	 4	24	-1.061	-4.479	-2.268
2001	12	 5	24	1.590	0.368	1.158
2001	12	 6	24	1.594	0.402	1.173
2001	12	 7	24	0.003	-1.244	-0.437
2001	12	 8	24	-3.263	-5.440	-4.032
2001	12	 9	24	-4.178	-6.814	-5.109
2001	12	10	24	-1.929	-3.640	-2.533
2001	12	11	24	-1.032	-2.528	-1.560
2001	12	12	24	-0.734	-2.636	-1.405
2001	12	13	24	-8.332	-13.489	-10.153
2001	12	14	24	-8.879	-12.519	-10.164
2001	12	15	24	-4.787	-6.985	-5.563
2001	12	16	24	-3.079	-5.609	-3.972
2001	12	17	24	-2.971	-5.121	-3.730
2001	12	18	24	-2.782	-4.402	-3.354
2001	12	19	24	-0.556	-2.487	-1.238
2001	12	20	24	-4.477	-7.764	-5.638
2001	12	21	24	-2.627	-6.729	-4.075
2001	12	22	24	-2.831	-5.286	-3.698
2001	12	23	24	-6.627	-10.959	-8.156
2001	12	24	24	-4.000	-8.398	-5.553
2001	12	25	24	0.657	-2.136	-0.329
2001	12	26	24	-1.267	-3.586	-2.086
2001	12	27	24	-2.480	-5.850	-3.670
2001	12	28	24	0.831	-1.500	0.008
2001	12	29	24	-1.441	-3.661	-2.225
2001	12	30	24	-2.879	-5.855	-3.930
2001	12	31	24	-5.968	-9.558	-7.235
2002	 1	 1	24	-3.397	-6.523	-4.501
2002	 1	 2	24	-2.946	-5.844	-3.969
2002	 1	 3	24	-7.846	-12.187	-9.378
2002	 1	 4	24	-6.087	-8.383	-6.898
2002	 1	 5	24	-2.759	-3.393	-2.983
2002	 1	 6	24	-1.638	-3.285	-2.219
2002	 1	 7	24	-1.067	-2.409	-1.541
2002	 1	 8	24	-2.280	-3.669	-2.771
2002	 1	 9	24	-0.566	0.504	-0.188
2002	 1	10	24	-1.382	-0.447	-1.052
2002	 1	11	24	-1.536	-3.007	-2.055
2002	 1	12	24	-1.010	-3.141	-1.762
2002	 1	13	24	-2.602	-4.995	-3.447
2002	 1	14	24	-3.494	-6.784	-4.655
2002	 1	15	24	-4.480	-8.471	-5.889
2002	 1	16	24	-4.394	-8.299	-5.773
2002	 1	17	24	-2.405	-5.129	-3.367
2002	 1	18	24	-2.561	-5.500	-3.599
2002	 1	19	24	0.204	-2.056	-0.594
2002	 1	20	24	1.616	-0.271	0.950
2002	 1	21	24	3.458	2.766	3.214
2002	 1	22	24	3.104	2.162	2.772
2002	 1	23	24	2.550	1.122	2.046
2002	 1	24	24	3.723	2.503	3.293
2002	 1	25	24	0.330	-1.275	-0.237
2002	 1	26	24	3.923	2.521	3.428
2002	 1	27	24	4.234	3.732	4.057
2002	 1	28	24	5.719	5.651	5.695
2002	 1	29	24	5.471	5.529	5.492
2002	 1	30	24	5.444	5.526	5.473
2002	 1	31	24	5.443	5.643	5.513
2002	 2	 1	24	3.961	3.325	3.736
2002	 2	 2	24	6.158	6.074	6.128
2002	 2	 3	24	4.717	3.155	4.166
2002	 2	 4	24	4.215	2.969	3.775
2002	 2	 5	24	5.274	3.838	4.767
2002	 2	 6	24	3.625	3.233	3.486
2002	 2	 7	24	1.808	0.752	1.435
2002	 2	 8	24	2.805	1.290	2.270
2002	 2	 9	24	5.617	4.890	5.360
2002	 2	10	24	2.246	1.018	1.813
2002	 2	11	24	4.723	3.338	4.234
2002	 2	12	24	5.875	5.760	5.835
2002	 2	13	24	1.794	0.943	1.493
2002	 2	14	24	-1.645	-3.997	-2.475
2002	 2	15	24	-1.405	-3.594	-2.178
2002	 2	16	24	0.780	-0.907	0.184
2002	 2	17	24	0.842	-1.040	0.178
2002	 2	18	24	0.658	-0.885	0.113
2002	 2	19	24	0.394	-1.985	-0.446
2002	 2	20	24	1.727	-0.305	1.009
2002	 2	21	24	-2.400	-5.138	-3.367
2002	 2	22	24	-1.845	-5.616	-3.176
2002	 2	23	24	0.141	-2.037	-0.628
2002	 2	24	24	-1.645	-4.078	-2.504
2002	 2	25	24	-0.764	-2.666	-1.436
2002	 2	26	24	4.462	3.522	4.130
2002	 2	27	24	2.681	1.759	2.356
2002	 2	28	24	1.632	-0.193	0.987
2002	 3	 1	24	1.574	0.182	1.082
2002	 3	 2	24	-2.099	-4.451	-2.930
2002	 3	 3	24	-1.584	-3.765	-2.354
2002	 3	 4	24	0.629	-0.745	0.143
2002	 3	 5	24	1.693	1.197	1.518
2002	 3	 6	24	4.178	3.704	4.010
2002	 3	 7	24	3.332	2.246	2.949
2002	 3	 8	24	1.714	0.893	1.424
2002	 3	 9	24	3.832	3.199	3.609
2002	 3	10	24	2.042	0.977	1.666
2002	 3	11	24	4.867	4.371	4.692
2002	 3	12	24	6.141	6.235	6.174
2002	 3	13	24	6.336	6.726	6.474
2002	 3	14	24	-0.758	-1.902	-1.162
2002	 3	15	24	-0.770	-1.646	-1.079
2002	 3	16	24	0.834	0.040	0.554
2002	 3	17	24	2.429	1.165	1.983
2002	 3	18	24	5.001	3.763	4.564
2002	 3	19	24	4.415	3.698	4.162
2002	 3	20	24	3.356	2.845	3.176
2002	 3	21	24	3.178	2.962	3.102
2002	 3	22	24	0.280	-1.253	-0.262
2002	 3	23	24	-0.827	-3.197	-1.664
2002	 3	24	24	-1.552	-4.068	-2.440
2002	 3	25	24	-2.793	-5.186	-3.638
2002	 3	26	24	-3.314	-5.763	-4.179
2002	 3	27	24	-2.628	-4.881	-3.423
2002	 3	28	24	-0.629	-1.675	-0.998
2002	 3	29	24	2.980	3.450	3.146
2002	 3	30	24	6.039	7.457	6.539
2002	 3	31	24	5.271	6.889	5.842
2002	 4	 1	24	5.782	7.519	6.395
2002	 4	 2	24	6.278	7.179	6.596
2002	 4	 3	24	5.530	5.462	5.506
2002	 4	 4	24	3.315	2.939	3.182
2002	 4	 5	24	0.264	-1.291	-0.285
2002	 4	 6	24	-2.249	-4.828	-3.160
2002	 4	 7	24	-0.691	-2.224	-1.232
2002	 4	 8	24	1.174	-0.063	0.737
2002	 4	 9	24	1.311	0.253	0.938
2002	 4	10	24	1.360	0.178	0.943
2002	 4	11	24	2.324	1.330	1.973
2002	 4	12	24	4.138	3.638	3.961
2002	 4	13	24	4.083	4.544	4.246
2002	 4	14	24	2.967	2.692	2.870
2002	 4	15	24	1.406	0.335	1.028
2002	 4	16	24	2.947	2.817	2.901
2002	 4	17	24	3.611	3.563	3.594
2002	 4	18	24	4.194	4.621	4.345
2002	 4	19	24	5.639	6.312	5.877
2002	 4	20	24	3.905	4.116	3.979
2002	 4	21	24	4.981	5.577	5.192
2002	 4	22	24	5.276	6.262	5.624
2002	 4	23	24	7.075	8.380	7.535
2002	 4	24	24	5.265	5.906	5.491
2002	 4	25	24	6.646	7.624	6.991
2002	 4	26	24	7.874	9.180	8.335
2002	 4	27	24	3.528	2.710	3.239
2002	 4	28	24	4.889	4.480	4.745
2002	 4	29	24	6.177	6.016	6.120
2002	 4	30	24	5.979	6.312	6.097
2002	 5	 1	24	9.470	10.918	9.981
2002	 5	 2	24	8.782	10.801	9.495
2002	 5	 3	24	7.979	10.081	8.722
2002	 5	 4	24	7.422	9.289	8.081
2002	 5	 5	24	5.666	6.494	5.958
2002	 5	 6	24	6.185	7.477	6.641
2002	 5	 7	24	7.745	9.467	8.353
2002	 5	 8	24	11.093	13.169	11.826
2002	 5	 9	24	11.943	13.895	12.632
2002	 5	10	24	10.554	12.313	11.176
2002	 5	11	24	9.444	10.985	9.988
2002	 5	12	24	8.434	10.342	9.108
2002	 5	13	24	8.975	11.083	9.720
2002	 5	14	24	10.055	11.981	10.735
2002	 5	15	24	7.610	9.020	8.108
2002	 5	16	24	10.865	13.438	11.773
2002	 5	17	24	12.326	15.381	13.405
2002	 5	18	24	10.007	12.458	10.873
2002	 5	19	24	7.085	8.391	7.546
2002	 5	20	24	8.178	9.920	8.793
2002	 5	21	24	10.429	12.416	11.131
2002	 5	22	24	11.141	13.043	11.812
2002	 5	23	24	11.409	13.832	12.265
2002	 5	24	24	8.071	9.520	8.583
2002	 5	25	24	8.523	10.225	9.124
2002	 5	26	24	6.164	7.284	6.560
2002	 5	27	24	8.102	9.744	8.682
2002	 5	28	24	7.515	9.054	8.059
2002	 5	29	24	8.597	10.206	9.165
2002	 5	30	24	8.216	10.008	8.849
2002	 5	31	24	9.218	11.232	9.929
2002	 6	 1	24	6.642	7.787	7.046
2002	 6	 2	24	7.836	9.679	8.487
2002	 6	 3	24	9.949	12.551	10.867
2002	 6	 4	24	12.256	14.975	13.216
2002	 6	 5	24	13.276	15.228	13.966
2002	 6	 6	24	10.009	11.863	10.664
2002	 6	 7	24	9.160	11.133	9.856
2002	 6	 8	24	8.179	10.156	8.877
2002	 6	 9	24	8.434	10.698	9.233
2002	 6	10	24	8.928	10.977	9.652
2002	 6	11	24	8.372	9.713	8.846
2002	 6	12	24	10.430	12.480	11.154
2002	 6	13	24	11.053	13.432	11.893
2002	 6	14	24	9.672	12.204	10.566
2002	 6	15	24	12.285	15.359	13.370
2002	 6	16	24	10.798	13.542	11.767
2002	 6	17	24	13.523	17.144	14.801
2002	 6	18	24	16.119	20.124	17.533
2002	 6	19	24	12.166	19.010	14.583
2002	 6	20	24	12.800	19.594	15.199
2002	 6	21	24	9.879	15.248	11.775
2002	 6	22	24	11.001	16.574	12.969
2002	 6	23	24	10.865	16.587	12.886
2002	 6	24	24	8.134	11.826	9.438
2002	 6	25	24	7.912	11.802	9.285
2002	 6	26	24	9.041	13.542	10.630
2002	 6	27	24	10.021	14.677	11.665
2002	 6	28	24	6.744	9.507	7.719
2002	 6	29	24	5.978	7.911	6.661
2002	 6	30	24	8.096	10.861	9.072
2002	 7	 1	24	9.847	13.839	11.256
2002	 7	 2	24	9.264	10.932	9.853
2002	 7	 3	24	11.437	13.501	12.166
2002	 7	 4	24	8.971	10.338	9.453
2002	 7	 5	24	10.423	12.557	11.177
2002	 7	 6	24	11.898	14.630	12.863
2002	 7	 7	24	10.973	13.656	11.920
2002	 7	 8	24	13.424	16.693	14.578
2002	 7	 9	24	16.083	19.700	17.360
2002	 7	10	24	14.700	18.236	15.949
2002	 7	11	24	9.511	11.451	10.196
2002	 7	12	24	12.067	15.117	13.144
2002	 7	13	24	12.735	16.179	13.951
2002	 7	14	24	12.294	15.616	13.467
2002	 7	15	24	10.945	13.699	11.917
2002	 7	16	24	12.142	15.403	13.293
2002	 7	17	24	11.617	14.496	12.634
2002	 7	18	24	9.595	11.343	10.212
2002	 7	19	24	9.170	11.047	9.832
2002	 7	20	24	10.038	12.691	10.975
2002	 7	21	24	12.153	14.642	13.032
2002	 7	22	24	8.806	10.215	9.304
2002	 7	23	24	9.581	11.351	10.206
2002	 7	24	24	10.260	12.422	11.023
2002	 7	25	24	8.154	9.706	8.702
2002	 7	26	24	8.835	10.345	9.368
2002	 7	27	24	10.498	13.169	11.441
2002	 7	28	24	13.758	17.476	15.071
2002	 7	29	24	16.171	20.840	17.820
2002	 7	30	24	16.063	20.451	17.613
2002	 7	31	24	15.223	19.453	16.717
2002	 8	 1	24	13.793	17.687	15.168
2002	 8	 2	24	11.708	14.993	12.868
2002	 8	 3	24	12.818	16.568	14.142
2002	 8	 4	24	12.093	15.309	13.229
2002	 8	 5	24	10.791	13.768	11.842
2002	 8	 6	24	10.780	13.659	11.797
2002	 8	 7	24	11.013	13.764	11.985
2002	 8	 8	24	11.184	14.274	12.275
2002	 8	 9	24	11.683	15.443	13.011
2002	 8	10	24	12.740	15.883	13.850
2002	 8	11	24	12.108	15.104	13.166
2002	 8	12	24	10.761	13.043	11.567
2002	 8	13	24	11.841	11.113	11.584
2002	 8	14	24	9.459	11.641	10.230
2002	 8	15	24	11.639	14.674	12.711
2002	 8	16	24	12.230	15.627	13.429
2002	 8	17	24	12.650	16.501	14.010
2002	 8	18	24	13.620	18.149	15.219
2002	 8	19	24	14.551	18.499	15.945
2002	 8	20	24	14.227	17.582	15.412
2002	 8	21	24	12.362	14.970	13.283
2002	 8	22	24	11.902	15.322	13.109
2002	 8	23	24	12.748	16.560	14.094
2002	 8	24	24	13.694	17.248	14.949
2002	 8	25	24	13.932	18.210	15.443
2002	 8	26	24	14.387	18.328	15.779
2002	 8	27	24	14.001	17.410	15.205
2002	 8	28	24	12.514	15.247	13.479
2002	 8	29	24	12.818	16.638	14.167
2002	 8	30	24	12.830	16.670	14.186
2002	 8	31	24	13.415	17.054	14.700
2002	 9	 1	24	8.903	10.480	9.460
2002	 9	 2	24	8.522	10.332	9.161
2002	 9	 3	24	10.582	12.719	11.337
2002	 9	 4	24	12.077	14.735	13.016
2002	 9	 5	24	10.320	12.863	11.218
2002	 9	 6	24	10.117	12.764	11.052
2002	 9	 7	24	11.080	14.067	12.135
2002	 9	 8	24	11.993	15.041	13.069
2002	 9	 9	24	13.074	16.304	14.214
2002	 9	10	24	12.155	15.128	13.205
2002	 9	11	24	9.257	11.344	9.994
2002	 9	12	24	7.666	9.087	8.168
2002	 9	13	24	7.314	9.305	8.017
2002	 9	14	24	8.552	10.206	9.136
2002	 9	15	24	5.826	6.460	6.050
2002	 9	16	24	5.656	6.393	5.916
2002	 9	17	24	6.994	8.162	7.406
2002	 9	18	24	7.313	8.604	7.769
2002	 9	19	24	7.697	9.192	8.225
2002	 9	20	24	7.556	9.162	8.123
2002	 9	21	24	6.554	7.563	6.910
2002	 9	22	24	5.831	6.550	6.085
2002	 9	23	24	4.968	5.194	5.048
2002	 9	24	24	2.847	1.790	2.474
2002	 9	25	24	2.872	2.244	2.650
2002	 9	26	24	4.903	5.088	4.968
2002	 9	27	24	4.125	4.097	4.115
2002	 9	28	24	3.980	4.345	4.109
2002	 9	29	24	5.619	6.448	5.911
2002	 9	30	24	6.047	7.090	6.415
2002	10	 1	24	6.949	8.285	7.420
2002	10	 2	24	7.731	8.639	8.051
2002	10	 3	24	8.349	9.957	8.916
2002	10	 4	24	6.692	7.787	7.079
2002	10	 5	24	5.778	6.139	5.905
2002	10	 6	24	5.326	5.304	5.318
2002	10	 7	24	1.293	0.293	0.940
2002	10	 8	24	0.906	-0.071	0.561
2002	10	 9	24	3.011	2.716	2.907
2002	10	10	24	2.399	1.686	2.147
2002	10	11	24	1.136	-0.300	0.629
2002	10	12	24	-0.254	-2.017	-0.876
2002	10	13	24	-0.512	-1.748	-0.948
2002	10	14	24	3.492	2.435	3.119
2002	10	15	24	6.358	6.736	6.491
2002	10	16	24	8.227	9.114	8.540
2002	10	17	24	6.994	7.482	7.167
2002	10	18	24	3.131	2.232	2.814
2002	10	19	24	1.702	0.535	1.290
2002	10	20	24	1.267	0.290	0.922
2002	10	21	24	3.081	1.160	2.402
2002	10	22	24	6.952	7.494	7.143
2002	10	23	24	7.026	6.949	6.999
2002	10	24	24	2.207	1.132	1.827
2002	10	25	24	4.293	2.872	3.791
2002	10	26	24	5.635	5.383	5.546
2002	10	27	24	5.908	5.183	5.652
2002	10	28	24	2.598	1.578	2.238
2002	10	29	24	2.569	1.986	2.363
2002	10	30	24	2.559	1.954	2.346
2002	10	31	24	2.608	2.068	2.417
2002	11	 1	24	3.895	3.542	3.770
2002	11	 2	24	3.925	3.583	3.804
2002	11	 3	24	-0.058	-1.927	-0.718
2002	11	 4	24	-0.111	-1.587	-0.632
2002	11	 5	24	-2.707	-5.303	-3.623
2002	11	 6	24	-3.435	-6.814	-4.628
2002	11	 7	24	-2.859	-6.165	-4.026
2002	11	 8	24	0.573	-1.129	-0.028
2002	11	 9	24	0.845	-1.112	0.154
2002	11	10	24	-0.385	-2.074	-0.981
2002	11	11	24	1.310	0.013	0.852
2002	11	12	24	3.535	3.337	3.465
2002	11	13	24	3.545	2.373	3.131
2002	11	14	24	3.279	1.604	2.687
2002	11	15	24	5.126	5.418	5.229
2002	11	16	24	7.409	8.120	7.660
2002	11	17	24	5.666	5.161	5.488
2002	11	18	24	3.928	3.992	3.951
2002	11	19	24	2.876	2.099	2.602
2002	11	20	24	-0.216	-1.661	-0.726
2002	11	21	24	1.604	0.269	1.133
2002	11	22	24	2.927	2.745	2.863
2002	11	23	24	2.442	1.820	2.223
2002	11	24	24	2.581	1.463	2.186
2002	11	25	24	4.039	3.498	3.848
2002	11	26	24	4.411	4.490	4.439
2002	11	27	24	2.897	2.764	2.850
2002	11	28	24	3.607	3.265	3.486
2002	11	29	24	3.011	2.486	2.826
2002	11	30	24	1.038	0.235	0.755
2002	12	 1	24	1.821	0.959	1.517
2002	12	 2	24	0.885	-0.574	0.370
2002	12	 3	24	1.266	0.642	1.046
2002	12	 4	24	1.959	2.634	2.197
2002	12	 5	24	-0.108	-0.771	-0.342
2002	12	 6	24	-3.341	-5.211	-4.001
2002	12	 7	24	-5.523	-8.097	-6.432
2002	12	 8	24	-6.222	-8.341	-6.970
2002	12	 9	24	-8.527	-11.923	-9.726
2002	12	10	24	-7.763	-11.793	-9.186
2002	12	11	24	-6.408	-10.936	-8.007
2002	12	12	24	-6.894	-11.412	-8.489
2002	12	13	24	-5.927	-9.590	-7.221
2002	12	14	24	-5.081	-8.970	-6.454
2002	12	15	24	-4.279	-7.310	-5.349
2002	12	16	24	-1.733	-5.059	-2.907
2002	12	17	24	-0.912	-2.589	-1.504
2002	12	18	24	-3.428	-5.381	-4.118
2002	12	19	24	-3.172	-4.876	-3.774
2002	12	20	24	-2.923	-5.351	-3.781
2002	12	21	24	-1.030	-2.445	-1.530
2002	12	22	24	-2.001	-4.521	-2.891
2002	12	23	24	-2.066	-3.504	-2.574
2002	12	24	24	-4.617	-8.448	-5.970
2002	12	25	24	-3.250	-7.759	-4.842
2002	12	26	24	-3.081	-7.737	-4.725
2002	12	27	24	-0.526	-5.009	-2.109
2002	12	28	24	0.580	-2.853	-0.632
2002	12	29	24	1.989	0.973	1.630
2002	12	30	24	0.982	0.995	0.986
2002	12	31	24	-5.654	-8.385	-6.618
2003	 1	 1	24	-4.791	-9.177	-6.340
2003	 1	 2	24	3.922	3.555	3.793
2003	 1	 3	24	2.798	2.260	2.608
2003	 1	 4	24	-3.090	-4.888	-3.725
2003	 1	 5	24	-7.435	-10.945	-8.674
2003	 1	 6	24	-5.258	-8.037	-6.239
2003	 1	 7	24	-10.065	-14.442	-11.610
2003	 1	 8	24	-10.228	-14.014	-11.564
2003	 1	 9	24	-9.285	-13.217	-10.674
2003	 1	10	24	-7.626	-11.098	-8.852
2003	 1	11	24	-6.725	-10.450	-8.041
2003	 1	12	24	-3.751	-7.382	-5.033
2003	 1	13	24	-1.386	-4.214	-2.384
2003	 1	14	24	2.091	0.709	1.603
2003	 1	15	24	0.797	-0.817	0.227
2003	 1	16	24	0.709	-1.308	-0.003
2003	 1	17	24	0.170	-2.584	-0.803
2003	 1	18	24	-0.078	-2.443	-0.913
2003	 1	19	24	-0.429	-2.920	-1.309
2003	 1	20	24	0.705	-2.007	-0.252
2003	 1	21	24	-2.159	-6.002	-3.516
2003	 1	22	24	-0.482	-3.899	-1.688
2003	 1	23	24	0.857	-0.490	0.382
2003	 1	24	24	0.000	-1.395	-0.493
2003	 1	25	24	-1.215	-3.419	-1.993
2003	 1	26	24	-0.417	-2.554	-1.172
2003	 1	27	24	2.060	1.178	1.749
2003	 1	28	24	1.761	0.332	1.256
2003	 1	29	24	-0.758	-2.829	-1.489
2003	 1	30	24	-3.049	-5.665	-3.972
2003	 1	31	24	-4.640	-7.536	-5.663
2003	 2	 1	24	-5.575	-8.712	-6.683
2003	 2	 2	24	-4.789	-9.305	-6.384
2003	 2	 3	24	-0.236	-2.636	-1.083
2003	 2	 4	24	-2.216	-4.605	-3.060
2003	 2	 5	24	-2.719	-5.058	-3.545
2003	 2	 6	24	-4.181	-7.223	-5.255
2003	 2	 7	24	-4.083	-6.901	-5.078
2003	 2	 8	24	-2.860	-5.142	-3.666
2003	 2	 9	24	-4.977	-8.120	-6.087
2003	 2	10	24	-4.948	-7.608	-5.887
2003	 2	11	24	-5.627	-8.655	-6.696
2003	 2	12	24	-5.667	-8.438	-6.645
2003	 2	13	24	-5.079	-7.511	-5.938
2003	 2	14	24	-4.900	-6.905	-5.608
2003	 2	15	24	-5.084	-7.970	-6.103
2003	 2	16	24	-5.770	-9.155	-6.965
2003	 2	17	24	-6.708	-9.333	-7.635
2003	 2	18	24	-6.726	-9.496	-7.704
2003	 2	19	24	-4.843	-6.494	-5.426
2003	 2	20	24	-3.077	-4.398	-3.543
2003	 2	21	24	-1.992	-3.762	-2.617
2003	 2	22	24	-1.761	-4.356	-2.677
2003	 2	23	24	-1.566	-4.619	-2.644
2003	 2	24	24	0.562	-0.847	0.064
2003	 2	25	24	1.365	-0.053	0.864
2003	 2	26	24	-0.579	-3.726	-1.690
2003	 2	27	24	2.011	0.160	1.357
2003	 2	28	24	3.145	3.577	3.298
2003	 3	 1	24	3.376	3.660	3.476
2003	 3	 2	24	1.999	0.971	1.636
2003	 3	 3	24	0.999	0.546	0.839
2003	 3	 4	24	-0.773	-1.772	-1.126
2003	 3	 5	24	-0.030	-1.605	-0.586
2003	 3	 6	24	-1.578	-4.566	-2.633
2003	 3	 7	24	-0.420	-2.106	-1.016
2003	 3	 8	24	1.140	-0.354	0.612
2003	 3	 9	24	2.332	1.287	1.963
2003	 3	10	24	5.005	5.549	5.197
2003	 3	11	24	5.697	6.089	5.835
2003	 3	12	24	2.376	1.463	2.053
2003	 3	13	24	-0.763	-3.284	-1.653
2003	 3	14	24	-2.094	-4.452	-2.927
2003	 3	15	24	-0.925	-2.799	-1.587
2003	 3	16	24	0.234	-0.808	-0.134
2003	 3	17	24	0.231	-1.227	-0.283
2003	 3	18	24	1.068	0.064	0.714
2003	 3	19	24	1.551	0.537	1.193
2003	 3	20	24	-1.507	-3.391	-2.172
2003	 3	21	24	-3.251	-4.144	-3.567
2003	 3	22	24	-3.100	-4.252	-3.507
2003	 3	23	24	2.743	1.939	2.459
2003	 3	24	24	5.663	6.973	6.126
2003	 3	25	24	5.542	6.642	5.931
2003	 3	26	24	4.789	5.997	5.215
2003	 3	27	24	6.290	6.863	6.492
2003	 3	28	24	4.596	5.466	4.903
2003	 3	29	24	5.740	6.810	6.118
2003	 3	30	24	6.218	7.268	6.589
2003	 3	31	24	1.780	0.961	1.490
2003	 4	 1	24	4.536	4.109	4.385
2003	 4	 2	24	2.342	1.446	2.026
2003	 4	 3	24	0.147	-1.233	-0.340
2003	 4	 4	24	0.695	-0.533	0.261
2003	 4	 5	24	0.844	-0.946	0.212
2003	 4	 6	24	-2.860	-6.276	-4.066
2003	 4	 7	24	-3.522	-7.048	-4.767
2003	 4	 8	24	-4.244	-7.322	-5.331
2003	 4	 9	24	-3.783	-6.328	-4.682
2003	 4	10	24	-0.720	-2.193	-1.240
2003	 4	11	24	-0.503	-2.307	-1.140
2003	 4	12	24	1.446	0.470	1.101
2003	 4	13	24	3.980	4.660	4.220
2003	 4	14	24	5.880	6.580	6.128
2003	 4	15	24	7.920	9.318	8.414
2003	 4	16	24	7.082	8.321	7.520
2003	 4	17	24	6.219	7.300	6.601
2003	 4	18	24	1.088	-0.065	0.681
2003	 4	19	24	2.726	1.939	2.448
2003	 4	20	24	8.439	7.672	8.168
2003	 4	21	24	7.694	8.775	8.076
2003	 4	22	24	7.778	9.174	8.271
2003	 4	23	24	7.584	7.590	7.586
2003	 4	24	24	8.004	8.169	8.062
2003	 4	25	24	8.009	10.182	8.777
2003	 4	26	24	9.299	10.922	9.872
2003	 4	27	24	6.448	7.142	6.693
2003	 4	28	24	7.771	9.421	8.354
2003	 4	29	24	9.732	11.749	10.444
2003	 4	30	24	9.995	12.492	10.877
2003	 5	 1	24	8.226	9.544	8.691
2003	 5	 2	24	8.841	11.113	9.643
2003	 5	 3	24	7.473	8.550	7.854
2003	 5	 4	24	8.643	10.565	9.322
2003	 5	 5	24	12.097	14.386	12.906
2003	 5	 6	24	12.392	15.096	13.347
2003	 5	 7	24	8.321	10.303	9.021
2003	 5	 8	24	11.617	15.301	12.918
2003	 5	 9	24	8.825	11.432	9.746
2003	 5	10	24	7.259	9.244	7.960
2003	 5	11	24	8.240	10.718	9.115
2003	 5	12	24	8.961	11.081	9.710
2003	 5	13	24	7.112	8.297	7.530
2003	 5	14	24	4.249	4.510	4.341
2003	 5	15	24	3.228	3.238	3.232
2003	 5	16	24	4.942	6.120	5.358
2003	 5	17	24	6.873	8.235	7.354
2003	 5	18	24	7.771	10.143	8.609
2003	 5	19	24	8.122	10.876	9.094
2003	 5	20	24	6.330	7.845	6.865
2003	 5	21	24	5.752	7.276	6.290
2003	 5	22	24	6.274	7.945	6.864
2003	 5	23	24	9.433	10.671	9.870
2003	 5	24	24	12.056	14.543	12.934
2003	 5	25	24	11.593	14.570	12.644
2003	 5	26	24	8.104	10.151	8.827
2003	 5	27	24	7.857	9.753	8.526
2003	 5	28	24	9.278	11.722	10.141
2003	 5	29	24	10.973	14.101	12.077
2003	 5	30	24	11.707	14.763	12.786
2003	 5	31	24	11.264	14.646	12.458
2003	 6	 1	24	11.677	15.780	13.126
2003	 6	 2	24	12.901	16.780	14.270
2003	 6	 3	24	13.570	17.387	14.918
2003	 6	 4	24	14.595	18.426	15.948
2003	 6	 5	24	14.750	19.308	16.359
2003	 6	 6	24	10.588	14.282	11.892
2003	 6	 7	24	12.328	16.567	13.824
2003	 6	 8	24	14.672	18.572	16.049
2003	 6	 9	24	11.405	14.976	12.666
2003	 6	10	24	12.740	16.070	13.916
2003	 6	11	24	12.819	16.784	14.219
2003	 6	12	24	14.052	18.761	15.715
2003	 6	13	24	10.839	14.479	12.124
2003	 6	14	24	11.017	14.468	12.236
2003	 6	15	24	10.648	13.754	11.745
2003	 6	16	24	10.140	13.300	11.256
2003	 6	17	24	9.800	14.110	11.322
2003	 6	18	24	7.714	12.820	9.517
2003	 6	19	24	7.941	12.585	9.581
2003	 6	20	24	7.544	11.580	8.969
2003	 6	21	24	5.864	8.999	6.971
2003	 6	22	24	7.398	12.503	9.200
2003	 6	23	24	10.746	17.132	13.001
2003	 6	24	24	8.663	14.633	10.771
2003	 6	25	24	7.047	11.388	8.580
2003	 6	26	24	6.708	11.044	8.239
2003	 6	27	24	7.765	13.338	9.733
2003	 6	28	24	8.754	15.561	11.158
2003	 6	29	24	9.661	16.320	12.012
2003	 6	30	24	9.635	18.210	12.663
2003	 7	 1	24	9.278	11.861	10.190
2003	 7	 2	24	10.063	12.299	10.853
2003	 7	 3	24	9.334	11.404	10.065
2003	 7	 4	24	9.203	11.028	9.848
2003	 7	 5	24	7.847	9.629	8.476
2003	 7	 6	24	7.777	9.780	8.484
2003	 7	 7	24	8.515	10.808	9.325
2003	 7	 8	24	9.944	12.839	10.967
2003	 7	 9	24	9.836	12.731	10.859
2003	 7	10	24	8.495	10.639	9.252
2003	 7	11	24	10.928	14.589	12.221
2003	 7	12	24	10.012	12.635	10.938
2003	 7	13	24	8.880	11.186	9.694
2003	 7	14	24	10.697	14.114	11.903
2003	 7	15	24	12.682	16.759	14.122
2003	 7	16	24	14.560	18.672	16.012
2003	 7	17	24	12.808	16.360	14.062
2003	 7	18	24	11.248	15.090	12.605
2003	 7	19	24	13.319	17.888	14.932
2003	 7	20	24	14.677	18.585	16.057
2003	 7	21	24	15.248	19.270	16.668
2003	 7	22	24	13.565	18.215	15.207
2003	 7	23	24	12.000	15.983	13.407
2003	 7	24	24	13.225	16.614	14.421
2003	 7	25	24	10.920	14.155	12.062
2003	 7	26	24	12.583	15.673	13.674
2003	 7	27	24	15.039	18.857	16.387
2003	 7	28	24	10.368	13.856	11.599
2003	 7	29	24	10.405	13.706	11.571
2003	 7	30	24	11.321	15.228	12.700
2003	 7	31	24	11.851	15.487	13.135
2003	 8	 1	24	13.347	18.081	15.019
2003	 8	 2	24	14.971	20.340	16.867
2003	 8	 3	24	16.154	21.920	18.190
2003	 8	 4	24	15.952	21.291	17.837
2003	 8	 5	24	14.415	19.101	16.070
2003	 8	 6	24	12.991	18.006	14.762
2003	 8	 7	24	10.222	18.621	13.188
2003	 8	 8	24	11.143	20.311	14.380
2003	 8	 9	24	10.969	20.367	14.288
2003	 8	10	24	11.365	19.847	14.360
2003	 8	11	24	9.333	16.623	11.907
2003	 8	12	24	16.450	20.788	17.982
2003	 8	13	24	17.163	22.146	18.923
2003	 8	14	24	12.243	16.206	13.643
2003	 8	15	24	9.666	12.524	10.676
2003	 8	16	24	10.173	13.671	11.408
2003	 8	17	24	12.736	16.951	14.224
2003	 8	18	24	14.895	18.876	16.301
2003	 8	19	24	11.332	14.568	12.475
2003	 8	20	24	10.607	13.793	11.732
2003	 8	21	24	12.027	16.182	13.494
2003	 8	22	24	13.264	17.465	14.747
2003	 8	23	24	11.523	14.529	12.584
2003	 8	24	24	9.086	11.369	9.892
2003	 8	25	24	10.267	13.370	11.363
2003	 8	26	24	11.237	14.786	12.490
2003	 8	27	24	8.541	10.372	9.187
2003	 8	28	24	9.765	12.177	10.617
2003	 8	29	24	12.854	15.780	13.887
2003	 8	30	24	7.725	9.240	8.260
2003	 8	31	24	6.983	8.162	7.400
2003	 9	 1	24	6.581	7.702	6.977
2003	 9	 2	24	4.940	5.972	5.305
2003	 9	 3	24	6.139	7.744	6.706
2003	 9	 4	24	7.572	9.244	8.162
2003	 9	 5	24	8.462	10.705	9.254
2003	 9	 6	24	9.764	11.603	10.414
2003	 9	 7	24	10.709	12.843	11.463
2003	 9	 8	24	10.300	12.542	11.091
2003	 9	 9	24	8.683	11.006	9.504
2003	 9	10	24	7.643	9.519	8.305
2003	 9	11	24	6.353	6.776	6.502
2003	 9	12	24	6.611	8.360	7.229
2003	 9	13	24	7.206	8.785	7.764
2003	 9	14	24	7.332	9.333	8.039
2003	 9	15	24	8.225	10.306	8.960
2003	 9	16	24	9.658	12.379	10.619
2003	 9	17	24	9.797	13.172	10.988
2003	 9	18	24	11.947	14.870	12.979
2003	 9	19	24	13.191	17.725	14.792
2003	 9	20	24	13.691	18.151	15.266
2003	 9	21	24	13.654	18.024	15.197
2003	 9	22	24	13.402	16.814	14.607
2003	 9	23	24	8.662	10.175	9.196
2003	 9	24	24	4.593	5.447	4.895
2003	 9	25	24	5.857	7.149	6.313
2003	 9	26	24	7.714	8.188	7.882
2003	 9	27	24	7.684	9.505	8.327
2003	 9	28	24	8.636	10.589	9.326
2003	 9	29	24	7.203	8.435	7.638
2003	 9	30	24	4.463	4.950	4.635
2003	10	 1	24	6.476	6.883	6.619
2003	10	 2	24	7.873	9.436	8.425
2003	10	 3	24	7.885	9.253	8.368
2003	10	 4	24	6.634	7.694	7.008
2003	10	 5	24	3.610	3.885	3.707
2003	10	 6	24	3.901	3.128	3.628
2003	10	 7	24	4.125	2.927	3.702
2003	10	 8	24	3.403	2.985	3.255
2003	10	 9	24	3.694	3.654	3.680
2003	10	10	24	6.661	7.400	6.922
2003	10	11	24	5.693	6.500	5.978
2003	10	12	24	3.557	3.750	3.625
2003	10	13	24	2.791	3.153	2.919
2003	10	14	24	1.479	0.710	1.208
2003	10	15	24	2.301	1.831	2.135
2003	10	16	24	1.424	0.439	1.076
2003	10	17	24	0.908	-0.458	0.426
2003	10	18	24	1.838	0.369	1.319
2003	10	19	24	0.809	-0.742	0.262
2003	10	20	24	0.723	-0.712	0.216
2003	10	21	24	0.237	-0.768	-0.118
2003	10	22	24	0.057	-1.418	-0.464
2003	10	23	24	-1.805	-4.416	-2.727
2003	10	24	24	-2.672	-5.406	-3.638
2003	10	25	24	0.105	-2.386	-0.775
2003	10	26	24	1.205	-0.316	0.668
2003	10	27	24	-0.307	-1.863	-0.857
2003	10	28	24	0.256	-1.665	-0.422
2003	10	29	24	0.391	-2.889	-0.767
2003	10	30	24	1.203	-0.549	0.584
2003	10	31	24	2.594	1.392	2.169
2003	11	 1	24	4.690	4.515	4.628
2003	11	 2	24	4.175	4.045	4.129
2003	11	 3	24	5.516	4.571	5.182
2003	11	 4	24	4.326	4.447	4.369
2003	11	 5	24	3.183	3.190	3.185
2003	11	 6	24	2.776	2.665	2.737
2003	11	 7	24	1.602	0.787	1.314
2003	11	 8	24	3.157	1.912	2.717
2003	11	 9	24	4.217	4.229	4.221
2003	11	10	24	0.809	-1.195	0.101
2003	11	11	24	0.811	-1.342	0.051
2003	11	12	24	-0.152	-2.864	-1.109
2003	11	13	24	-0.857	-3.405	-1.757
2003	11	14	24	0.036	-2.344	-0.805
2003	11	15	24	2.139	0.600	1.595
2003	11	16	24	1.169	-0.859	0.453
2003	11	17	24	1.958	0.542	1.458
2003	11	18	24	4.130	3.297	3.836
2003	11	19	24	6.412	6.592	6.476
2003	11	20	24	5.560	6.012	5.720
2003	11	21	24	5.772	6.038	5.866
2003	11	22	24	5.830	4.426	5.335
2003	11	23	24	4.666	1.185	3.437
2003	11	24	24	4.768	2.683	4.031
2003	11	25	24	5.241	5.552	5.351
2003	11	26	24	3.858	3.344	3.677
2003	11	27	24	4.240	4.788	4.433
2003	11	28	24	3.200	3.654	3.360
2003	11	29	24	2.977	2.892	2.947
2003	11	30	24	1.398	-0.365	0.775
2003	12	 1	24	1.943	1.075	1.637
2003	12	 2	24	2.450	1.979	2.283
2003	12	 3	24	2.278	1.697	2.073
2003	12	 4	24	1.269	0.648	1.050
2003	12	 5	24	0.595	-0.884	0.073
2003	12	 6	24	0.551	-1.483	-0.167
2003	12	 7	24	-3.093	-5.926	-4.093
2003	12	 8	24	-2.578	-4.048	-3.097
2003	12	 9	24	0.368	-3.460	-0.983
2003	12	10	24	-1.140	-5.687	-2.745
2003	12	11	24	0.529	-3.129	-0.763
2003	12	12	24	0.294	-1.659	-0.396
2003	12	13	24	3.777	2.069	3.174
2003	12	14	24	2.962	1.869	2.576
2003	12	15	24	-1.939	-4.484	-2.837
2003	12	16	24	-2.072	-4.562	-2.951
2003	12	17	24	0.129	-1.580	-0.474
2003	12	18	24	0.668	-0.761	0.164
2003	12	19	24	1.261	-1.159	0.406
2003	12	20	24	2.527	1.080	2.016
2003	12	21	24	3.308	1.059	2.513
2003	12	22	24	-1.617	-4.369	-2.589
2003	12	23	24	-5.045	-9.158	-6.497
2003	12	24	24	-4.053	-8.795	-5.727
2003	12	25	24	0.621	-1.451	-0.111
2003	12	26	24	1.387	-0.900	0.579
2003	12	27	24	1.171	-3.600	-0.514
2003	12	28	24	0.702	-3.828	-0.898
2003	12	29	24	0.061	-2.557	-0.864
2003	12	30	24	-1.215	-3.133	-1.892
2003	12	31	24	-1.508	-3.904	-2.354
2004	 1	 1	24	-3.597	-6.652	-4.676
2004	 1	 2	24	-4.299	-7.732	-5.511
2004	 1	 3	24	-5.910	-9.893	-7.317
2004	 1	 4	24	-6.058	-10.568	-7.650
2004	 1	 5	24	-6.070	-9.749	-7.369
2004	 1	 6	24	-5.787	-12.254	-8.070
2004	 1	 7	24	0.468	-1.245	-0.137
2004	 1	 8	24	-0.476	-3.139	-1.416
2004	 1	 9	24	-0.888	-4.070	-2.012
2004	 1	10	24	0.406	-0.767	-0.008
2004	 1	11	24	1.376	-0.938	0.559
2004	 1	12	24	1.147	-0.528	0.555
2004	 1	13	24	1.562	-0.007	1.008
2004	 1	14	24	1.111	-0.855	0.417
2004	 1	15	24	0.075	-1.762	-0.574
2004	 1	16	24	0.760	-2.119	-0.257
2004	 1	17	24	0.868	-0.962	0.222
2004	 1	18	24	-1.880	-4.485	-2.800
2004	 1	19	24	-1.477	-5.126	-2.765
2004	 1	20	24	-2.064	-4.772	-3.020
2004	 1	21	24	-4.006	-7.310	-5.173
2004	 1	22	24	-6.875	-11.225	-8.411
2004	 1	23	24	-7.043	-12.344	-8.915
2004	 1	24	24	-6.066	-11.442	-7.964
2004	 1	25	24	-1.952	-4.052	-2.693
2004	 1	26	24	-1.843	-4.579	-2.809
2004	 1	27	24	-4.621	-7.857	-5.764
2004	 1	28	24	-3.892	-7.470	-5.155
2004	 1	29	24	-2.404	-6.033	-3.685
2004	 1	30	24	-1.302	-4.646	-2.483
2004	 1	31	24	0.619	-3.355	-0.784
2004	 2	 1	24	4.310	3.649	4.076
2004	 2	 2	24	3.708	3.574	3.661
2004	 2	 3	24	4.869	5.053	4.934
2004	 2	 4	24	6.659	7.453	6.939
2004	 2	 5	24	6.932	7.477	7.124
2004	 2	 6	24	6.577	6.918	6.698
2004	 2	 7	24	4.181	3.374	3.896
2004	 2	 8	24	0.696	-1.671	-0.140
2004	 2	 9	24	-1.630	-4.205	-2.539
2004	 2	10	24	-1.398	-3.934	-2.293
2004	 2	11	24	-1.750	-4.573	-2.747
2004	 2	12	24	-4.990	-8.631	-6.276
2004	 2	13	24	-0.096	-1.403	-0.557
2004	 2	14	24	0.732	-0.259	0.382
2004	 2	15	24	-0.312	-2.048	-0.925
2004	 2	16	24	-0.850	-2.798	-1.538
2004	 2	17	24	-0.582	-2.034	-1.095
2004	 2	18	24	-1.084	-3.000	-1.760
2004	 2	19	24	-2.540	-5.601	-3.621
2004	 2	20	24	-2.510	-6.123	-3.786
2004	 2	21	24	-1.641	-5.047	-2.844
2004	 2	22	24	-1.128	-4.289	-2.244
2004	 2	23	24	-2.751	-5.577	-3.749
2004	 2	24	24	-3.257	-6.205	-4.298
2004	 2	25	24	-2.102	-5.963	-3.466
2004	 2	26	24	-2.548	-5.647	-3.642
2004	 2	27	24	-3.558	-6.374	-4.552
2004	 2	28	24	-3.173	-5.804	-4.102
2004	 2	29	24	-3.729	-6.612	-4.747
2004	 3	 1	24	-3.254	-6.534	-4.412
2004	 3	 2	24	-0.712	-2.475	-1.335
2004	 3	 3	24	-1.231	-3.392	-1.994
2004	 3	 4	24	-4.668	-7.676	-5.730
2004	 3	 5	24	-3.870	-7.071	-5.001
2004	 3	 6	24	-3.659	-8.202	-5.263
2004	 3	 7	24	-1.469	-3.992	-2.360
2004	 3	 8	24	-2.789	-5.214	-3.645
2004	 3	 9	24	-2.647	-5.249	-3.566
2004	 3	10	24	-1.434	-3.543	-2.179
2004	 3	11	24	-0.390	-2.837	-1.254
2004	 3	12	24	0.880	-1.394	0.077
2004	 3	13	24	1.290	-0.823	0.544
2004	 3	14	24	2.803	2.053	2.538
2004	 3	15	24	4.206	3.874	4.089
2004	 3	16	24	5.343	6.011	5.579
2004	 3	17	24	6.949	9.319	7.786
2004	 3	18	24	8.017	10.598	8.928
2004	 3	19	24	7.585	8.727	7.988
2004	 3	20	24	6.381	6.135	6.294
2004	 3	21	24	5.165	4.527	4.940
2004	 3	22	24	3.276	2.064	2.848
2004	 3	23	24	1.608	0.532	1.228
2004	 3	24	24	1.280	-0.645	0.600
2004	 3	25	24	-1.004	-3.785	-1.986
2004	 3	26	24	-2.301	-4.966	-3.242
2004	 3	27	24	-2.059	-4.303	-2.851
2004	 3	28	24	-0.080	-1.281	-0.504
2004	 3	29	24	1.931	2.215	2.031
2004	 3	30	24	3.522	3.169	3.398
2004	 3	31	24	3.784	3.060	3.529
2004	 4	 1	24	4.804	4.789	4.798
2004	 4	 2	24	6.409	6.480	6.434
2004	 4	 3	24	6.072	6.600	6.258
2004	 4	 4	24	5.804	6.090	5.905
2004	 4	 5	24	3.590	3.090	3.414
2004	 4	 6	24	2.426	1.403	2.065
2004	 4	 7	24	1.692	0.708	1.345
2004	 4	 8	24	1.272	-0.058	0.802
2004	 4	 9	24	1.314	0.381	0.985
2004	 4	10	24	2.363	2.036	2.247
2004	 4	11	24	1.834	1.333	1.657
2004	 4	12	24	2.081	1.689	1.943
2004	 4	13	24	2.538	2.192	2.416
2004	 4	14	24	3.982	4.455	4.149
2004	 4	15	24	6.410	6.840	6.562
2004	 4	16	24	6.357	6.775	6.505
2004	 4	17	24	6.680	7.447	6.951
2004	 4	18	24	6.775	6.924	6.828
2004	 4	19	24	4.160	4.252	4.193
2004	 4	20	24	4.927	5.606	5.167
2004	 4	21	24	7.546	9.212	8.135
2004	 4	22	24	9.169	11.950	10.151
2004	 4	23	24	7.401	9.413	8.112
2004	 4	24	24	3.159	2.935	3.080
2004	 4	25	24	3.394	3.638	3.480
2004	 4	26	24	4.420	5.378	4.758
2004	 4	27	24	5.758	6.756	6.110
2004	 4	28	24	7.239	8.790	7.787
2004	 4	29	24	9.246	11.246	9.952
2004	 4	30	24	10.721	12.955	11.510
2004	 5	 1	24	9.198	10.865	9.786
2004	 5	 2	24	6.596	7.620	6.958
2004	 5	 3	24	7.550	9.473	8.229
2004	 5	 4	24	7.906	10.508	8.825
2004	 5	 5	24	6.530	9.898	7.719
2004	 5	 6	24	5.159	8.298	6.267
2004	 5	 7	24	4.378	4.222	4.323
2004	 5	 8	24	4.910	5.007	4.944
2004	 5	 9	24	4.336	4.404	4.360
2004	 5	10	24	5.826	6.710	6.138
2004	 5	11	24	6.621	6.285	6.502
2004	 5	12	24	5.105	4.824	5.006
2004	 5	13	24	4.087	4.392	4.195
2004	 5	14	24	4.426	5.410	4.773
2004	 5	15	24	5.815	6.634	6.104
2004	 5	16	24	5.523	6.087	5.722
2004	 5	17	24	6.507	7.786	6.958
2004	 5	18	24	8.404	10.449	9.126
2004	 5	19	24	8.941	11.380	9.803
2004	 5	20	24	7.383	9.160	8.011
2004	 5	21	24	5.761	6.896	6.162
2004	 5	22	24	2.703	2.345	2.577
2004	 5	23	24	1.341	0.308	0.976
2004	 5	24	24	3.233	3.164	3.208
2004	 5	25	24	5.284	5.741	5.445
2004	 5	26	24	4.654	5.487	4.948
2004	 5	27	24	4.430	5.113	4.671
2004	 5	28	24	5.361	6.843	5.884
2004	 5	29	24	7.502	9.772	8.304
2004	 5	30	24	9.376	12.207	10.376
2004	 5	31	24	9.809	12.054	10.602
2004	 6	 1	24	6.765	8.472	7.367
2004	 6	 2	24	6.751	8.428	7.343
2004	 6	 3	24	8.191	10.424	8.980
2004	 6	 4	24	8.968	11.620	9.905
2004	 6	 5	24	6.802	8.503	7.403
2004	 6	 6	24	8.179	10.504	9.000
2004	 6	 7	24	10.376	13.491	11.476
2004	 6	 8	24	12.598	16.657	14.031
2004	 6	 9	24	12.622	16.671	14.052
2004	 6	10	24	13.283	17.356	14.721
2004	 6	11	24	11.373	14.557	12.498
2004	 6	12	24	7.764	9.729	8.458
2004	 6	13	24	7.346	9.336	8.049
2004	 6	14	24	8.454	11.069	9.377
2004	 6	15	24	14.938	14.163	14.664
2004	 6	16	24	8.217	7.399	7.928
2004	 6	17	24	8.909	10.607	9.509
2004	 6	18	24	7.326	8.945	7.898
2004	 6	19	24	7.195	8.342	7.600
2004	 6	20	24	6.410	7.861	6.923
2004	 6	21	24	7.560	9.056	8.088
2004	 6	22	24	8.801	11.048	9.595
2004	 6	23	24	10.844	13.146	11.657
2004	 6	24	24	9.963	11.875	10.638
2004	 6	25	24	8.288	9.861	8.843
2004	 6	26	24	8.141	10.166	8.856
2004	 6	27	24	9.492	11.819	10.314
2004	 6	28	24	9.785	12.284	10.667
2004	 6	29	24	8.283	9.970	8.879
2004	 6	30	24	9.559	12.044	10.437
2004	 7	 1	24	10.409	12.511	11.151
2004	 7	 2	24	8.029	9.719	8.626
2004	 7	 3	24	8.039	9.431	8.531
2004	 7	 4	24	9.115	11.268	9.875
2004	 7	 5	24	9.455	11.998	10.353
2004	 7	 6	24	8.032	10.392	8.865
2004	 7	 7	24	10.238	12.939	11.192
2004	 7	 8	24	12.615	15.656	13.689
2004	 7	 9	24	9.934	11.789	10.589
2004	 7	10	24	8.153	9.291	8.555
2004	 7	11	24	7.563	8.625	7.938
2004	 7	12	24	7.391	8.642	7.833
2004	 7	13	24	6.302	7.512	6.729
2004	 7	14	24	7.380	9.037	7.965
2004	 7	15	24	9.249	11.735	10.127
2004	 7	16	24	11.246	14.439	12.373
2004	 7	17	24	12.889	16.850	14.288
2004	 7	18	24	14.015	18.233	15.505
2004	 7	19	24	12.451	16.370	13.835
2004	 7	20	24	13.846	17.764	15.229
2004	 7	21	24	13.326	17.880	14.934
2004	 7	22	24	11.464	15.083	12.742
2004	 7	23	24	12.724	16.945	14.215
2004	 7	24	24	10.722	13.918	11.851
2004	 7	25	24	10.445	13.962	11.687
2004	 7	26	24	7.908	10.033	8.659
2004	 7	27	24	7.370	9.401	8.087
2004	 7	28	24	8.766	11.304	9.662
2004	 7	29	24	10.069	13.335	11.222
2004	 7	30	24	12.115	16.544	13.679
2004	 7	31	24	13.563	17.980	15.122
2004	 8	 1	24	11.494	16.249	13.173
2004	 8	 2	24	10.980	15.117	12.441
2004	 8	 3	24	11.819	16.020	13.302
2004	 8	 4	24	12.729	17.481	14.407
2004	 8	 5	24	13.341	18.015	14.992
2004	 8	 6	24	12.645	16.426	13.980
2004	 8	 7	24	12.648	16.560	14.030
2004	 8	 8	24	12.694	17.028	14.224
2004	 8	 9	24	12.364	17.410	14.146
2004	 8	10	24	13.394	18.105	15.058
2004	 8	11	24	13.763	18.575	15.462
2004	 8	12	24	13.941	19.968	16.069
2004	 8	13	24	10.478	12.963	11.355
2004	 8	14	24	9.958	12.167	10.738
2004	 8	15	24	10.936	14.435	12.171
2004	 8	16	24	11.466	15.707	12.963
2004	 8	17	24	11.326	16.058	12.997
2004	 8	18	24	12.694	17.412	14.360
2004	 8	19	24	12.718	16.835	14.172
2004	 8	20	24	10.498	13.049	11.399
2004	 8	21	24	9.341	11.835	10.222
2004	 8	22	24	7.192	9.687	8.073
2004	 8	23	24	8.768	11.473	9.723
2004	 8	24	24	9.573	11.948	10.412
2004	 8	25	24	9.010	11.560	9.911
2004	 8	26	24	7.985	10.521	8.880
2004	 8	27	24	8.269	10.824	9.171
2004	 8	28	24	9.420	11.871	10.285
2004	 8	29	24	10.217	13.385	11.336
2004	 8	30	24	8.600	10.636	9.319
2004	 8	31	24	7.243	9.181	7.927
2004	 9	 1	24	7.706	9.954	8.500
2004	 9	 2	24	9.062	12.530	10.287
2004	 9	 3	24	10.935	14.581	12.223
2004	 9	 4	24	11.791	15.597	13.135
2004	 9	 5	24	11.012	14.544	12.259
2004	 9	 6	24	10.475	14.676	11.958
2004	 9	 7	24	10.437	15.123	12.092
2004	 9	 8	24	8.080	10.638	8.983
2004	 9	 9	24	5.755	7.634	6.418
2004	 9	10	24	7.604	9.731	8.355
2004	 9	11	24	9.359	11.759	10.207
2004	 9	12	24	8.060	10.699	8.992
2004	 9	13	24	7.685	9.893	8.465
2004	 9	14	24	9.942	13.607	11.237
2004	 9	15	24	7.938	10.702	8.914
2004	 9	16	24	5.571	7.213	6.151
2004	 9	17	24	6.480	7.919	6.988
2004	 9	18	24	7.996	9.755	8.617
2004	 9	19	24	8.763	11.219	9.630
2004	 9	20	24	9.156	10.971	9.797
2004	 9	21	24	7.075	8.029	7.412
2004	 9	22	24	5.586	4.857	5.328
2004	 9	23	24	5.767	5.349	5.620
2004	 9	24	24	5.651	5.366	5.550
2004	 9	25	24	5.414	6.377	5.754
2004	 9	26	24	5.058	5.497	5.213
2004	 9	27	24	6.696	7.779	7.078
2004	 9	28	24	7.470	8.820	7.946
2004	 9	29	24	7.305	8.818	7.839
2004	 9	30	24	5.003	5.805	5.286
2004	10	 1	24	5.354	6.649	5.811
2004	10	 2	24	6.666	7.878	7.094
2004	10	 3	24	6.860	8.525	7.448
2004	10	 4	24	8.263	9.516	8.706
2004	10	 5	24	10.188	12.308	10.937
2004	10	 6	24	8.709	11.482	9.688
2004	10	 7	24	5.503	7.943	6.364
2004	10	 8	24	4.163	5.672	4.696
2004	10	 9	24	3.185	4.351	3.597
2004	10	10	24	2.073	2.124	2.091
2004	10	11	24	1.815	0.973	1.518
2004	10	12	24	2.150	0.555	1.587
2004	10	13	24	3.077	2.380	2.830
2004	10	14	24	2.089	1.228	1.785
2004	10	15	24	2.848	2.777	2.823
2004	10	16	24	3.017	3.022	3.018
2004	10	17	24	3.449	2.613	3.154
2004	10	18	24	4.444	4.111	4.326
2004	10	19	24	3.332	4.177	3.630
2004	10	20	24	3.998	4.296	4.103
2004	10	21	24	6.868	9.391	7.759
2004	10	22	24	5.662	7.045	6.151
2004	10	23	24	8.258	10.774	9.147
2004	10	24	24	8.108	11.300	9.235
2004	10	25	24	7.593	10.300	8.549
2004	10	26	24	4.294	6.121	4.939
2004	10	27	24	3.651	4.354	3.899
2004	10	28	24	5.328	7.109	5.957
2004	10	29	24	6.635	8.644	7.344
2004	10	30	24	5.850	8.108	6.647
2004	10	31	24	5.067	6.241	5.482
2004	11	 1	24	4.345	4.690	4.467
2004	11	 2	24	5.092	6.113	5.452
2004	11	 3	24	6.662	7.885	7.094
2004	11	 4	24	6.898	8.294	7.391
2004	11	 5	24	4.383	4.609	4.463
2004	11	 6	24	1.868	0.774	1.482
2004	11	 7	24	1.018	-0.192	0.591
2004	11	 8	24	0.208	-1.209	-0.292
2004	11	 9	24	0.205	-1.171	-0.281
2004	11	10	24	0.192	-1.490	-0.402
2004	11	11	24	1.916	2.676	2.185
2004	11	12	24	2.045	1.565	1.875
2004	11	13	24	0.572	-0.772	0.097
2004	11	14	24	-0.932	-2.566	-1.509
2004	11	15	24	0.461	-1.103	-0.091
2004	11	16	24	1.856	1.061	1.575
2004	11	17	24	4.344	3.509	4.049
2004	11	18	24	3.100	2.240	2.796
2004	11	19	24	-0.648	-2.752	-1.391
2004	11	20	24	-1.456	-3.691	-2.245
2004	11	21	24	-1.283	-3.430	-2.041
2004	11	22	24	2.042	0.607	1.536
2004	11	23	24	1.393	0.159	0.957
2004	11	24	24	-2.169	-4.876	-3.125
2004	11	25	24	-0.626	-2.959	-1.450
2004	11	26	24	0.988	0.106	0.677
2004	11	27	24	1.752	0.754	1.399
2004	11	28	24	1.730	0.758	1.387
2004	11	29	24	1.303	0.679	1.082
2004	11	30	24	0.976	-0.197	0.562
2004	12	 1	24	1.639	0.552	1.255
2004	12	 2	24	0.716	-0.463	0.299
2004	12	 3	24	0.346	-1.126	-0.174
2004	12	 4	24	-0.149	-1.784	-0.726
2004	12	 5	24	0.340	-1.727	-0.390
2004	12	 6	24	1.016	-0.200	0.586
2004	12	 7	24	0.433	-1.149	-0.126
2004	12	 8	24	0.174	-0.900	-0.206
2004	12	 9	24	0.204	-2.054	-0.593
2004	12	10	24	3.430	2.614	3.142
2004	12	11	24	1.783	2.691	2.104
2004	12	12	24	-1.498	-3.321	-2.142
2004	12	13	24	-3.332	-6.731	-4.532
2004	12	14	24	-3.557	-7.713	-5.024
2004	12	15	24	-0.309	-5.752	-2.231
2004	12	16	24	-1.350	-7.521	-3.529
2004	12	17	24	-0.224	-4.053	-1.576
2004	12	18	24	-0.059	-2.433	-0.897
2004	12	19	24	-1.634	-3.789	-2.395
2004	12	20	24	-2.198	-5.144	-3.238
2004	12	21	24	-2.873	-5.384	-3.760
2004	12	22	24	-2.676	-6.820	-4.140
2004	12	23	24	2.234	0.547	1.639
2004	12	24	24	3.108	2.121	2.760
2004	12	25	24	2.773	1.932	2.476
2004	12	26	24	0.648	-0.643	0.192
2004	12	27	24	-0.942	-2.829	-1.608
2004	12	28	24	-1.321	-3.332	-2.031
2004	12	29	24	-0.586	-2.239	-1.170
2004	12	30	24	0.062	-2.108	-0.704
2004	12	31	24	2.070	0.641	1.566
2005	 1	 1	24	1.805	1.069	1.545
2005	 1	 2	24	1.471	0.103	0.988
2005	 1	 3	24	0.637	-1.099	0.024
2005	 1	 4	24	2.017	0.752	1.570
2005	 1	 5	24	1.558	0.300	1.114
2005	 1	 6	24	1.535	0.325	1.108
2005	 1	 7	24	4.418	3.914	4.240
2005	 1	 8	24	5.254	4.269	4.906
2005	 1	 9	24	2.682	1.266	2.182
2005	 1	10	24	4.638	3.611	4.275
2005	 1	11	24	3.608	2.561	3.238
2005	 1	12	24	4.201	3.531	3.964
2005	 1	13	24	0.846	-0.702	0.299
2005	 1	14	24	-0.572	-2.361	-1.204
2005	 1	15	24	-1.176	-3.006	-1.822
2005	 1	16	24	-0.783	-3.945	-1.899
2005	 1	17	24	-0.181	-4.585	-1.736
2005	 1	18	24	-0.131	-5.443	-2.007
2005	 1	19	24	0.088	-2.534	-0.838
2005	 1	20	24	1.651	-0.209	0.994
2005	 1	21	24	-0.097	-1.899	-0.733
2005	 1	22	24	-1.191	-3.253	-1.919
2005	 1	23	24	-2.037	-4.645	-2.958
2005	 1	24	24	-3.146	-6.195	-4.223
2005	 1	25	24	-4.108	-7.632	-5.352
2005	 1	26	24	-5.042	-9.293	-6.543
2005	 1	27	24	-5.595	-9.417	-6.944
2005	 1	28	24	-5.142	-8.833	-6.445
2005	 1	29	24	-5.962	-9.527	-7.221
2005	 1	30	24	-2.859	-6.439	-4.123
2005	 1	31	24	-0.277	-2.215	-0.961
2005	 2	 1	24	-1.436	-3.576	-2.192
2005	 2	 2	24	-1.165	-2.940	-1.792
2005	 2	 3	24	-0.995	-3.120	-1.745
2005	 2	 4	24	-2.535	-4.744	-3.315
2005	 2	 5	24	-4.361	-7.862	-5.597
2005	 2	 6	24	-4.775	-8.808	-6.199
2005	 2	 7	24	-5.097	-9.470	-6.641
2005	 2	 8	24	-5.315	-10.343	-7.090
2005	 2	 9	24	-2.429	-7.328	-4.159
2005	 2	10	24	1.208	-2.223	-0.004
2005	 2	11	24	1.118	0.373	0.855
2005	 2	12	24	2.714	1.345	2.230
2005	 2	13	24	0.290	-2.037	-0.531
2005	 2	14	24	-3.013	-5.749	-3.979
2005	 2	15	24	-2.807	-5.733	-3.841
2005	 2	16	24	-2.349	-5.668	-3.521
2005	 2	17	24	-5.825	-6.464	-6.051
2005	 2	18	24	-8.607	-9.140	-8.795
2005	 2	19	24	-5.984	-6.773	-6.262
2005	 2	20	24	-1.866	-4.244	-2.706
2005	 2	21	24	-2.452	-5.312	-3.462
2005	 2	22	24	-3.680	-6.789	-4.778
2005	 2	23	24	-3.335	-5.747	-4.187
2005	 2	24	24	-4.441	-7.076	-5.372
2005	 2	25	24	-3.231	-5.847	-4.155
2005	 2	26	24	-2.581	-5.172	-3.496
2005	 2	27	24	-6.133	-10.542	-7.690
2005	 2	28	24	-7.112	-11.574	-8.687
2005	 3	 1	24	-5.383	-10.503	-7.191
2005	 3	 2	24	-5.547	-10.927	-7.447
2005	 3	 3	24	-5.412	-10.304	-7.140
2005	 3	 4	24	-5.579	-8.813	-6.721
2005	 3	 5	24	-4.765	-8.009	-5.911
2005	 3	 6	24	-4.860	-8.424	-6.118
2005	 3	 7	24	-4.282	-7.744	-5.505
2005	 3	 8	24	-1.214	-3.089	-1.876
2005	 3	 9	24	-1.992	-4.606	-2.915
2005	 3	10	24	-4.777	-7.958	-5.900
2005	 3	11	24	-0.473	-3.475	-1.533
2005	 3	12	24	-0.797	-3.349	-1.698
2005	 3	13	24	-1.261	-3.408	-2.019
2005	 3	14	24	-0.417	-2.499	-1.152
2005	 3	15	24	1.650	1.630	1.643
2005	 3	16	24	5.363	6.611	5.803
2005	 3	17	24	5.962	7.131	6.375
2005	 3	18	24	5.081	5.999	5.405
2005	 3	19	24	0.050	-1.790	-0.600
2005	 3	20	24	-1.722	-4.198	-2.596
2005	 3	21	24	-0.138	-1.613	-0.659
2005	 3	22	24	1.633	-0.387	0.920
2005	 3	23	24	3.880	3.801	3.852
2005	 3	24	24	4.815	5.489	5.053
2005	 3	25	24	5.622	5.877	5.712
2005	 3	26	24	4.334	5.368	4.700
2005	 3	27	24	4.342	4.745	4.484
2005	 3	28	24	3.713	5.083	4.197
2005	 3	29	24	4.213	4.710	4.388
2005	 3	30	24	3.604	3.327	3.506
2005	 3	31	24	1.988	1.111	1.678
2005	 4	 1	24	2.277	1.925	2.153
2005	 4	 2	24	3.936	3.860	3.909
2005	 4	 3	24	5.684	6.265	5.889
2005	 4	 4	24	6.377	7.298	6.703
2005	 4	 5	24	5.787	6.736	6.122
2005	 4	 6	24	5.314	6.004	5.558
2005	 4	 7	24	6.965	7.438	7.132
2005	 4	 8	24	4.090	3.894	4.021
2005	 4	 9	24	1.411	0.625	1.134
2005	 4	10	24	0.814	-0.182	0.462
2005	 4	11	24	2.803	3.316	2.984
2005	 4	12	24	4.284	5.476	4.705
2005	 4	13	24	5.436	7.207	6.061
2005	 4	14	24	6.883	9.058	7.651
2005	 4	15	24	8.338	10.578	9.129
2005	 4	16	24	8.833	11.076	9.625
2005	 4	17	24	7.885	9.977	8.624
2005	 4	18	24	7.565	9.457	8.233
2005	 4	19	24	6.549	7.613	6.925
2005	 4	20	24	2.858	1.595	2.412
2005	 4	21	24	0.474	-0.488	0.134
2005	 4	22	24	2.708	2.860	2.762
2005	 4	23	24	4.257	4.689	4.409
2005	 4	24	24	5.406	6.149	5.668
2005	 4	25	24	5.115	6.025	5.436
2005	 4	26	24	5.565	7.128	6.117
2005	 4	27	24	5.501	6.299	5.783
2005	 4	28	24	5.039	6.110	5.417
2005	 4	29	24	7.002	8.850	7.654
2005	 4	30	24	8.579	11.022	9.442
2005	 5	 1	24	11.480	15.557	12.920
2005	 5	 2	24	14.032	18.033	15.445
2005	 5	 3	24	10.547	13.448	11.572
2005	 5	 4	24	7.405	9.047	7.985
2005	 5	 5	24	4.796	5.511	5.048
2005	 5	 6	24	3.410	3.107	3.303
2005	 5	 7	24	3.639	3.264	3.507
2005	 5	 8	24	1.858	1.145	1.606
2005	 5	 9	24	2.541	2.179	2.413
2005	 5	10	24	3.117	2.901	3.041
2005	 5	11	24	2.304	1.824	2.134
2005	 5	12	24	3.335	3.506	3.395
2005	 5	13	24	5.808	7.124	6.272
2005	 5	14	24	6.860	8.096	7.296
2005	 5	15	24	5.930	6.740	6.216
2005	 5	16	24	6.068	7.383	6.532
2005	 5	17	24	4.018	4.625	4.232
2005	 5	18	24	3.603	3.670	3.627
2005	 5	19	24	4.204	5.005	4.487
2005	 5	20	24	7.373	8.309	7.703
2005	 5	21	24	10.466	12.614	11.224
2005	 5	22	24	10.020	12.781	10.995
2005	 5	23	24	8.119	10.161	8.840
2005	 5	24	24	7.482	9.399	8.159
2005	 5	25	24	10.110	13.061	11.152
2005	 5	26	24	12.000	15.031	13.070
2005	 5	27	24	13.849	17.490	15.135
2005	 5	28	24	15.451	19.693	16.949
2005	 5	29	24	14.431	19.225	16.124
2005	 5	30	24	12.924	16.958	14.349
2005	 5	31	24	5.903	6.971	6.280
2005	 6	 1	24	5.539	6.461	5.864
2005	 6	 2	24	7.392	8.947	7.941
2005	 6	 3	24	11.817	14.960	12.927
2005	 6	 4	24	10.304	12.546	11.096
2005	 6	 5	24	7.467	8.927	7.983
2005	 6	 6	24	5.480	6.503	5.841
2005	 6	 7	24	3.575	3.679	3.611
2005	 6	 8	24	4.702	5.118	4.849
2005	 6	 9	24	5.996	7.216	6.427
2005	 6	10	24	6.570	7.894	7.037
2005	 6	11	24	4.537	5.152	4.754
2005	 6	12	24	5.503	6.398	5.819
2005	 6	13	24	9.360	11.574	10.142
2005	 6	14	24	10.978	14.111	12.084
2005	 6	15	24	9.887	13.408	11.130
2005	 6	16	24	12.292	15.859	13.552
2005	 6	17	24	11.378	14.646	12.532
2005	 6	18	24	9.714	12.235	10.604
2005	 6	19	24	10.023	13.361	11.202
2005	 6	20	24	10.944	14.567	12.223
2005	 6	21	24	13.021	16.335	14.191
2005	 6	22	24	10.505	13.626	11.607
2005	 6	23	24	11.429	15.164	12.748
2005	 6	24	24	13.961	17.545	15.227
2005	 6	25	24	13.543	17.521	14.947
2005	 6	26	24	10.139	13.286	11.250
2005	 6	27	24	11.120	14.901	12.455
2005	 6	28	24	10.972	14.779	12.317
2005	 6	29	24	11.197	15.226	12.620
2005	 6	30	24	9.884	12.780	10.907
2005	 7	 1	24	9.312	11.798	10.190
2005	 7	 2	24	9.015	11.698	9.962
2005	 7	 3	24	11.457	15.347	12.831
2005	 7	 4	24	13.108	16.430	14.281
2005	 7	 5	24	6.496	7.461	6.837
2005	 7	 6	24	8.009	10.184	8.777
2005	 7	 7	24	8.589	10.493	9.262
2005	 7	 8	24	6.705	8.392	7.301
2005	 7	 9	24	8.280	10.936	9.218
2005	 7	10	24	11.115	14.553	12.329
2005	 7	11	24	11.936	15.670	13.255
2005	 7	12	24	12.746	17.050	14.266
2005	 7	13	24	13.338	18.191	15.051
2005	 7	14	24	13.615	18.339	15.283
2005	 7	15	24	14.315	18.503	15.794
2005	 7	16	24	11.755	15.750	13.165
2005	 7	17	24	9.861	13.112	11.009
2005	 7	18	24	12.554	16.940	14.103
2005	 7	19	24	10.539	13.318	11.520
2005	 7	20	24	9.475	11.621	10.233
2005	 7	21	24	7.857	8.853	8.209
2005	 7	22	24	7.748	9.411	8.335
2005	 7	23	24	7.169	8.903	7.781
2005	 7	24	24	9.833	12.596	10.809
2005	 7	25	24	11.511	14.093	12.423
2005	 7	26	24	11.329	14.638	12.498
2005	 7	27	24	12.938	17.482	14.542
2005	 7	28	24	15.996	21.330	17.879
2005	 7	29	24	17.049	22.931	19.126
2005	 7	30	24	11.709	16.060	13.246
2005	 7	31	24	10.374	14.302	11.761
2005	 8	 1	24	10.508	13.867	11.694
2005	 8	 2	24	10.394	13.390	11.452
2005	 8	 3	24	8.773	10.872	9.514
2005	 8	 4	24	8.062	10.195	8.815
2005	 8	 5	24	9.184	11.461	9.988
2005	 8	 6	24	7.707	9.507	8.343
2005	 8	 7	24	5.951	7.082	6.351
2005	 8	 8	24	6.938	8.271	7.409
2005	 8	 9	24	7.291	8.917	7.865
2005	 8	10	24	7.525	8.932	8.022
2005	 8	11	24	7.731	9.244	8.266
2005	 8	12	24	9.658	12.130	10.531
2005	 8	13	24	5.883	8.645	6.858
2005	 8	14	24	6.702	9.751	7.779
2005	 8	15	24	6.249	10.025	7.582
2005	 8	16	24	7.788	12.228	9.356
2005	 8	17	24	7.169	12.132	8.922
2005	 8	18	24	8.496	14.954	10.777
2005	 8	19	24	9.466	16.147	11.825
2005	 8	20	24	8.825	15.195	11.074
2005	 8	21	24	8.911	15.250	11.150
2005	 8	22	24	11.162	14.687	12.407
2005	 8	23	24	9.105	11.798	10.056
2005	 8	24	24	6.809	11.331	8.406
2005	 8	25	24	8.142	11.902	9.470
2005	 8	26	24	7.006	10.519	8.246
2005	 8	27	24	6.859	11.284	8.421
2005	 8	28	24	7.596	13.512	9.685
2005	 8	29	24	9.370	15.632	11.581
2005	 8	30	24	9.184	16.550	11.785
2005	 8	31	24	9.680	17.060	12.286
2005	 9	 1	24	10.021	16.995	12.483
2005	 9	 2	24	9.262	15.910	11.609
2005	 9	 3	24	7.478	13.006	9.430
2005	 9	 4	24	8.145	14.065	10.235
2005	 9	 5	24	8.198	13.428	10.045
2005	 9	 6	24	8.402	13.495	10.200
2005	 9	 7	24	8.870	13.846	10.627
2005	 9	 8	24	13.744	17.333	15.011
2005	 9	 9	24	8.781	14.177	10.686
2005	 9	10	24	9.066	16.058	11.535
2005	 9	11	24	8.124	14.286	10.300
2005	 9	12	24	7.808	13.171	9.701
2005	 9	13	24	6.028	9.625	7.298
2005	 9	14	24	7.394	11.267	8.762
2005	 9	15	24	8.099	12.688	9.720
2005	 9	16	24	7.302	9.700	8.149
2005	 9	17	24	5.580	4.890	5.336
2005	 9	18	24	4.081	6.005	4.760
2005	 9	19	24	4.649	7.019	5.486
2005	 9	20	24	4.618	7.530	5.646
2005	 9	21	24	7.191	9.159	7.886
2005	 9	22	24	7.458	9.966	8.344
2005	 9	23	24	8.901	10.965	9.630
2005	 9	24	24	9.560	11.502	10.245
2005	 9	25	24	9.585	11.455	10.246
2005	 9	26	24	9.565	11.540	10.262
2005	 9	27	24	8.641	10.562	9.320
2005	 9	28	24	7.647	9.021	8.132
2005	 9	29	24	6.042	6.891	6.342
2005	 9	30	24	4.722	5.420	4.968
2005	10	 1	24	5.094	4.895	5.024
2005	10	 2	24	5.434	6.372	5.765
2005	10	 3	24	6.173	7.350	6.589
2005	10	 4	24	8.178	10.829	9.114
2005	10	 5	24	9.159	12.115	10.203
2005	10	 6	24	9.090	11.372	9.896
2005	10	 7	24	8.812	10.120	9.274
2005	10	 8	24	8.173	8.853	8.413
2005	10	 9	24	7.030	7.349	7.143
2005	10	10	24	7.637	8.335	7.884
2005	10	11	24	8.050	8.780	8.308
2005	10	12	24	6.546	7.128	6.751
2005	10	13	24	5.961	7.247	6.415
2005	10	14	24	5.965	8.236	6.767
2005	10	15	24	6.250	8.235	6.951
2005	10	16	24	3.019	2.767	2.930
2005	10	17	24	3.160	3.108	3.142
2005	10	18	24	2.451	1.749	2.203
2005	10	19	24	2.975	1.508	2.457
2005	10	20	24	4.398	2.792	3.831
2005	10	21	24	5.301	4.283	4.942
2005	10	22	24	8.066	8.740	8.304
2005	10	23	24	7.293	8.721	7.797
2005	10	24	24	5.543	6.838	6.000
2005	10	25	24	8.401	9.592	8.822
2005	10	26	24	7.221	9.160	7.906
2005	10	27	24	7.290	9.270	7.990
2005	10	28	24	7.489	8.382	7.805
2005	10	29	24	5.728	5.668	5.707
2005	10	30	24	5.268	3.990	4.817
2005	10	31	24	3.143	1.104	2.423
2005	11	 1	24	3.521	1.787	2.909
2005	11	 2	24	5.187	4.955	5.106
2005	11	 3	24	6.159	6.096	6.137
2005	11	 4	24	5.102	4.824	5.004
2005	11	 5	24	4.357	4.393	4.370
2005	11	 6	24	2.972	2.189	2.695
2005	11	 7	24	3.773	3.523	3.685
2005	11	 8	24	4.207	3.493	3.955
2005	11	 9	24	3.832	2.182	3.249
2005	11	10	24	4.587	5.221	4.811
2005	11	11	24	5.441	5.606	5.499
2005	11	12	24	2.976	2.263	2.724
2005	11	13	24	2.837	0.503	2.013
2005	11	14	24	1.170	-0.639	0.531
2005	11	15	24	1.353	-0.833	0.581
2005	11	16	24	1.200	-0.126	0.732
2005	11	17	24	-0.652	-2.138	-1.177
2005	11	18	24	-1.443	-3.474	-2.160
2005	11	19	24	-1.716	-4.094	-2.556
2005	11	20	24	-0.273	-2.053	-0.901
2005	11	21	24	-0.548	-2.537	-1.250
2005	11	22	24	-1.119	-3.440	-1.939
2005	11	23	24	-1.476	-3.112	-2.054
2005	11	24	24	-2.719	-5.915	-3.848
2005	11	25	24	-2.634	-7.161	-4.232
2005	11	26	24	-2.247	-5.373	-3.350
2005	11	27	24	-2.095	-5.245	-3.207
2005	11	28	24	-1.600	-4.586	-2.654
2005	11	29	24	-1.069	-3.219	-1.828
2005	11	30	24	-0.717	-3.042	-1.538
2005	12	 1	24	-1.781	-4.456	-2.725
2005	12	 2	24	-2.171	-5.773	-3.443
2005	12	 3	24	-0.727	-3.512	-1.711
2005	12	 4	24	1.235	-0.856	0.497
2005	12	 5	24	1.258	-0.657	0.582
2005	12	 6	24	0.444	-0.834	-0.007
2005	12	 7	24	0.426	-0.932	-0.053
2005	12	 8	24	0.503	-0.711	0.074
2005	12	 9	24	-1.281	-2.927	-1.862
2005	12	10	24	-2.579	-5.405	-3.577
2005	12	11	24	-0.057	-3.005	-1.098
2005	12	12	24	1.409	0.526	1.097
2005	12	13	24	-0.268	-1.693	-0.771
2005	12	14	24	0.451	-0.749	0.027
2005	12	15	24	0.954	-0.444	0.460
2005	12	16	24	0.522	-1.850	-0.316
2005	12	17	24	-2.382	-5.144	-3.358
2005	12	18	24	-2.008	-4.691	-2.955
2005	12	19	24	-1.118	-3.681	-2.023
2005	12	20	24	0.240	-1.257	-0.288
2005	12	21	24	-0.855	-2.729	-1.517
2005	12	22	24	0.461	-0.944	-0.035
2005	12	23	24	0.811	-0.414	0.378
2005	12	24	24	1.277	0.254	0.915
2005	12	25	24	-0.994	-3.400	-1.843
2005	12	26	24	-2.300	-5.205	-3.326
2005	12	27	24	-2.683	-5.786	-3.779
2005	12	28	24	-3.889	-7.598	-5.199
2005	12	29	24	-4.201	-8.783	-5.819
2005	12	30	24	-4.867	-9.467	-6.491
2005	12	31	24	-1.779	-6.178	-3.332
2006	 1	 1	24	0.217	-1.792	-0.492
2006	 1	 2	24	-0.481	-1.947	-0.999
2006	 1	 3	24	-0.865	-2.729	-1.523
2006	 1	 4	24	-2.466	-4.136	-3.056
2006	 1	 5	24	-2.245	-3.624	-2.732
2006	 1	 6	24	-1.824	-2.530	-2.074
2006	 1	 7	24	-1.773	-3.429	-2.357
2006	 1	 8	24	-3.534	-6.793	-4.685
2006	 1	 9	24	-3.951	-8.018	-5.387
2006	 1	10	24	-2.067	-4.048	-2.766
2006	 1	11	24	0.199	-0.800	-0.154
2006	 1	12	24	-0.468	-1.894	-0.971
2006	 1	13	24	-1.508	-4.208	-2.462
2006	 1	14	24	-1.528	-5.084	-2.784
2006	 1	15	24	-3.459	-8.476	-5.231
2006	 1	16	24	-3.830	-9.629	-5.878
2006	 1	17	24	-3.683	-9.584	-5.766
2006	 1	18	24	-1.426	-4.136	-2.383
2006	 1	19	24	-4.143	-6.507	-4.978
2006	 1	20	24	1.380	0.362	1.021
2006	 1	21	24	0.325	-1.354	-0.268
2006	 1	22	24	-8.359	-13.561	-10.196
2006	 1	23	24	-8.551	-12.934	-10.099
2006	 1	24	24	-5.896	-10.853	-7.646
2006	 1	25	24	-6.429	-13.673	-8.987
2006	 1	26	24	-6.772	-12.514	-8.800
2006	 1	27	24	-6.376	-12.203	-8.434
2006	 1	28	24	-1.208	-2.847	-1.787
2006	 1	29	24	-2.187	-4.656	-3.059
2006	 1	30	24	-1.975	-3.949	-2.672
2006	 1	31	24	-1.860	-2.728	-2.166
2006	 2	 1	24	1.583	2.430	1.882
2006	 2	 2	24	-0.822	-2.470	-1.404
2006	 2	 3	24	-3.497	-6.403	-4.523
2006	 2	 4	24	-3.128	-6.212	-4.217
2006	 2	 5	24	-6.118	-10.345	-7.611
2006	 2	 6	24	-4.689	-8.643	-6.085
2006	 2	 7	24	0.630	-1.037	0.042
2006	 2	 8	24	1.092	-1.072	0.328
2006	 2	 9	24	-0.733	-3.675	-1.772
2006	 2	10	24	-1.352	-3.858	-2.237
2006	 2	11	24	-2.418	-4.962	-3.316
2006	 2	12	24	-2.867	-5.603	-3.833
2006	 2	13	24	-2.609	-5.474	-3.621
2006	 2	14	24	-2.813	-5.954	-3.922
2006	 2	15	24	-0.495	-3.970	-1.722
2006	 2	16	24	1.037	-0.301	0.565
2006	 2	17	24	1.476	0.206	1.028
2006	 2	18	24	1.152	-0.719	0.491
2006	 2	19	24	1.127	0.063	0.751
2006	 2	20	24	0.512	-0.457	0.170
2006	 2	21	24	-0.877	-2.317	-1.386
2006	 2	22	24	-2.748	-4.688	-3.433
2006	 2	23	24	-3.514	-6.263	-4.485
2006	 2	24	24	-2.703	-6.031	-3.878
2006	 2	25	24	-3.741	-7.733	-5.151
2006	 2	26	24	-4.254	-8.022	-5.584
2006	 2	27	24	-4.296	-8.053	-5.623
2006	 2	28	24	-2.584	-6.700	-4.037
2006	 3	 1	24	-2.212	-5.629	-3.419
2006	 3	 2	24	-3.242	-7.398	-4.710
2006	 3	 3	24	-2.928	-6.624	-4.233
2006	 3	 4	24	-2.796	-5.675	-3.813
2006	 3	 5	24	-2.242	-5.604	-3.429
2006	 3	 6	24	-1.864	-4.442	-2.774
2006	 3	 7	24	-2.933	-5.955	-4.000
2006	 3	 8	24	-2.964	-6.934	-4.366
2006	 3	 9	24	-0.859	-3.048	-1.632
2006	 3	10	24	0.997	-0.020	0.638
2006	 3	11	24	-1.289	-3.648	-2.122
2006	 3	12	24	-4.256	-8.643	-5.805
2006	 3	13	24	-4.935	-9.020	-6.377
2006	 3	14	24	-4.161	-7.747	-5.428
2006	 3	15	24	-3.346	-6.407	-4.427
2006	 3	16	24	-2.140	-4.487	-2.969
2006	 3	17	24	-1.692	-3.977	-2.499
2006	 3	18	24	-2.077	-3.727	-2.660
2006	 3	19	24	-1.400	-2.809	-1.897
2006	 3	20	24	-0.129	-0.999	-0.436
2006	 3	21	24	-0.885	-2.404	-1.421
2006	 3	22	24	-1.581	-3.819	-2.372
2006	 3	23	24	-2.210	-4.634	-3.066
2006	 3	24	24	-0.400	-3.145	-1.369
2006	 3	25	24	2.714	1.645	2.337
2006	 3	26	24	4.439	5.248	4.725
2006	 3	27	24	5.861	7.163	6.320
2006	 3	28	24	4.332	5.104	4.605
2006	 3	29	24	2.750	2.692	2.730
2006	 3	30	24	3.409	3.150	3.318
2006	 3	31	24	4.355	5.200	4.653
2006	 4	 1	24	4.378	5.354	4.722
2006	 4	 2	24	4.534	5.299	4.804
2006	 4	 3	24	2.685	2.519	2.626
2006	 4	 4	24	0.732	-0.331	0.356
2006	 4	 5	24	-0.128	-1.455	-0.597
2006	 4	 6	24	0.247	-0.991	-0.190
2006	 4	 7	24	2.345	2.110	2.262
2006	 4	 8	24	4.146	4.406	4.238
2006	 4	 9	24	2.970	3.467	3.146
2006	 4	10	24	0.834	-0.214	0.464
2006	 4	11	24	-0.002	-1.426	-0.505
2006	 4	12	24	0.883	-0.343	0.450
2006	 4	13	24	2.629	2.122	2.450
2006	 4	14	24	2.770	2.690	2.742
2006	 4	15	24	3.535	4.331	3.816
2006	 4	16	24	5.110	5.928	5.399
2006	 4	17	24	4.393	5.440	4.763
2006	 4	18	24	4.247	5.463	4.677
2006	 4	19	24	4.700	6.627	5.380
2006	 4	20	24	6.179	8.618	7.040
2006	 4	21	24	7.493	10.342	8.499
2006	 4	22	24	6.390	8.462	7.121
2006	 4	23	24	5.206	7.091	5.871
2006	 4	24	24	5.419	7.201	6.049
2006	 4	25	24	8.161	11.965	9.504
2006	 4	26	24	9.016	12.565	10.269
2006	 4	27	24	7.545	10.366	8.541
2006	 4	28	24	3.947	4.711	4.216
2006	 4	29	24	1.317	0.514	1.034
