YY	MM	DD	HH	"1"	"2"	tot_average

--	--	--	--	0.6468891	0.3531109	1.0000
2000	 8	 1	24	1.622	0.856	1.352
2000	 8	 2	24	2.989	1.867	2.593
2000	 8	 3	24	1.625	0.910	1.373
2000	 8	 4	24	1.776	0.970	1.491
2000	 8	 5	24	1.671	1.189	1.501
2000	 8	 6	24	1.685	1.041	1.457
2000	 8	 7	24	1.723	0.999	1.467
2000	 8	 8	24	1.515	0.948	1.315
2000	 8	 9	24	1.626	1.183	1.470
2000	 8	10	24	2.198	1.161	1.832
2000	 8	11	24	1.585	1.072	1.404
2000	 8	12	24	1.384	0.728	1.153
2000	 8	13	24	1.627	0.760	1.321
2000	 8	14	24	1.763	0.980	1.486
2000	 8	15	24	2.233	1.182	1.862
2000	 8	16	24	1.904	1.349	1.708
2000	 8	17	24	2.312	1.512	2.030
2000	 8	18	24	1.637	1.000	1.412
2000	 8	19	24	2.286	1.593	2.041
2000	 8	20	24	2.051	1.396	1.820
2000	 8	21	24	2.423	1.679	2.160
2000	 8	22	24	1.370	0.811	1.173
2000	 8	23	24	1.650	0.848	1.366
2000	 8	24	24	1.715	1.069	1.487
2000	 8	25	24	1.932	1.247	1.690
2000	 8	26	24	2.815	2.141	2.577
2000	 8	27	24	3.677	3.341	3.559
2000	 8	28	24	1.772	0.933	1.476
2000	 8	29	24	1.598	0.619	1.252
2000	 8	30	24	1.401	0.717	1.160
2000	 8	31	24	1.645	1.022	1.425
2000	 9	 1	24	1.481	0.873	1.266
2000	 9	 2	24	3.403	2.082	2.936
2000	 9	 3	24	3.458	2.698	3.190
2000	 9	 4	24	1.962	1.455	1.783
2000	 9	 5	24	1.900	1.158	1.638
2000	 9	 6	24	2.344	1.244	1.955
2000	 9	 7	24	1.840	1.109	1.582
2000	 9	 8	24	2.343	1.200	1.940
2000	 9	 9	24	1.674	0.894	1.398
2000	 9	10	24	1.206	0.776	1.054
2000	 9	11	24	1.396	0.659	1.136
2000	 9	12	24	1.787	1.177	1.572
2000	 9	13	24	2.059	1.371	1.816
2000	 9	14	24	1.490	1.027	1.326
2000	 9	15	24	1.907	1.138	1.635
2000	 9	16	24	2.836	2.231	2.622
2000	 9	17	24	1.232	0.647	1.026
2000	 9	18	24	1.614	0.734	1.303
2000	 9	19	24	2.237	1.570	2.001
2000	 9	20	24	3.193	2.705	3.021
2000	 9	21	24	2.597	1.893	2.348
2000	 9	22	24	1.125	0.513	0.909
2000	 9	23	24	2.060	1.379	1.819
2000	 9	24	24	2.680	2.387	2.577
2000	 9	25	24	2.400	1.705	2.155
2000	 9	26	24	1.917	1.212	1.668
2000	 9	27	24	2.723	1.588	2.322
2000	 9	28	24	3.218	2.341	2.909
2000	 9	29	24	4.087	4.002	4.057
2000	 9	30	24	4.183	3.487	3.937
2000	10	 1	24	2.897	2.844	2.878
2000	10	 2	24	2.154	1.368	1.876
2000	10	 3	24	1.657	0.987	1.420
2000	10	 4	24	1.518	1.011	1.339
2000	10	 5	24	1.331	0.838	1.157
2000	10	 6	24	1.705	1.026	1.465
2000	10	 7	24	1.465	0.877	1.257
2000	10	 8	24	1.379	0.956	1.229
2000	10	 9	24	2.044	1.284	1.776
2000	10	10	24	3.632	3.070	3.434
2000	10	11	24	3.254	2.591	3.020
2000	10	12	24	1.662	1.334	1.546
2000	10	13	24	1.515	1.450	1.492
2000	10	14	24	1.589	1.323	1.495
2000	10	15	24	3.807	3.827	3.814
2000	10	16	24	3.253	3.111	3.203
2000	10	17	24	1.623	1.076	1.430
2000	10	18	24	1.157	0.855	1.050
2000	10	19	24	2.083	1.535	1.889
2000	10	20	24	2.902	2.495	2.758
2000	10	21	24	4.216	3.895	4.103
2000	10	22	24	2.586	1.602	2.239
2000	10	23	24	2.896	1.955	2.564
2000	10	24	24	3.280	2.310	2.937
2000	10	25	24	4.023	2.894	3.624
2000	10	26	24	2.738	2.146	2.529
2000	10	27	24	2.970	2.222	2.706
2000	10	28	24	3.060	2.325	2.800
2000	10	29	24	3.907	2.791	3.513
2000	10	30	24	5.176	4.032	4.772
2000	10	31	24	3.510	2.495	3.151
2000	11	 1	24	3.487	2.454	3.123
2000	11	 2	24	3.634	3.186	3.476
2000	11	 3	24	3.160	3.279	3.202
2000	11	 4	24	2.276	1.839	2.121
2000	11	 5	24	2.588	2.015	2.386
2000	11	 6	24	4.872	4.523	4.748
2000	11	 7	24	2.793	2.486	2.684
2000	11	 8	24	3.049	2.540	2.869
2000	11	 9	24	3.009	2.325	2.767
2000	11	10	24	3.145	2.332	2.858
2000	11	11	24	3.316	2.055	2.871
2000	11	12	24	4.263	3.610	4.033
2000	11	13	24	3.923	3.663	3.831
2000	11	14	24	1.838	1.451	1.701
2000	11	15	24	2.574	1.999	2.371
2000	11	16	24	2.535	2.139	2.395
2000	11	17	24	1.500	1.382	1.459
2000	11	18	24	3.040	1.827	2.612
2000	11	19	24	3.946	3.933	3.941
2000	11	20	24	2.676	2.323	2.551
2000	11	21	24	1.849	1.651	1.779
2000	11	22	24	3.600	3.042	3.403
2000	11	23	24	3.181	3.033	3.129
2000	11	24	24	2.507	2.177	2.391
2000	11	25	24	1.143	0.833	1.034
2000	11	26	24	2.916	2.641	2.819
2000	11	27	24	2.810	2.251	2.613
2000	11	28	24	3.534	2.560	3.190
2000	11	29	24	3.368	2.559	3.082
2000	11	30	24	2.513	1.630	2.201
2000	12	 1	24	2.886	2.320	2.686
2000	12	 2	24	2.450	1.827	2.230
2000	12	 3	24	2.458	1.728	2.200
2000	12	 4	24	2.727	2.223	2.549
2000	12	 5	24	3.345	2.387	3.007
2000	12	 6	24	3.647	2.593	3.275
2000	12	 7	24	3.956	2.729	3.522
2000	12	 8	24	3.586	2.421	3.175
2000	12	 9	24	2.867	1.869	2.514
2000	12	10	24	3.895	2.769	3.497
2000	12	11	24	4.247	3.386	3.943
2000	12	12	24	4.246	3.192	3.874
2000	12	13	24	5.053	3.617	4.546
2000	12	14	24	4.665	3.548	4.270
2000	12	15	24	4.554	3.602	4.218
2000	12	16	24	4.930	4.479	4.771
2000	12	17	24	2.824	2.288	2.635
2000	12	18	24	1.954	1.248	1.705
2000	12	19	24	1.137	0.897	1.052
2000	12	20	24	2.084	2.027	2.064
2000	12	21	24	2.804	2.706	2.770
2000	12	22	24	3.120	2.601	2.936
2000	12	23	24	2.704	2.066	2.479
2000	12	24	24	2.398	2.289	2.360
2000	12	25	24	1.152	1.010	1.102
2000	12	26	24	1.761	1.622	1.712
2000	12	27	24	2.814	2.104	2.563
2000	12	28	24	2.780	1.988	2.500
2000	12	29	24	2.215	1.482	1.956
2000	12	30	24	2.328	1.783	2.136
2000	12	31	24	2.548	2.237	2.439
2001	 1	 1	24	4.478	3.847	4.255
2001	 1	 2	24	4.315	2.768	3.769
2001	 1	 3	24	3.155	1.777	2.668
2001	 1	 4	24	3.564	2.831	3.305
2001	 1	 5	24	4.766	3.514	4.324
2001	 1	 6	24	4.022	3.159	3.717
2001	 1	 7	24	2.472	1.639	2.178
2001	 1	 8	24	1.586	1.255	1.469
2001	 1	 9	24	2.849	1.898	2.513
2001	 1	10	24	1.648	0.990	1.416
2001	 1	11	24	1.382	1.040	1.261
2001	 1	12	24	1.470	1.061	1.326
2001	 1	13	24	1.148	1.112	1.135
2001	 1	14	24	1.697	2.020	1.811
2001	 1	15	24	2.861	2.851	2.857
2001	 1	16	24	3.003	3.260	3.094
2001	 1	17	24	3.362	2.891	3.196
2001	 1	18	24	2.229	1.896	2.111
2001	 1	19	24	1.997	1.300	1.751
2001	 1	20	24	2.069	1.197	1.761
2001	 1	21	24	2.040	1.262	1.766
2001	 1	22	24	3.524	2.431	3.138
2001	 1	23	24	4.221	2.563	3.635
2001	 1	24	24	4.134	2.198	3.450
2001	 1	25	24	3.507	2.496	3.150
2001	 1	26	24	2.852	1.975	2.543
2001	 1	27	24	4.284	2.577	3.681
2001	 1	28	24	3.808	1.663	3.051
2001	 1	29	24	1.530	0.932	1.319
2001	 1	30	24	1.107	1.060	1.091
2001	 1	31	24	1.842	1.405	1.687
2001	 2	 1	24	1.712	1.367	1.590
2001	 2	 2	24	1.991	1.784	1.918
2001	 2	 3	24	1.676	1.367	1.567
2001	 2	 4	24	1.782	1.898	1.823
2001	 2	 5	24	5.046	3.926	4.651
2001	 2	 6	24	4.725	3.585	4.322
2001	 2	 7	24	3.657	3.053	3.444
2001	 2	 8	24	3.455	2.570	3.143
2001	 2	 9	24	2.765	2.157	2.550
2001	 2	10	24	1.245	0.884	1.118
2001	 2	11	24	3.328	2.004	2.861
2001	 2	12	24	3.236	2.608	3.014
2001	 2	13	24	2.189	1.956	2.107
2001	 2	14	24	1.767	1.283	1.596
2001	 2	15	24	2.084	1.347	1.824
2001	 2	16	24	1.325	0.809	1.143
2001	 2	17	24	2.103	1.663	1.947
2001	 2	18	24	2.788	2.455	2.671
2001	 2	19	24	2.652	2.249	2.510
2001	 2	20	24	2.917	1.828	2.532
2001	 2	21	24	3.856	2.700	3.448
2001	 2	22	24	3.490	2.477	3.132
2001	 2	23	24	1.926	1.385	1.735
2001	 2	24	24	1.488	0.996	1.314
2001	 2	25	24	2.948	1.156	2.315
2001	 2	26	24	2.654	1.385	2.206
2001	 2	27	24	3.522	3.277	3.435
2001	 2	28	24	4.581	4.507	4.555
2001	 3	 1	24	2.801	2.234	2.601
2001	 3	 2	24	2.665	2.194	2.499
2001	 3	 3	24	1.549	1.508	1.535
2001	 3	 4	24	2.810	2.833	2.818
2001	 3	 5	24	1.887	1.751	1.839
2001	 3	 6	24	2.154	1.963	2.087
2001	 3	 7	24	4.695	4.952	4.786
2001	 3	 8	24	3.823	4.100	3.921
2001	 3	 9	24	3.043	2.135	2.723
2001	 3	10	24	3.229	2.537	2.985
2001	 3	11	24	3.003	2.347	2.772
2001	 3	12	24	2.954	2.218	2.694
2001	 3	13	24	3.214	2.436	2.939
2001	 3	14	24	3.788	2.904	3.476
2001	 3	15	24	2.236	1.540	1.991
2001	 3	16	24	1.957	1.514	1.801
2001	 3	17	24	2.341	1.537	2.057
2001	 3	18	24	1.905	1.686	1.828
2001	 3	19	24	5.127	4.589	4.937
2001	 3	20	24	2.329	2.390	2.351
2001	 3	21	24	2.564	2.523	2.550
2001	 3	22	24	2.097	1.617	1.928
2001	 3	23	24	2.217	2.341	2.261
2001	 3	24	24	2.544	1.827	2.291
2001	 3	25	24	2.094	1.058	1.728
2001	 3	26	24	2.365	1.784	2.160
2001	 3	27	24	1.502	0.621	1.191
2001	 3	28	24	3.802	3.139	3.568
2001	 3	29	24	4.664	4.417	4.577
2001	 3	30	24	1.860	1.096	1.591
2001	 3	31	24	1.831	1.212	1.613
2001	 4	 1	24	2.023	1.242	1.748
2001	 4	 2	24	2.584	2.053	2.397
2001	 4	 3	24	2.757	2.015	2.495
2001	 4	 4	24	3.309	2.655	3.078
2001	 4	 5	24	2.914	2.431	2.743
2001	 4	 6	24	3.573	2.485	3.189
2001	 4	 7	24	2.456	2.005	2.297
2001	 4	 8	24	1.772	1.704	1.748
2001	 4	 9	24	2.020	1.845	1.959
2001	 4	10	24	2.959	2.536	2.810
2001	 4	11	24	2.073	1.352	1.818
2001	 4	12	24	3.092	2.959	3.045
2001	 4	13	24	2.980	3.004	2.989
2001	 4	14	24	2.490	2.032	2.328
2001	 4	15	24	3.215	2.569	2.987
2001	 4	16	24	1.771	1.561	1.697
2001	 4	17	24	2.125	1.607	1.942
2001	 4	18	24	3.489	2.432	3.116
2001	 4	19	24	2.688	1.954	2.428
2001	 4	20	24	1.663	1.116	1.470
2001	 4	21	24	3.091	2.458	2.867
2001	 4	22	24	1.870	1.160	1.619
2001	 4	23	24	1.873	1.684	1.806
2001	 4	24	24	1.981	1.353	1.759
2001	 4	25	24	3.373	2.890	3.202
2001	 4	26	24	3.344	2.391	3.008
2001	 4	27	24	2.274	1.615	2.041
2001	 4	28	24	3.397	2.366	3.033
2001	 4	29	24	2.243	1.907	2.124
2001	 4	30	24	2.582	2.365	2.506
2001	 5	 1	24	2.077	1.691	1.941
2001	 5	 2	24	2.800	2.309	2.627
2001	 5	 3	24	3.339	2.642	3.093
2001	 5	 4	24	1.906	1.600	1.798
2001	 5	 5	24	2.722	2.037	2.480
2001	 5	 6	24	2.019	1.392	1.798
2001	 5	 7	24	1.798	1.473	1.684
2001	 5	 8	24	1.452	1.156	1.348
2001	 5	 9	24	2.050	1.594	1.889
2001	 5	10	24	2.020	1.772	1.933
2001	 5	11	24	2.466	1.897	2.265
2001	 5	12	24	2.346	1.895	2.187
2001	 5	13	24	2.216	1.585	1.993
2001	 5	14	24	2.899	2.122	2.625
2001	 5	15	24	2.514	1.441	2.135
2001	 5	16	24	2.913	1.957	2.575
2001	 5	17	24	2.094	1.507	1.887
2001	 5	18	24	2.561	1.785	2.287
2001	 5	19	24	2.194	1.807	2.057
2001	 5	20	24	1.469	0.923	1.276
2001	 5	21	24	1.680	1.136	1.488
2001	 5	22	24	1.919	1.385	1.731
2001	 5	23	24	2.218	1.566	1.988
2001	 5	24	24	1.619	1.058	1.421
2001	 5	25	24	1.895	1.285	1.680
2001	 5	26	24	1.579	0.799	1.303
2001	 5	27	24	2.363	1.596	2.092
2001	 5	28	24	2.757	2.307	2.598
2001	 5	29	24	2.893	2.464	2.741
2001	 5	30	24	2.163	1.535	1.941
2001	 5	31	24	2.276	1.605	2.039
2001	 6	 1	24	2.234	1.629	2.021
2001	 6	 2	24	3.287	1.882	2.791
2001	 6	 3	24	3.277	2.404	2.969
2001	 6	 4	24	3.126	2.706	2.978
2001	 6	 5	24	1.661	1.188	1.494
2001	 6	 6	24	1.897	1.014	1.585
2001	 6	 7	24	2.726	1.747	2.380
2001	 6	 8	24	1.537	0.935	1.325
2001	 6	 9	24	1.258	0.828	1.106
2001	 6	10	24	1.818	1.364	1.658
2001	 6	11	24	1.900	1.141	1.632
2001	 6	12	24	2.474	1.615	2.171
2001	 6	13	24	1.489	0.755	1.230
2001	 6	14	24	1.339	0.922	1.192
2001	 6	15	24	1.905	1.197	1.655
2001	 6	16	24	1.981	1.304	1.742
2001	 6	17	24	2.295	1.283	1.938
2001	 6	18	24	1.980	1.297	1.739
2001	 6	19	24	2.219	1.662	2.023
2001	 6	20	24	1.715	1.134	1.510
2001	 6	21	24	2.185	1.034	1.778
2001	 6	22	24	2.019	1.287	1.760
2001	 6	23	24	2.729	2.178	2.535
2001	 6	24	24	1.973	1.386	1.766
2001	 6	25	24	1.726	1.083	1.499
2001	 6	26	24	1.559	0.982	1.355
2001	 6	27	24	1.798	1.173	1.577
2001	 6	28	24	1.829	1.298	1.642
2001	 6	29	24	1.560	1.064	1.385
2001	 6	30	24	1.476	0.794	1.235
2001	 7	 1	24	2.097	1.536	1.899
2001	 7	 2	24	1.770	1.078	1.525
2001	 7	 3	24	1.682	1.190	1.508
2001	 7	 4	24	1.942	1.274	1.706
2001	 7	 5	24	1.788	1.233	1.592
2001	 7	 6	24	2.853	2.209	2.625
2001	 7	 7	24	2.582	1.785	2.301
2001	 7	 8	24	2.913	2.122	2.634
2001	 7	 9	24	2.812	2.068	2.549
2001	 7	10	24	2.321	1.154	1.909
2001	 7	11	24	3.005	1.858	2.600
2001	 7	12	24	2.700	1.648	2.328
2001	 7	13	24	2.313	1.437	2.004
2001	 7	14	24	2.851	1.779	2.473
2001	 7	15	24	1.928	0.996	1.598
2001	 7	16	24	1.645	0.852	1.365
2001	 7	17	24	1.421	0.691	1.163
2001	 7	18	24	2.189	1.215	1.845
2001	 7	19	24	2.361	1.255	1.970
2001	 7	20	24	1.838	0.863	1.494
2001	 7	21	24	1.861	1.056	1.577
2001	 7	22	24	1.578	0.780	1.296
2001	 7	23	24	1.673	1.122	1.478
2001	 7	24	24	1.645	1.125	1.461
2001	 7	25	24	1.941	1.084	1.639
2001	 7	26	24	1.520	0.929	1.311
2001	 7	27	24	1.267	0.782	1.095
2001	 7	28	24	1.485	0.779	1.235
2001	 7	29	24	1.808	1.049	1.540
2001	 7	30	24	1.686	0.849	1.391
2001	 7	31	24	2.175	1.113	1.800
2001	 8	 1	24	1.589	0.847	1.327
2001	 8	 2	24	1.910	1.189	1.656
2001	 8	 3	24	2.353	1.639	2.101
2001	 8	 4	24	1.712	1.132	1.507
2001	 8	 5	24	2.422	1.381	2.054
2001	 8	 6	24	2.269	1.345	1.943
2001	 8	 7	24	3.104	1.904	2.680
2001	 8	 8	24	3.306	1.860	2.796
2001	 8	 9	24	2.394	1.426	2.052
2001	 8	10	24	2.214	1.329	1.902
2001	 8	11	24	1.707	0.812	1.391
2001	 8	12	24	2.421	1.143	1.970
2001	 8	13	24	2.271	1.411	1.967
2001	 8	14	24	1.736	0.951	1.459
2001	 8	15	24	3.030	2.299	2.772
2001	 8	16	24	2.531	1.615	2.208
2001	 8	17	24	1.557	0.990	1.357
2001	 8	18	24	1.746	1.042	1.497
2001	 8	19	24	1.731	1.247	1.560
2001	 8	20	24	1.674	0.899	1.400
2001	 8	21	24	1.471	0.854	1.254
2001	 8	22	24	1.081	0.818	0.988
2001	 8	23	24	1.614	1.102	1.433
2001	 8	24	24	1.685	0.840	1.387
2001	 8	25	24	1.737	0.750	1.388
2001	 8	26	24	1.773	0.825	1.438
2001	 8	27	24	2.579	1.355	2.147
2001	 8	28	24	2.339	1.336	1.985
2001	 8	29	24	2.148	1.042	1.757
2001	 8	30	24	2.451	2.195	2.360
2001	 8	31	24	1.445	0.908	1.255
2001	 9	 1	24	1.637	0.924	1.385
2001	 9	 2	24	1.634	0.999	1.410
2001	 9	 3	24	2.402	1.376	2.039
2001	 9	 4	24	2.152	1.282	1.844
2001	 9	 5	24	1.577	0.890	1.334
2001	 9	 6	24	1.803	0.982	1.513
2001	 9	 7	24	2.408	1.494	2.085
2001	 9	 8	24	3.697	2.528	3.284
2001	 9	 9	24	4.825	3.203	4.252
2001	 9	10	24	4.628	3.355	4.178
2001	 9	11	24	3.841	2.665	3.425
2001	 9	12	24	2.417	1.545	2.109
2001	 9	13	24	3.339	1.907	2.833
2001	 9	14	24	2.678	1.595	2.296
2001	 9	15	24	2.538	1.262	2.087
2001	 9	16	24	1.336	0.516	1.046
2001	 9	17	24	1.144	0.554	0.936
2001	 9	18	24	1.972	0.951	1.612
2001	 9	19	24	2.985	2.043	2.652
2001	 9	20	24	3.295	2.357	2.964
2001	 9	21	24	2.858	1.743	2.464
2001	 9	22	24	2.103	1.038	1.727
2001	 9	23	24	1.910	1.119	1.631
2001	 9	24	24	1.631	0.753	1.321
2001	 9	25	24	0.870	0.443	0.719
2001	 9	26	24	1.129	0.329	0.846
2001	 9	27	24	2.768	1.286	2.245
2001	 9	28	24	2.172	1.376	1.891
2001	 9	29	24	1.862	1.114	1.598
2001	 9	30	24	1.956	1.193	1.687
2001	10	 1	24	3.458	2.008	2.946
2001	10	 2	24	3.650	2.143	3.118
2001	10	 3	24	2.479	1.593	2.166
2001	10	 4	24	1.693	0.700	1.342
2001	10	 5	24	2.023	1.135	1.709
2001	10	 6	24	2.234	1.165	1.857
2001	10	 7	24	2.064	1.498	1.864
2001	10	 8	24	2.185	1.509	1.946
2001	10	 9	24	1.823	1.216	1.609
2001	10	10	24	2.717	1.737	2.371
2001	10	11	24	2.819	2.087	2.560
2001	10	12	24	1.954	0.940	1.596
2001	10	13	24	2.309	0.903	1.812
2001	10	14	24	2.112	1.208	1.793
2001	10	15	24	2.706	2.160	2.513
2001	10	16	24	1.781	0.952	1.488
2001	10	17	24	1.895	1.550	1.773
2001	10	18	24	1.820	1.771	1.803
2001	10	19	24	2.100	1.514	1.893
2001	10	20	24	3.801	3.866	3.824
2001	10	21	24	2.830	2.764	2.806
2001	10	22	24	2.117	1.749	1.987
2001	10	23	24	1.377	0.625	1.111
2001	10	24	24	2.166	1.490	1.927
2001	10	25	24	2.132	1.163	1.790
2001	10	26	24	2.395	1.597	2.113
2001	10	27	24	3.658	2.604	3.286
2001	10	28	24	2.232	1.547	1.990
2001	10	29	24	2.770	2.201	2.569
2001	10	30	24	5.026	3.479	4.480
2001	10	31	24	4.719	3.690	4.355
2001	11	 1	24	3.524	3.258	3.430
2001	11	 2	24	2.059	1.988	2.034
2001	11	 3	24	1.960	1.302	1.728
2001	11	 4	24	2.026	1.571	1.865
2001	11	 5	24	2.815	2.040	2.541
2001	11	 6	24	4.111	2.432	3.518
2001	11	 7	24	3.450	2.799	3.220
2001	11	 8	24	3.312	2.740	3.110
2001	11	 9	24	1.809	1.245	1.610
2001	11	10	24	1.583	0.687	1.266
2001	11	11	24	2.698	1.308	2.207
2001	11	12	24	2.285	1.053	1.850
2001	11	13	24	1.914	1.453	1.751
2001	11	14	24	1.359	0.954	1.216
2001	11	15	24	2.225	1.162	1.850
2001	11	16	24	2.069	1.631	1.914
2001	11	17	24	1.635	0.521	1.242
2001	11	18	24	1.173	0.402	0.901
2001	11	19	24	1.730	1.306	1.581
2001	11	20	24	1.997	1.637	1.870
2001	11	21	24	3.494	2.128	3.012
2001	11	22	24	4.796	3.413	4.307
2001	11	23	24	2.832	2.431	2.691
2001	11	24	24	1.638	1.429	1.564
2001	11	25	24	1.105	0.326	0.830
2001	11	26	24	1.810	1.171	1.585
2001	11	27	24	1.197	0.866	1.080
2001	11	28	24	2.834	1.754	2.453
2001	11	29	24	2.515	1.899	2.298
2001	11	30	24	1.708	1.021	1.465
2001	12	 1	24	2.738	1.875	2.434
2001	12	 2	24	2.268	1.808	2.106
2001	12	 3	24	1.846	2.006	1.903
2001	12	 4	24	3.405	1.943	2.889
2001	12	 5	24	2.888	2.189	2.641
2001	12	 6	24	2.567	1.917	2.337
2001	12	 7	24	1.373	0.900	1.206
2001	12	 8	24	0.594	0.377	0.517
2001	12	 9	24	0.889	0.367	0.705
2001	12	10	24	1.676	1.106	1.475
2001	12	11	24	1.514	1.207	1.406
2001	12	12	24	2.868	1.977	2.553
2001	12	13	24	3.394	2.316	3.013
2001	12	14	24	1.243	1.030	1.168
2001	12	15	24	1.347	0.990	1.221
2001	12	16	24	2.151	1.452	1.905
2001	12	17	24	1.326	0.573	1.060
2001	12	18	24	1.241	1.772	1.429
2001	12	19	24	3.740	2.733	3.384
2001	12	20	24	2.802	1.879	2.476
2001	12	21	24	7.031	4.940	6.292
2001	12	22	24	2.841	3.349	3.020
2001	12	23	24	3.913	3.798	3.872
2001	12	24	24	6.177	4.124	5.452
2001	12	25	24	6.083	4.287	5.449
2001	12	26	24	3.466	2.820	3.238
2001	12	27	24	4.323	3.311	3.966
2001	12	28	24	5.582	4.272	5.120
2001	12	29	24	3.390	3.414	3.399
2001	12	30	24	4.044	3.686	3.918
2001	12	31	24	3.095	3.555	3.258
2002	 1	 1	24	4.329	3.872	4.168
2002	 1	 2	24	4.240	4.342	4.276
2002	 1	 3	24	1.996	1.643	1.871
2002	 1	 4	24	1.795	1.230	1.595
2002	 1	 5	24	3.402	1.982	2.900
2002	 1	 6	24	3.455	2.736	3.201
2002	 1	 7	24	1.431	1.465	1.443
2002	 1	 8	24	0.222	0.006	0.146
2002	 1	 9	24	0.977	0.664	0.866
2002	 1	10	24	1.214	0.851	1.086
2002	 1	11	24	2.624	1.872	2.359
2002	 1	12	24	2.606	1.991	2.389
2002	 1	13	24	1.672	1.077	1.462
2002	 1	14	24	2.514	1.961	2.319
2002	 1	15	24	3.342	2.786	3.146
2002	 1	16	24	2.396	1.285	2.004
2002	 1	17	24	2.248	1.024	1.816
2002	 1	18	24	2.682	1.337	2.207
2002	 1	19	24	3.573	2.332	3.135
2002	 1	20	24	4.805	3.487	4.339
2002	 1	21	24	5.465	5.268	5.395
2002	 1	22	24	4.429	3.156	3.979
2002	 1	23	24	4.367	3.532	4.072
2002	 1	24	24	5.034	3.941	4.648
2002	 1	25	24	3.608	3.664	3.628
2002	 1	26	24	6.015	4.362	5.431
2002	 1	27	24	5.131	4.575	4.935
2002	 1	28	24	5.761	4.498	5.315
2002	 1	29	24	5.048	4.406	4.821
2002	 1	30	24	3.524	2.695	3.231
2002	 1	31	24	4.033	3.185	3.734
2002	 2	 1	24	4.064	2.875	3.644
2002	 2	 2	24	3.662	2.847	3.374
2002	 2	 3	24	3.863	2.927	3.533
2002	 2	 4	24	3.913	2.689	3.481
2002	 2	 5	24	4.654	3.441	4.226
2002	 2	 6	24	2.056	1.413	1.829
2002	 2	 7	24	2.408	1.605	2.124
2002	 2	 8	24	4.702	3.386	4.237
2002	 2	 9	24	5.060	3.399	4.474
2002	 2	10	24	4.042	3.435	3.828
2002	 2	11	24	6.053	4.053	5.347
2002	 2	12	24	5.350	4.620	5.092
2002	 2	13	24	2.500	3.049	2.694
2002	 2	14	24	2.691	2.931	2.776
2002	 2	15	24	2.448	2.697	2.536
2002	 2	16	24	3.139	3.683	3.331
2002	 2	17	24	3.192	3.237	3.208
2002	 2	18	24	3.362	3.181	3.298
2002	 2	19	24	5.248	4.823	5.098
2002	 2	20	24	5.982	5.348	5.758
2002	 2	21	24	3.689	3.665	3.681
2002	 2	22	24	5.933	4.305	5.358
2002	 2	23	24	5.095	5.376	5.194
2002	 2	24	24	4.300	5.040	4.561
2002	 2	25	24	2.796	2.727	2.772
2002	 2	26	24	6.286	4.572	5.681
2002	 2	27	24	4.533	3.706	4.241
2002	 2	28	24	4.543	3.283	4.098
2002	 3	 1	24	3.732	2.845	3.419
2002	 3	 2	24	1.785	1.389	1.645
2002	 3	 3	24	2.943	2.682	2.851
2002	 3	 4	24	2.575	2.012	2.376
2002	 3	 5	24	1.711	1.369	1.590
2002	 3	 6	24	3.671	2.428	3.232
2002	 3	 7	24	5.502	4.556	5.168
2002	 3	 8	24	3.087	2.731	2.962
2002	 3	 9	24	3.261	2.173	2.877
2002	 3	10	24	3.895	3.193	3.647
2002	 3	11	24	3.381	2.472	3.060
2002	 3	12	24	2.256	1.383	1.948
2002	 3	13	24	2.239	1.332	1.919
2002	 3	14	24	1.707	1.563	1.656
2002	 3	15	24	1.250	0.777	1.083
2002	 3	16	24	1.453	1.219	1.370
2002	 3	17	24	2.945	2.146	2.663
2002	 3	18	24	3.420	2.331	3.036
2002	 3	19	24	4.103	3.384	3.849
2002	 3	20	24	3.026	2.706	2.913
2002	 3	21	24	2.556	2.488	2.532
2002	 3	22	24	2.882	2.547	2.764
2002	 3	23	24	3.504	2.406	3.116
2002	 3	24	24	3.020	2.222	2.738
2002	 3	25	24	1.343	0.711	1.120
2002	 3	26	24	0.769	0.337	0.616
2002	 3	27	24	1.253	0.754	1.077
2002	 3	28	24	1.524	0.871	1.294
2002	 3	29	24	1.874	1.355	1.691
2002	 3	30	24	1.701	1.203	1.525
2002	 3	31	24	1.318	0.640	1.078
2002	 4	 1	24	1.249	0.396	0.948
2002	 4	 2	24	2.180	1.193	1.831
2002	 4	 3	24	3.845	3.132	3.594
2002	 4	 4	24	2.690	2.023	2.454
2002	 4	 5	24	2.572	1.575	2.220
2002	 4	 6	24	2.249	1.603	2.021
2002	 4	 7	24	1.534	0.947	1.327
2002	 4	 8	24	2.206	1.727	2.037
2002	 4	 9	24	2.040	1.256	1.763
2002	 4	10	24	3.111	2.509	2.898
2002	 4	11	24	3.277	3.589	3.387
2002	 4	12	24	3.630	4.314	3.872
2002	 4	13	24	1.006	0.807	0.936
2002	 4	14	24	2.486	2.446	2.472
2002	 4	15	24	3.551	4.449	3.868
2002	 4	16	24	2.521	2.445	2.494
2002	 4	17	24	2.063	1.769	1.959
2002	 4	18	24	1.734	1.122	1.518
2002	 4	19	24	2.098	1.918	2.035
2002	 4	20	24	1.808	1.880	1.833
2002	 4	21	24	2.035	2.103	2.059
2002	 4	22	24	1.639	1.462	1.576
2002	 4	23	24	2.763	2.189	2.561
2002	 4	24	24	1.787	1.967	1.851
2002	 4	25	24	2.065	1.317	1.801
2002	 4	26	24	3.096	2.267	2.803
2002	 4	27	24	4.330	4.302	4.320
2002	 4	28	24	3.989	3.343	3.761
2002	 4	29	24	4.735	4.212	4.550
2002	 4	30	24	3.626	3.577	3.609
2002	 5	 1	24	2.779	2.599	2.716
2002	 5	 2	24	2.324	2.292	2.313
2002	 5	 3	24	1.620	1.618	1.619
2002	 5	 4	24	1.893	1.904	1.897
2002	 5	 5	24	1.713	1.394	1.600
2002	 5	 6	24	1.605	1.576	1.595
2002	 5	 7	24	2.214	2.070	2.163
2002	 5	 8	24	4.044	4.178	4.091
2002	 5	 9	24	4.219	3.323	3.903
2002	 5	10	24	3.386	2.874	3.205
2002	 5	11	24	2.371	1.916	2.210
2002	 5	12	24	1.463	1.225	1.379
2002	 5	13	24	1.582	1.151	1.430
2002	 5	14	24	3.184	2.495	2.941
2002	 5	15	24	2.398	2.009	2.261
2002	 5	16	24	2.256	1.362	1.940
2002	 5	17	24	2.457	1.392	2.081
2002	 5	18	24	1.896	1.457	1.741
2002	 5	19	24	1.762	1.022	1.500
2002	 5	20	24	1.860	1.358	1.683
2002	 5	21	24	2.480	1.550	2.152
2002	 5	22	24	3.132	2.502	2.910
2002	 5	23	24	1.799	1.307	1.625
2002	 5	24	24	2.228	1.442	1.950
2002	 5	25	24	1.768	0.875	1.453
2002	 5	26	24	1.211	0.719	1.037
2002	 5	27	24	1.876	1.031	1.578
2002	 5	28	24	1.615	1.072	1.423
2002	 5	29	24	2.293	1.567	2.037
2002	 5	30	24	1.474	0.854	1.255
2002	 5	31	24	1.514	0.749	1.244
2002	 6	 1	24	1.633	0.902	1.375
2002	 6	 2	24	1.559	1.074	1.388
2002	 6	 3	24	1.766	1.135	1.543
2002	 6	 4	24	2.060	1.363	1.814
2002	 6	 5	24	4.456	3.515	4.124
2002	 6	 6	24	2.859	2.513	2.737
2002	 6	 7	24	1.775	1.195	1.570
2002	 6	 8	24	0.869	0.478	0.731
2002	 6	 9	24	0.791	0.485	0.683
2002	 6	10	24	1.714	0.992	1.459
2002	 6	11	24	2.351	1.341	1.995
2002	 6	12	24	2.581	1.419	2.170
2002	 6	13	24	2.628	1.726	2.309
2002	 6	14	24	1.599	1.144	1.438
2002	 6	15	24	2.521	1.459	2.146
2002	 6	16	24	1.515	0.758	1.248
2002	 6	17	24	1.731	0.874	1.428
2002	 6	18	24	2.687	1.655	2.322
2002	 6	19	24	1.697	1.096	1.485
2002	 6	20	24	2.151	1.596	1.955
2002	 6	21	24	1.267	0.884	1.131
2002	 6	22	24	1.638	0.857	1.362
2002	 6	23	24	1.874	1.090	1.597
2002	 6	24	24	1.648	0.920	1.391
2002	 6	25	24	1.394	0.720	1.156
2002	 6	26	24	1.497	0.707	1.218
2002	 6	27	24	2.256	1.211	1.887
2002	 6	28	24	2.161	1.241	1.836
2002	 6	29	24	2.290	1.430	1.987
2002	 6	30	24	2.525	1.188	2.053
2002	 7	 1	24	2.674	1.586	2.290
2002	 7	 2	24	2.569	1.406	2.159
2002	 7	 3	24	2.985	1.774	2.558
2002	 7	 4	24	2.961	1.815	2.557
2002	 7	 5	24	2.202	1.323	1.892
2002	 7	 6	24	1.872	0.986	1.559
2002	 7	 7	24	1.726	0.829	1.409
2002	 7	 8	24	2.172	1.315	1.869
2002	 7	 9	24	2.621	1.900	2.366
2002	 7	10	24	2.286	1.512	2.013
2002	 7	11	24	1.865	1.015	1.565
2002	 7	12	24	1.675	0.932	1.412
2002	 7	13	24	1.893	1.394	1.717
2002	 7	14	24	1.763	1.019	1.500
2002	 7	15	24	1.465	0.818	1.236
2002	 7	16	24	1.535	0.912	1.315
2002	 7	17	24	1.692	0.868	1.401
2002	 7	18	24	2.816	1.708	2.425
2002	 7	19	24	2.196	1.239	1.858
2002	 7	20	24	1.336	0.724	1.120
2002	 7	21	24	2.401	1.310	2.016
2002	 7	22	24	2.491	1.361	2.092
2002	 7	23	24	2.317	1.314	1.963
2002	 7	24	24	2.329	1.414	2.006
2002	 7	25	24	1.816	0.957	1.513
2002	 7	26	24	1.995	1.051	1.662
2002	 7	27	24	1.086	0.518	0.885
2002	 7	28	24	1.976	1.338	1.750
2002	 7	29	24	1.648	1.071	1.444
2002	 7	30	24	1.912	1.133	1.637
2002	 7	31	24	1.372	0.608	1.102
2002	 8	 1	24	1.750	0.816	1.420
2002	 8	 2	24	1.502	0.844	1.270
2002	 8	 3	24	1.319	0.615	1.070
2002	 8	 4	24	1.473	0.982	1.299
2002	 8	 5	24	1.392	0.599	1.112
2002	 8	 6	24	1.428	0.586	1.131
2002	 8	 7	24	1.561	0.743	1.272
2002	 8	 8	24	1.286	0.625	1.053
2002	 8	 9	24	1.188	0.703	1.017
2002	 8	10	24	1.988	1.489	1.812
2002	 8	11	24	1.625	1.296	1.509
2002	 8	12	24	2.796	1.438	2.317
2002	 8	13	24	3.314	2.093	2.883
2002	 8	14	24	1.691	1.179	1.510
2002	 8	15	24	1.468	0.788	1.228
2002	 8	16	24	1.432	0.812	1.213
2002	 8	17	24	1.420	0.951	1.255
2002	 8	18	24	1.692	1.171	1.508
2002	 8	19	24	2.235	1.493	1.973
2002	 8	20	24	2.234	1.512	1.979
2002	 8	21	24	2.288	1.489	2.006
2002	 8	22	24	1.533	0.743	1.254
2002	 8	23	24	1.577	0.934	1.350
2002	 8	24	24	2.040	1.344	1.794
2002	 8	25	24	1.328	0.788	1.138
2002	 8	26	24	2.258	1.771	2.086
2002	 8	27	24	2.521	2.021	2.344
2002	 8	28	24	1.774	0.946	1.481
2002	 8	29	24	1.535	0.659	1.225
2002	 8	30	24	1.406	0.640	1.136
2002	 8	31	24	1.555	0.779	1.281
2002	 9	 1	24	2.232	1.473	1.964
2002	 9	 2	24	1.823	1.358	1.659
2002	 9	 3	24	2.632	2.158	2.465
2002	 9	 4	24	2.372	1.824	2.179
2002	 9	 5	24	1.783	0.801	1.436
2002	 9	 6	24	1.526	0.705	1.236
2002	 9	 7	24	1.596	0.801	1.315
2002	 9	 8	24	2.048	1.527	1.864
2002	 9	 9	24	2.237	1.804	2.084
2002	 9	10	24	2.084	1.497	1.877
2002	 9	11	24	1.565	0.944	1.346
2002	 9	12	24	2.114	1.439	1.876
2002	 9	13	24	1.437	1.068	1.307
2002	 9	14	24	2.326	1.252	1.946
2002	 9	15	24	2.031	1.216	1.743
2002	 9	16	24	1.767	0.961	1.482
2002	 9	17	24	1.927	1.230	1.681
2002	 9	18	24	1.779	1.062	1.526
2002	 9	19	24	1.449	0.670	1.174
2002	 9	20	24	1.313	0.843	1.147
2002	 9	21	24	1.465	0.721	1.202
2002	 9	22	24	1.560	0.786	1.287
2002	 9	23	24	2.289	1.241	1.919
2002	 9	24	24	3.300	2.612	3.057
2002	 9	25	24	1.810	1.286	1.625
2002	 9	26	24	2.105	1.208	1.788
2002	 9	27	24	2.122	1.379	1.859
2002	 9	28	24	1.491	0.799	1.247
2002	 9	29	24	1.725	0.755	1.383
2002	 9	30	24	1.503	0.643	1.200
2002	10	 1	24	1.791	0.788	1.437
2002	10	 2	24	2.140	1.144	1.789
2002	10	 3	24	2.171	1.287	1.859
2002	10	 4	24	2.044	1.353	1.800
2002	10	 5	24	2.809	1.812	2.457
2002	10	 6	24	2.977	1.851	2.579
2002	10	 7	24	1.690	1.172	1.507
2002	10	 8	24	1.864	1.399	1.700
2002	10	 9	24	2.004	1.308	1.758
2002	10	10	24	2.938	2.158	2.663
2002	10	11	24	2.985	1.718	2.538
2002	10	12	24	2.628	1.423	2.203
2002	10	13	24	1.265	0.571	1.020
2002	10	14	24	3.100	2.014	2.717
2002	10	15	24	2.850	2.004	2.551
2002	10	16	24	3.289	2.116	2.875
2002	10	17	24	3.258	2.115	2.854
2002	10	18	24	3.122	2.181	2.789
2002	10	19	24	2.554	1.786	2.283
2002	10	20	24	2.316	1.371	1.982
2002	10	21	24	3.546	2.868	3.307
2002	10	22	24	2.984	2.021	2.644
2002	10	23	24	4.286	2.819	3.768
2002	10	24	24	2.709	1.779	2.380
2002	10	25	24	4.441	2.971	3.922
2002	10	26	24	4.968	3.890	4.587
2002	10	27	24	5.475	3.769	4.873
2002	10	28	24	4.620	4.321	4.514
2002	10	29	24	2.420	1.983	2.265
2002	10	30	24	1.806	1.596	1.732
2002	10	31	24	1.857	1.480	1.723
2002	11	 1	24	2.338	1.564	2.065
2002	11	 2	24	2.714	1.891	2.423
2002	11	 3	24	3.208	3.329	3.251
2002	11	 4	24	2.078	1.660	1.930
2002	11	 5	24	1.845	1.365	1.675
2002	11	 6	24	2.647	1.993	2.416
2002	11	 7	24	2.942	2.106	2.647
2002	11	 8	24	3.173	1.879	2.716
2002	11	 9	24	4.544	3.464	4.163
2002	11	10	24	2.209	1.753	2.048
2002	11	11	24	2.966	2.684	2.866
2002	11	12	24	2.665	1.872	2.385
2002	11	13	24	3.564	2.431	3.164
2002	11	14	24	3.030	2.551	2.861
2002	11	15	24	2.028	1.680	1.905
2002	11	16	24	2.866	2.736	2.820
2002	11	17	24	4.261	2.790	3.741
2002	11	18	24	1.839	1.512	1.723
2002	11	19	24	2.828	1.763	2.452
2002	11	20	24	1.604	1.166	1.449
2002	11	21	24	2.861	2.420	2.705
2002	11	22	24	1.575	1.766	1.642
2002	11	23	24	2.222	1.671	2.027
2002	11	24	24	3.082	2.664	2.934
2002	11	25	24	3.115	2.945	3.055
2002	11	26	24	1.634	1.100	1.445
2002	11	27	24	1.498	1.136	1.370
2002	11	28	24	2.514	1.975	2.324
2002	11	29	24	1.788	1.298	1.615
2002	11	30	24	1.178	0.561	0.960
2002	12	 1	24	2.004	1.405	1.793
2002	12	 2	24	2.718	2.206	2.537
2002	12	 3	24	1.524	0.968	1.328
2002	12	 4	24	1.068	0.536	0.880
2002	12	 5	24	1.620	0.991	1.398
2002	12	 6	24	1.165	0.714	1.006
2002	12	 7	24	1.075	0.205	0.768
2002	12	 8	24	0.985	0.370	0.768
2002	12	 9	24	1.097	0.632	0.933
2002	12	10	24	1.758	2.015	1.849
2002	12	11	24	2.631	2.216	2.485
2002	12	12	24	2.888	2.175	2.636
2002	12	13	24	1.617	0.714	1.298
2002	12	14	24	1.995	1.279	1.742
2002	12	15	24	2.738	2.409	2.622
2002	12	16	24	2.773	1.038	2.161
2002	12	17	24	1.255	0.390	0.949
2002	12	18	24	0.629	0.033	0.418
2002	12	19	24	0.289	0.009	0.190
2002	12	20	24	1.197	0.161	0.831
2002	12	21	24	0.919	0.244	0.681
2002	12	22	24	1.708	0.321	1.218
2002	12	23	24	0.890	0.117	0.617
2002	12	24	24	2.196	0.134	1.468
2002	12	25	24	2.719	0.150	1.812
2002	12	26	24	3.303	0.890	2.451
2002	12	27	24	3.218	0.941	2.414
2002	12	28	24	2.529	1.067	2.013
2002	12	29	24	3.187	2.444	2.925
2002	12	30	24	1.403	1.283	1.360
2002	12	31	24	1.560	2.465	1.879
2003	 1	 1	24	3.267	3.204	3.245
2003	 1	 2	24	4.224	2.991	3.789
2003	 1	 3	24	3.557	3.365	3.489
2003	 1	 4	24	1.291	2.100	1.577
2003	 1	 5	24	0.778	1.145	0.908
2003	 1	 6	24	0.655	0.586	0.631
2003	 1	 7	24	0.683	0.856	0.744
2003	 1	 8	24	0.764	1.480	1.017
2003	 1	 9	24	1.190	2.256	1.566
2003	 1	10	24	1.450	1.650	1.520
2003	 1	11	24	1.263	0.406	0.961
2003	 1	12	24	3.473	1.250	2.688
2003	 1	13	24	4.823	3.259	4.271
2003	 1	14	24	5.123	3.657	4.605
2003	 1	15	24	3.908	3.889	3.902
2003	 1	16	24	4.111	3.899	4.036
2003	 1	17	24	3.520	3.369	3.467
2003	 1	18	24	2.843	2.151	2.599
2003	 1	19	24	3.526	3.009	3.344
2003	 1	20	24	3.641	2.332	3.179
2003	 1	21	24	3.651	2.524	3.253
2003	 1	22	24	2.683	0.971	2.078
2003	 1	23	24	2.351	1.772	2.147
2003	 1	24	24	2.451	2.612	2.508
2003	 1	25	24	1.877	0.121	1.257
2003	 1	26	24	2.541	0.160	1.700
2003	 1	27	24	3.928	2.699	3.494
2003	 1	28	24	4.686	3.384	4.226
2003	 1	29	24	3.211	2.465	2.948
2003	 1	30	24	1.975	1.260	1.722
2003	 1	31	24	1.430	0.451	1.084
2003	 2	 1	24	1.448	0.682	1.178
2003	 2	 2	24	3.395	1.858	2.852
2003	 2	 3	24	3.459	1.996	2.943
2003	 2	 4	24	2.354	1.432	2.028
2003	 2	 5	24	1.959	1.113	1.660
2003	 2	 6	24	2.334	1.502	2.040
2003	 2	 7	24	1.809	1.444	1.680
2003	 2	 8	24	1.379	0.726	1.148
2003	 2	 9	24	2.157	1.625	1.969
2003	 2	10	24	1.504	0.852	1.274
2003	 2	11	24	1.700	1.240	1.538
2003	 2	12	24	1.960	1.755	1.887
2003	 2	13	24	2.182	2.368	2.247
2003	 2	14	24	1.530	1.540	1.533
2003	 2	15	24	1.865	1.315	1.671
2003	 2	16	24	1.674	0.687	1.325
2003	 2	17	24	1.114	0.534	0.909
2003	 2	18	24	1.427	0.968	1.265
2003	 2	19	24	0.839	0.557	0.739
2003	 2	20	24	1.539	1.022	1.356
2003	 2	21	24	2.128	1.875	2.039
2003	 2	22	24	3.309	3.463	3.363
2003	 2	23	24	2.974	3.110	3.022
2003	 2	24	24	2.169	1.559	1.954
2003	 2	25	24	2.883	3.018	2.931
2003	 2	26	24	3.284	2.833	3.125
2003	 2	27	24	2.698	1.554	2.294
2003	 2	28	24	1.911	1.341	1.709
2003	 3	 1	24	1.812	1.123	1.568
2003	 3	 2	24	1.953	1.452	1.776
2003	 3	 3	24	1.121	0.751	0.990
2003	 3	 4	24	0.754	0.690	0.731
2003	 3	 5	24	1.662	1.021	1.436
2003	 3	 6	24	3.671	3.702	3.682
2003	 3	 7	24	1.777	1.252	1.592
2003	 3	 8	24	3.248	2.032	2.818
2003	 3	 9	24	3.478	2.459	3.118
2003	 3	10	24	2.848	2.040	2.563
2003	 3	11	24	3.385	2.390	3.034
2003	 3	12	24	3.142	2.579	2.943
2003	 3	13	24	3.150	2.019	2.751
2003	 3	14	24	1.999	1.418	1.794
2003	 3	15	24	1.859	1.334	1.674
2003	 3	16	24	1.869	1.278	1.660
2003	 3	17	24	2.498	1.704	2.218
2003	 3	18	24	1.845	1.324	1.661
2003	 3	19	24	2.707	2.264	2.551
2003	 3	20	24	1.741	1.433	1.632
2003	 3	21	24	2.211	1.248	1.871
2003	 3	22	24	2.846	2.394	2.686
2003	 3	23	24	2.182	1.331	1.881
2003	 3	24	24	2.601	1.458	2.197
2003	 3	25	24	2.254	1.546	2.004
2003	 3	26	24	1.759	1.134	1.538
2003	 3	27	24	2.204	1.648	2.008
2003	 3	28	24	1.830	1.152	1.591
2003	 3	29	24	1.834	1.244	1.626
2003	 3	30	24	2.241	1.418	1.950
2003	 3	31	24	2.456	2.028	2.305
2003	 4	 1	24	3.531	2.402	3.132
2003	 4	 2	24	2.878	2.148	2.621
2003	 4	 3	24	2.196	1.845	2.072
2003	 4	 4	24	2.410	1.941	2.245
2003	 4	 5	24	3.742	3.130	3.526
2003	 4	 6	24	3.295	2.253	2.927
2003	 4	 7	24	3.263	2.311	2.927
2003	 4	 8	24	1.917	1.462	1.756
2003	 4	 9	24	1.577	1.179	1.437
2003	 4	10	24	1.562	1.161	1.420
2003	 4	11	24	1.926	1.162	1.656
2003	 4	12	24	2.137	1.407	1.879
2003	 4	13	24	1.844	1.183	1.610
2003	 4	14	24	2.874	2.493	2.739
2003	 4	15	24	2.667	2.093	2.464
2003	 4	16	24	2.690	2.108	2.484
2003	 4	17	24	2.473	2.016	2.311
2003	 4	18	24	2.469	1.549	2.144
2003	 4	19	24	2.959	2.173	2.681
2003	 4	20	24	4.371	3.531	4.075
2003	 4	21	24	3.131	2.772	3.004
2003	 4	22	24	1.911	1.039	1.603
2003	 4	23	24	1.800	1.054	1.537
2003	 4	24	24	1.124	0.614	0.944
2003	 4	25	24	1.861	1.152	1.611
2003	 4	26	24	3.152	1.834	2.687
2003	 4	27	24	3.470	1.798	2.880
2003	 4	28	24	2.713	1.260	2.200
2003	 4	29	24	3.268	1.598	2.678
2003	 4	30	24	3.002	1.748	2.559
2003	 5	 1	24	3.645	1.785	2.988
2003	 5	 2	24	2.391	1.153	1.954
2003	 5	 3	24	3.328	1.716	2.759
2003	 5	 4	24	2.577	1.557	2.217
2003	 5	 5	24	3.356	2.432	3.030
2003	 5	 6	24	2.817	1.816	2.463
2003	 5	 7	24	1.949	1.131	1.660
2003	 5	 8	24	1.481	0.926	1.285
2003	 5	 9	24	1.531	0.714	1.243
2003	 5	10	24	1.227	0.578	0.998
2003	 5	11	24	1.309	0.566	1.047
2003	 5	12	24	1.992	1.180	1.705
2003	 5	13	24	2.144	1.352	1.864
2003	 5	14	24	2.532	1.244	2.077
2003	 5	15	24	1.964	1.071	1.649
2003	 5	16	24	2.098	1.036	1.723
2003	 5	17	24	2.533	1.512	2.172
2003	 5	18	24	2.852	1.327	2.313
2003	 5	19	24	2.595	1.383	2.167
2003	 5	20	24	2.521	1.393	2.123
2003	 5	21	24	2.214	1.278	1.883
2003	 5	22	24	2.013	1.002	1.656
2003	 5	23	24	2.719	1.306	2.220
2003	 5	24	24	3.386	2.522	3.081
2003	 5	25	24	2.202	1.487	1.950
2003	 5	26	24	1.847	0.727	1.452
2003	 5	27	24	1.711	0.820	1.396
2003	 5	28	24	1.980	1.139	1.683
2003	 5	29	24	2.073	1.111	1.733
2003	 5	30	24	1.628	0.823	1.344
2003	 5	31	24	1.858	0.862	1.507
2003	 6	 1	24	1.576	0.822	1.310
2003	 6	 2	24	2.033	1.017	1.674
2003	 6	 3	24	2.053	1.424	1.831
2003	 6	 4	24	2.611	1.838	2.338
2003	 6	 5	24	1.836	0.806	1.472
2003	 6	 6	24	1.357	0.501	1.055
2003	 6	 7	24	1.570	0.737	1.276
2003	 6	 8	24	2.595	1.484	2.203
2003	 6	 9	24	2.127	1.343	1.850
2003	 6	10	24	2.084	1.261	1.793
2003	 6	11	24	1.777	1.115	1.543
2003	 6	12	24	1.714	0.820	1.398
2003	 6	13	24	1.605	0.901	1.356
2003	 6	14	24	1.587	0.699	1.274
2003	 6	15	24	1.667	0.894	1.394
2003	 6	16	24	1.711	0.993	1.457
2003	 6	17	24	1.906	1.086	1.617
2003	 6	18	24	1.664	1.250	1.518
2003	 6	19	24	2.406	1.298	2.015
2003	 6	20	24	3.097	2.052	2.728
2003	 6	21	24	2.461	1.773	2.218
2003	 6	22	24	1.631	0.884	1.367
2003	 6	23	24	2.973	1.599	2.487
2003	 6	24	24	2.172	1.328	1.874
2003	 6	25	24	2.183	1.462	1.928
2003	 6	26	24	1.580	0.791	1.302
2003	 6	27	24	1.624	0.833	1.345
2003	 6	28	24	1.393	0.751	1.166
2003	 6	29	24	2.134	1.144	1.785
2003	 6	30	24	1.587	1.052	1.398
2003	 7	 1	24	2.615	1.333	2.162
2003	 7	 2	24	3.370	1.721	2.788
2003	 7	 3	24	2.780	1.311	2.261
2003	 7	 4	24	2.745	1.418	2.277
2003	 7	 5	24	2.377	1.559	2.089
2003	 7	 6	24	2.057	1.455	1.845
2003	 7	 7	24	1.753	1.077	1.514
2003	 7	 8	24	1.743	0.966	1.469
2003	 7	 9	24	1.765	0.901	1.460
2003	 7	10	24	1.897	1.091	1.613
2003	 7	11	24	1.813	0.904	1.492
2003	 7	12	24	2.076	1.218	1.773
2003	 7	13	24	1.812	0.958	1.510
2003	 7	14	24	1.628	0.768	1.324
2003	 7	15	24	1.622	0.870	1.357
2003	 7	16	24	2.241	1.512	1.984
2003	 7	17	24	2.119	1.155	1.779
2003	 7	18	24	1.683	1.057	1.462
2003	 7	19	24	1.674	0.872	1.391
2003	 7	20	24	2.714	1.864	2.413
2003	 7	21	24	2.369	1.489	2.059
2003	 7	22	24	1.641	0.798	1.343
2003	 7	23	24	1.722	0.864	1.419
2003	 7	24	24	2.021	1.221	1.739
2003	 7	25	24	1.666	0.791	1.357
2003	 7	26	24	2.218	1.194	1.856
2003	 7	27	24	2.906	1.508	2.412
2003	 7	28	24	1.445	0.676	1.173
2003	 7	29	24	1.748	0.945	1.465
2003	 7	30	24	1.553	0.816	1.293
2003	 7	31	24	1.667	0.860	1.382
2003	 8	 1	24	1.368	0.759	1.153
2003	 8	 2	24	1.354	0.623	1.096
2003	 8	 3	24	1.568	0.707	1.264
2003	 8	 4	24	1.769	0.999	1.497
2003	 8	 5	24	1.797	0.932	1.491
2003	 8	 6	24	1.552	0.780	1.279
2003	 8	 7	24	1.515	0.731	1.238
2003	 8	 8	24	1.782	0.904	1.472
2003	 8	 9	24	1.586	0.760	1.294
2003	 8	10	24	2.189	1.108	1.807
2003	 8	11	24	1.708	0.909	1.426
2003	 8	12	24	1.894	0.964	1.566
2003	 8	13	24	2.339	1.281	1.966
2003	 8	14	24	1.449	0.767	1.208
2003	 8	15	24	1.951	1.113	1.655
2003	 8	16	24	1.618	0.874	1.356
2003	 8	17	24	1.706	0.965	1.444
2003	 8	18	24	2.214	1.146	1.836
2003	 8	19	24	2.119	1.289	1.826
2003	 8	20	24	1.279	0.590	1.036
2003	 8	21	24	1.352	0.456	1.035
2003	 8	22	24	2.260	1.122	1.858
2003	 8	23	24	2.405	1.326	2.024
2003	 8	24	24	1.685	0.976	1.434
2003	 8	25	24	1.476	0.798	1.237
2003	 8	26	24	1.960	1.111	1.660
2003	 8	27	24	2.335	1.563	2.063
2003	 8	28	24	1.905	1.084	1.615
2003	 8	29	24	3.049	1.760	2.594
2003	 8	30	24	2.579	1.486	2.193
2003	 8	31	24	2.272	1.341	1.943
2003	 9	 1	24	2.442	1.503	2.110
2003	 9	 2	24	1.741	1.115	1.520
2003	 9	 3	24	1.666	0.930	1.406
2003	 9	 4	24	1.760	0.959	1.477
2003	 9	 5	24	1.972	1.053	1.647
2003	 9	 6	24	2.649	1.926	2.394
2003	 9	 7	24	2.170	1.289	1.859
2003	 9	 8	24	2.160	1.246	1.837
2003	 9	 9	24	1.274	0.534	1.013
2003	 9	10	24	1.754	0.966	1.476
2003	 9	11	24	3.180	1.684	2.652
2003	 9	12	24	1.508	0.959	1.314
2003	 9	13	24	1.989	0.990	1.637
2003	 9	14	24	1.384	0.651	1.125
2003	 9	15	24	1.839	1.100	1.578
2003	 9	16	24	2.165	0.992	1.751
2003	 9	17	24	1.919	0.887	1.555
2003	 9	18	24	2.509	1.173	2.037
2003	 9	19	24	2.417	1.055	1.936
2003	 9	20	24	1.859	0.745	1.466
2003	 9	21	24	2.313	1.149	1.902
2003	 9	22	24	2.678	1.387	2.222
2003	 9	23	24	2.691	1.437	2.248
2003	 9	24	24	1.574	0.960	1.357
2003	 9	25	24	2.086	1.264	1.796
2003	 9	26	24	2.927	2.159	2.656
2003	 9	27	24	1.600	0.839	1.331
2003	 9	28	24	1.714	1.265	1.556
2003	 9	29	24	2.609	1.280	2.139
2003	 9	30	24	1.743	1.138	1.530
2003	10	 1	24	2.793	2.241	2.598
2003	10	 2	24	2.068	1.318	1.803
2003	10	 3	24	2.593	1.356	2.156
2003	10	 4	24	2.515	1.372	2.111
2003	10	 5	24	1.675	0.899	1.401
2003	10	 6	24	3.924	1.933	3.221
2003	10	 7	24	4.492	2.072	3.638
2003	10	 8	24	3.300	2.189	2.908
2003	10	 9	24	2.985	2.175	2.699
2003	10	10	24	3.541	1.970	2.986
2003	10	11	24	2.451	1.738	2.199
2003	10	12	24	1.791	1.177	1.574
2003	10	13	24	1.541	0.770	1.269
2003	10	14	24	1.352	0.762	1.144
2003	10	15	24	1.276	0.642	1.052
2003	10	16	24	1.556	0.867	1.312
2003	10	17	24	2.332	1.689	2.105
2003	10	18	24	2.776	2.656	2.734
2003	10	19	24	2.178	1.660	1.995
2003	10	20	24	1.550	0.873	1.311
2003	10	21	24	1.141	0.647	0.967
2003	10	22	24	1.550	0.571	1.204
2003	10	23	24	1.784	1.008	1.510
2003	10	24	24	1.501	0.730	1.229
2003	10	25	24	3.816	1.822	3.112
2003	10	26	24	2.913	1.527	2.424
2003	10	27	24	1.401	0.536	1.095
2003	10	28	24	2.593	1.435	2.184
2003	10	29	24	3.579	1.803	2.952
2003	10	30	24	2.443	1.079	1.961
2003	10	31	24	3.504	2.604	3.187
2003	11	 1	24	2.880	1.697	2.462
2003	11	 2	24	2.735	1.235	2.206
2003	11	 3	24	4.097	2.150	3.410
2003	11	 4	24	2.500	1.491	2.144
2003	11	 5	24	2.082	1.177	1.762
2003	11	 6	24	2.114	1.535	1.910
2003	11	 7	24	2.366	1.371	2.015
2003	11	 8	24	3.993	3.864	3.948
2003	11	 9	24	1.951	1.196	1.684
2003	11	10	24	2.582	1.589	2.231
2003	11	11	24	3.233	3.193	3.219
2003	11	12	24	3.390	3.034	3.264
2003	11	13	24	2.043	1.063	1.697
2003	11	14	24	2.860	1.523	2.388
2003	11	15	24	2.632	1.282	2.156
2003	11	16	24	3.111	1.491	2.539
2003	11	17	24	3.366	1.956	2.868
2003	11	18	24	4.220	2.050	3.453
2003	11	19	24	4.414	2.494	3.736
2003	11	20	24	2.149	1.391	1.881
2003	11	21	24	1.942	1.345	1.731
2003	11	22	24	2.904	1.585	2.438
2003	11	23	24	3.021	1.312	2.418
2003	11	24	24	2.798	1.183	2.228
2003	11	25	24	1.974	0.706	1.527
2003	11	26	24	2.391	1.389	2.037
2003	11	27	24	1.738	1.337	1.596
2003	11	28	24	1.089	0.339	0.824
2003	11	29	24	1.912	1.802	1.873
2003	11	30	24	4.034	3.601	3.881
2003	12	 1	24	3.050	2.512	2.860
2003	12	 2	24	2.650	2.129	2.466
2003	12	 3	24	1.969	1.648	1.856
2003	12	 4	24	1.695	1.564	1.649
2003	12	 5	24	3.087	2.843	3.001
2003	12	 6	24	4.339	3.876	4.176
2003	12	 7	24	1.491	0.302	1.071
2003	12	 8	24	1.873	0.903	1.531
2003	12	 9	24	2.535	1.577	2.197
2003	12	10	24	4.485	3.214	4.036
2003	12	11	24	3.698	2.539	3.289
2003	12	12	24	2.459	1.381	2.078
2003	12	13	24	4.835	2.103	3.870
2003	12	14	24	4.416	2.612	3.779
2003	12	15	24	3.020	1.805	2.591
2003	12	16	24	2.449	1.267	2.031
2003	12	17	24	2.351	1.018	1.880
2003	12	18	24	2.582	0.844	1.969
2003	12	19	24	2.629	1.235	2.137
2003	12	20	24	3.133	1.504	2.558
2003	12	21	24	5.498	2.388	4.400
2003	12	22	24	2.433	0.582	1.779
2003	12	23	24	2.292	0.420	1.631
2003	12	24	24	3.173	1.294	2.509
2003	12	25	24	3.157	1.413	2.541
2003	12	26	24	3.222	1.414	2.584
2003	12	27	24	3.688	1.195	2.808
2003	12	28	24	3.856	1.516	3.029
2003	12	29	24	2.695	1.377	2.229
2003	12	30	24	2.034	1.981	2.015
2003	12	31	24	2.530	2.493	2.517
2004	 1	 1	24	1.900	1.768	1.854
2004	 1	 2	24	2.106	2.039	2.083
2004	 1	 3	24	1.886	1.837	1.869
2004	 1	 4	24	2.267	2.177	2.235
2004	 1	 5	24	1.607	1.512	1.573
2004	 1	 6	24	3.544	0.790	2.572
2004	 1	 7	24	2.773	2.747	2.763
2004	 1	 8	24	3.593	3.378	3.517
2004	 1	 9	24	4.057	3.776	3.958
2004	 1	10	24	2.384	2.126	2.292
2004	 1	11	24	4.681	4.519	4.624
2004	 1	12	24	3.812	3.586	3.732
2004	 1	13	24	4.261	4.014	4.174
2004	 1	14	24	5.143	4.587	4.946
2004	 1	15	24	3.188	2.930	3.097
2004	 1	16	24	5.758	5.582	5.695
2004	 1	17	24	3.947	3.759	3.881
2004	 1	18	24	2.385	2.294	2.353
2004	 1	19	24	5.775	5.558	5.698
2004	 1	20	24	3.017	2.754	2.924
2004	 1	21	24	1.973	1.881	1.941
2004	 1	22	24	1.897	1.872	1.888
2004	 1	23	24	3.375	3.278	3.341
2004	 1	24	24	3.419	3.304	3.378
2004	 1	25	24	2.170	1.946	2.091
2004	 1	26	24	2.706	2.580	2.661
2004	 1	27	24	1.494	1.377	1.453
2004	 1	28	24	2.765	2.665	2.730
2004	 1	29	24	4.515	4.260	4.425
2004	 1	30	24	5.233	4.939	5.129
2004	 1	31	24	6.381	6.210	6.320
2004	 2	 1	24	6.587	6.177	6.442
2004	 2	 2	24	4.087	3.754	3.970
2004	 2	 3	24	4.174	3.912	4.081
2004	 2	 4	24	5.717	5.305	5.571
2004	 2	 5	24	5.146	4.738	5.002
2004	 2	 6	24	5.176	4.860	5.065
2004	 2	 7	24	5.396	4.742	5.165
2004	 2	 8	24	5.192	4.733	5.030
2004	 2	 9	24	3.672	3.062	3.457
2004	 2	10	24	3.462	3.063	3.321
2004	 2	11	24	3.252	3.090	3.195
2004	 2	12	24	1.998	1.961	1.985
2004	 2	13	24	2.529	2.248	2.430
2004	 2	14	24	1.995	1.778	1.919
2004	 2	15	24	2.047	1.909	1.998
2004	 2	16	24	2.114	1.993	2.071
2004	 2	17	24	2.705	2.493	2.630
2004	 2	18	24	2.159	1.909	2.071
2004	 2	19	24	3.065	2.922	3.014
2004	 2	20	24	4.001	3.772	3.920
2004	 2	21	24	4.327	3.744	4.121
2004	 2	22	24	2.646	2.325	2.533
2004	 2	23	24	2.180	1.973	2.106
2004	 2	24	24	2.685	2.528	2.630
2004	 2	25	24	4.283	4.102	4.220
2004	 2	26	24	2.633	2.601	2.622
2004	 2	27	24	2.263	2.279	2.269
2004	 2	28	24	2.078	2.017	2.056
2004	 2	29	24	2.353	2.268	2.323
2004	 3	 1	24	2.985	2.816	2.925
2004	 3	 2	24	2.962	2.565	2.822
2004	 3	 3	24	2.650	2.268	2.515
2004	 3	 4	24	1.661	1.623	1.648
2004	 3	 5	24	2.767	2.535	2.685
2004	 3	 6	24	4.094	3.747	3.971
2004	 3	 7	24	2.582	2.484	2.548
2004	 3	 8	24	1.827	1.776	1.809
2004	 3	 9	24	2.499	2.411	2.468
2004	 3	10	24	2.276	2.070	2.203
2004	 3	11	24	3.354	3.181	3.293
2004	 3	12	24	4.150	3.737	4.004
2004	 3	13	24	3.772	3.197	3.569
2004	 3	14	24	3.635	3.521	3.595
2004	 3	15	24	4.144	3.926	4.067
2004	 3	16	24	3.918	3.768	3.865
2004	 3	17	24	3.084	3.049	3.071
2004	 3	18	24	2.754	2.685	2.730
2004	 3	19	24	4.593	4.333	4.501
2004	 3	20	24	6.784	6.432	6.660
2004	 3	21	24	6.092	5.643	5.933
2004	 3	22	24	4.916	4.637	4.818
2004	 3	23	24	2.671	2.625	2.655
2004	 3	24	24	4.498	4.323	4.436
2004	 3	25	24	4.075	3.830	3.988
2004	 3	26	24	2.243	2.123	2.200
2004	 3	27	24	1.712	1.705	1.710
2004	 3	28	24	2.420	2.329	2.388
2004	 3	29	24	2.461	2.391	2.436
2004	 3	30	24	3.320	3.172	3.268
2004	 3	31	24	3.717	3.477	3.632
2004	 4	 1	24	3.187	2.897	3.084
2004	 4	 2	24	4.190	3.915	4.093
2004	 4	 3	24	2.716	2.475	2.631
2004	 4	 4	24	4.088	3.907	4.024
2004	 4	 5	24	3.565	3.388	3.503
2004	 4	 6	24	3.693	3.482	3.618
2004	 4	 7	24	2.740	2.605	2.692
2004	 4	 8	24	2.960	2.720	2.875
2004	 4	 9	24	2.069	1.883	2.003
2004	 4	10	24	2.177	2.072	2.140
2004	 4	11	24	1.945	1.832	1.905
2004	 4	12	24	2.098	2.058	2.083
2004	 4	13	24	1.791	1.714	1.764
2004	 4	14	24	2.171	2.078	2.138
2004	 4	15	24	3.545	3.312	3.462
2004	 4	16	24	2.331	2.239	2.299
2004	 4	17	24	2.744	2.637	2.707
2004	 4	18	24	3.078	2.827	2.989
2004	 4	19	24	2.550	2.399	2.496
2004	 4	20	24	2.485	2.447	2.472
2004	 4	21	24	2.638	2.560	2.610
2004	 4	22	24	2.445	2.415	2.435
2004	 4	23	24	2.635	2.450	2.570
2004	 4	24	24	2.415	2.165	2.326
2004	 4	25	24	2.358	2.268	2.326
2004	 4	26	24	1.541	1.509	1.530
2004	 4	27	24	1.995	1.811	1.930
2004	 4	28	24	2.524	2.274	2.435
2004	 4	29	24	3.086	2.704	2.951
2004	 4	30	24	3.807	3.475	3.690
2004	 5	 1	24	3.235	3.093	3.185
2004	 5	 2	24	2.886	2.750	2.838
2004	 5	 3	24	2.460	2.371	2.429
2004	 5	 4	24	3.089	2.862	3.009
2004	 5	 5	24	2.445	2.267	2.382
2004	 5	 6	24	1.467	1.409	1.447
2004	 5	 7	24	3.365	3.217	3.313
2004	 5	 8	24	2.969	2.955	2.964
2004	 5	 9	24	2.620	2.485	2.572
2004	 5	10	24	3.113	2.915	3.043
2004	 5	11	24	2.687	2.629	2.667
2004	 5	12	24	1.664	1.554	1.625
2004	 5	13	24	2.093	1.947	2.042
2004	 5	14	24	1.448	1.382	1.425
2004	 5	15	24	2.846	2.547	2.740
2004	 5	16	24	2.931	2.831	2.896
2004	 5	17	24	2.227	2.172	2.207
2004	 5	18	24	2.386	2.223	2.329
2004	 5	19	24	2.522	2.273	2.434
2004	 5	20	24	2.225	2.002	2.146
2004	 5	21	24	2.301	2.216	2.271
2004	 5	22	24	2.440	2.153	2.338
2004	 5	23	24	2.950	2.638	2.840
2004	 5	24	24	2.676	2.410	2.582
2004	 5	25	24	2.824	2.643	2.760
2004	 5	26	24	1.854	1.750	1.817
2004	 5	27	24	1.993	1.884	1.954
2004	 5	28	24	1.809	1.711	1.774
2004	 5	29	24	2.061	1.996	2.038
2004	 5	30	24	2.214	2.102	2.175
2004	 5	31	24	2.393	2.272	2.350
2004	 6	 1	24	1.614	1.528	1.584
2004	 6	 2	24	1.643	1.548	1.609
2004	 6	 3	24	2.416	2.293	2.372
2004	 6	 4	24	1.927	1.864	1.905
2004	 6	 5	24	1.757	1.635	1.714
2004	 6	 6	24	1.924	1.821	1.888
2004	 6	 7	24	2.060	1.940	2.017
2004	 6	 8	24	2.646	2.509	2.597
2004	 6	 9	24	2.082	1.949	2.035
2004	 6	10	24	2.394	2.317	2.367
2004	 6	11	24	2.413	2.193	2.335
2004	 6	12	24	2.222	2.141	2.194
2004	 6	13	24	2.028	1.863	1.970
2004	 6	14	24	1.821	1.553	1.726
2004	 6	15	24	5.605	5.368	5.521
2004	 6	16	24	5.744	5.485	5.653
2004	 6	17	24	3.371	3.190	3.307
2004	 6	18	24	2.807	2.594	2.732
2004	 6	19	24	3.311	3.214	3.277
2004	 6	20	24	1.959	1.946	1.955
2004	 6	21	24	2.952	2.845	2.914
2004	 6	22	24	2.354	2.262	2.322
2004	 6	23	24	3.706	3.579	3.662
2004	 6	24	24	4.630	4.336	4.526
2004	 6	25	24	3.353	3.061	3.250
2004	 6	26	24	2.259	2.046	2.184
2004	 6	27	24	2.771	2.697	2.745
2004	 6	28	24	3.006	2.703	2.899
2004	 6	29	24	2.587	2.355	2.505
2004	 6	30	24	2.460	2.346	2.420
2004	 7	 1	24	3.074	2.958	3.033
2004	 7	 2	24	3.127	2.961	3.068
2004	 7	 3	24	3.758	3.517	3.673
2004	 7	 4	24	3.020	2.852	2.961
2004	 7	 5	24	2.418	2.312	2.380
2004	 7	 6	24	1.851	1.739	1.812
2004	 7	 7	24	2.387	2.251	2.339
2004	 7	 8	24	2.493	2.284	2.419
2004	 7	 9	24	4.427	4.155	4.331
2004	 7	10	24	3.791	3.616	3.729
2004	 7	11	24	3.693	3.500	3.625
2004	 7	12	24	3.053	2.716	2.934
2004	 7	13	24	2.339	1.974	2.210
2004	 7	14	24	2.593	2.331	2.500
2004	 7	15	24	2.360	2.105	2.270
2004	 7	16	24	2.663	2.463	2.592
2004	 7	17	24	2.421	2.292	2.376
2004	 7	18	24	2.531	2.434	2.497
2004	 7	19	24	2.369	2.283	2.338
2004	 7	20	24	3.164	3.019	3.113
2004	 7	21	24	2.457	2.316	2.407
2004	 7	22	24	1.795	1.717	1.767
2004	 7	23	24	2.089	2.033	2.069
2004	 7	24	24	2.194	2.043	2.140
2004	 7	25	24	1.762	1.682	1.733
2004	 7	26	24	1.533	1.400	1.486
2004	 7	27	24	1.665	1.508	1.610
2004	 7	28	24	2.040	1.983	2.020
2004	 7	29	24	2.073	1.962	2.034
2004	 7	30	24	1.951	1.837	1.911
2004	 7	31	24	2.075	2.051	2.067
2004	 8	 1	24	2.009	1.928	1.980
2004	 8	 2	24	2.034	1.935	1.999
2004	 8	 3	24	2.104	1.959	2.053
2004	 8	 4	24	2.158	2.074	2.128
2004	 8	 5	24	2.662	2.457	2.590
2004	 8	 6	24	2.651	2.435	2.575
2004	 8	 7	24	2.766	2.565	2.695
2004	 8	 8	24	2.847	2.692	2.792
2004	 8	 9	24	1.959	1.015	1.626
2004	 8	10	24	2.144	1.289	1.842
2004	 8	11	24	1.782	1.258	1.597
2004	 8	12	24	1.823	0.892	1.494
2004	 8	13	24	3.778	2.074	3.176
2004	 8	14	24	1.964	1.196	1.693
2004	 8	15	24	2.209	1.027	1.791
2004	 8	16	24	2.688	1.282	2.191
2004	 8	17	24	2.192	1.006	1.774
2004	 8	18	24	2.645	1.420	2.212
2004	 8	19	24	2.430	1.398	2.065
2004	 8	20	24	2.711	1.062	2.129
2004	 8	21	24	2.502	1.099	2.007
2004	 8	22	24	1.806	0.976	1.513
2004	 8	23	24	2.457	1.474	2.110
2004	 8	24	24	3.196	1.951	2.756
2004	 8	25	24	3.284	1.587	2.685
2004	 8	26	24	2.348	1.295	1.976
2004	 8	27	24	2.514	1.443	2.136
2004	 8	28	24	2.409	1.132	1.958
2004	 8	29	24	2.472	1.132	1.998
2004	 8	30	24	2.816	1.215	2.251
2004	 8	31	24	2.807	1.332	2.286
2004	 9	 1	24	2.026	0.905	1.630
2004	 9	 2	24	1.777	0.981	1.496
2004	 9	 3	24	1.837	0.938	1.520
2004	 9	 4	24	1.679	0.931	1.415
2004	 9	 5	24	1.755	0.809	1.421
2004	 9	 6	24	1.687	1.112	1.484
2004	 9	 7	24	1.587	0.624	1.247
2004	 9	 8	24	2.060	1.041	1.700
2004	 9	 9	24	1.992	1.067	1.665
2004	 9	10	24	3.295	2.537	3.027
2004	 9	11	24	2.952	1.468	2.428
2004	 9	12	24	2.546	1.095	2.034
2004	 9	13	24	3.179	1.414	2.556
2004	 9	14	24	2.884	1.552	2.414
2004	 9	15	24	2.483	1.276	2.057
2004	 9	16	24	1.611	0.872	1.350
2004	 9	17	24	2.224	1.318	1.904
2004	 9	18	24	2.878	1.774	2.488
2004	 9	19	24	2.100	1.012	1.716
2004	 9	20	24	3.051	1.372	2.458
2004	 9	21	24	4.242	2.227	3.531
2004	 9	22	24	3.712	2.177	3.170
2004	 9	23	24	2.727	1.514	2.299
2004	 9	24	24	2.726	1.550	2.310
2004	 9	25	24	2.001	1.215	1.723
2004	 9	26	24	2.409	1.028	1.921
2004	 9	27	24	2.843	1.275	2.289
2004	 9	28	24	2.531	1.289	2.093
2004	 9	29	24	2.807	1.505	2.347
2004	 9	30	24	1.835	1.130	1.586
2004	10	 1	24	1.638	0.610	1.275
2004	10	 2	24	2.240	1.125	1.846
2004	10	 3	24	1.974	0.804	1.561
2004	10	 4	24	3.138	1.942	2.716
2004	10	 5	24	3.660	1.918	3.045
2004	10	 6	24	2.401	1.164	1.964
2004	10	 7	24	1.953	0.874	1.572
2004	10	 8	24	1.503	0.462	1.136
2004	10	 9	24	1.292	0.528	1.023
2004	10	10	24	1.484	0.783	1.237
2004	10	11	24	2.678	1.482	2.255
2004	10	12	24	4.168	3.954	4.093
2004	10	13	24	4.207	3.458	3.943
2004	10	14	24	4.215	3.067	3.809
2004	10	15	24	3.008	1.835	2.594
2004	10	16	24	1.744	0.807	1.413
2004	10	17	24	3.273	1.377	2.604
2004	10	18	24	4.063	1.906	3.302
2004	10	19	24	2.077	0.973	1.687
2004	10	20	24	3.482	2.607	3.173
2004	10	21	24	3.042	1.543	2.513
2004	10	22	24	2.875	1.258	2.304
2004	10	23	24	3.942	1.796	3.184
2004	10	24	24	3.365	1.578	2.734
2004	10	25	24	2.717	1.314	2.221
2004	10	26	24	1.085	0.446	0.860
2004	10	27	24	1.916	1.141	1.642
2004	10	28	24	1.550	0.924	1.329
2004	10	29	24	2.412	1.749	2.178
2004	10	30	24	1.892	0.900	1.541
2004	10	31	24	1.423	0.619	1.139
2004	11	 1	24	1.943	0.797	1.539
2004	11	 2	24	2.432	1.324	2.041
2004	11	 3	24	1.906	1.545	1.778
2004	11	 4	24	1.801	0.849	1.465
2004	11	 5	24	2.190	1.307	1.878
2004	11	 6	24	2.646	1.582	2.270
2004	11	 7	24	2.129	1.086	1.761
2004	11	 8	24	1.757	0.765	1.407
2004	11	 9	24	2.204	0.903	1.745
2004	11	10	24	2.639	1.610	2.276
2004	11	11	24	1.325	1.207	1.283
2004	11	12	24	2.004	1.131	1.696
2004	11	13	24	2.437	1.538	2.120
2004	11	14	24	1.389	0.830	1.191
2004	11	15	24	2.282	0.877	1.786
2004	11	16	24	2.739	1.590	2.333
2004	11	17	24	4.826	2.453	3.988
2004	11	18	24	3.899	1.998	3.228
2004	11	19	24	2.776	1.439	2.304
2004	11	20	24	2.567	0.880	1.971
2004	11	21	24	1.980	0.219	1.358
2004	11	22	24	3.763	0.964	2.775
2004	11	23	24	2.897	0.978	2.219
2004	11	24	24	1.930	0.765	1.519
2004	11	25	24	2.066	0.912	1.659
2004	11	26	24	2.579	1.417	2.169
2004	11	27	24	2.762	1.573	2.342
2004	11	28	24	2.278	0.938	1.804
2004	11	29	24	1.286	0.631	1.054
2004	11	30	24	2.581	2.103	2.413
2004	12	 1	24	2.531	2.095	2.377
2004	12	 2	24	1.583	0.438	1.179
2004	12	 3	24	1.508	0.532	1.163
2004	12	 4	24	1.605	0.547	1.232
2004	12	 5	24	2.581	1.274	2.119
2004	12	 6	24	2.500	1.439	2.125
2004	12	 7	24	1.793	0.502	1.337
2004	12	 8	24	1.101	0.439	0.868
2004	12	 9	24	1.499	0.531	1.157
2004	12	10	24	1.738	0.922	1.450
2004	12	11	24	1.498	0.585	1.176
2004	12	12	24	1.072	0.631	0.916
2004	12	13	24	1.027	0.258	0.755
2004	12	14	24	1.649	0.939	1.398
2004	12	15	24	3.212	1.415	2.577
2004	12	16	24	4.233	2.154	3.499
2004	12	17	24	4.136	2.202	3.453
2004	12	18	24	3.642	2.138	3.111
2004	12	19	24	1.932	1.222	1.681
2004	12	20	24	2.897	1.016	2.233
2004	12	21	24	2.116	1.376	1.855
2004	12	22	24	3.721	1.818	3.049
2004	12	23	24	5.024	2.496	4.131
2004	12	24	24	4.241	2.107	3.487
2004	12	25	24	2.835	1.526	2.373
2004	12	26	24	2.015	0.507	1.483
2004	12	27	24	1.700	0.092	1.132
2004	12	28	24	1.488	0.082	0.992
2004	12	29	24	1.716	0.087	1.141
2004	12	30	24	3.035	0.701	2.211
2004	12	31	24	3.623	1.562	2.895
2005	 1	 1	24	2.489	1.355	2.088
2005	 1	 2	24	3.623	1.545	2.889
2005	 1	 3	24	3.175	0.162	2.111
2005	 1	 4	24	3.300	0.196	2.204
2005	 1	 5	24	2.598	0.197	1.750
2005	 1	 6	24	3.618	3.211	3.474
2005	 1	 7	24	6.139	5.945	6.070
2005	 1	 8	24	5.828	5.595	5.745
2005	 1	 9	24	4.952	4.648	4.845
2005	 1	10	24	4.788	4.622	4.729
2005	 1	11	24	4.338	4.163	4.276
2005	 1	12	24	3.956	3.797	3.900
2005	 1	13	24	3.475	3.102	3.343
2005	 1	14	24	2.563	2.126	2.408
2005	 1	15	24	1.471	1.446	1.462
2005	 1	16	24	3.618	3.507	3.579
2005	 1	17	24	3.285	3.136	3.232
2005	 1	18	24	5.902	5.600	5.795
2005	 1	19	24	4.252	3.943	4.143
2005	 1	20	24	5.133	4.669	4.969
2005	 1	21	24	3.736	3.032	3.488
2005	 1	22	24	2.899	2.443	2.738
2005	 1	23	24	2.969	2.629	2.849
2005	 1	24	24	2.638	2.487	2.585
2005	 1	25	24	2.866	2.735	2.820
2005	 1	26	24	3.573	3.441	3.527
2005	 1	27	24	2.330	2.212	2.288
2005	 1	28	24	1.827	1.887	1.848
2005	 1	29	24	1.342	1.360	1.348
2005	 1	30	24	4.428	4.339	4.397
2005	 1	31	24	3.971	3.481	3.798
2005	 2	 1	24	2.682	2.329	2.557
2005	 2	 2	24	2.108	1.854	2.018
2005	 2	 3	24	2.448	2.349	2.413
2005	 2	 4	24	2.461	2.441	2.454
2005	 2	 5	24	2.629	2.342	2.528
2005	 2	 6	24	2.955	2.679	2.857
2005	 2	 7	24	3.813	3.411	3.671
2005	 2	 8	24	3.743	3.236	3.564
2005	 2	 9	24	3.789	3.610	3.726
2005	 2	10	24	5.619	5.377	5.534
2005	 2	11	24	2.250	2.170	2.222
2005	 2	12	24	5.075	4.764	4.965
2005	 2	13	24	5.029	4.425	4.816
2005	 2	14	24	2.554	2.101	2.394
2005	 2	15	24	2.890	2.789	2.854
2005	 2	16	24	4.159	4.068	4.127
2005	 2	17	24	3.673	3.531	3.623
2005	 2	18	24	4.060	3.878	3.995
2005	 2	19	24	3.239	3.107	3.192
2005	 2	20	24	1.815	1.797	1.808
2005	 2	21	24	3.230	2.957	3.134
2005	 2	22	24	3.383	3.093	3.280
2005	 2	23	24	1.769	1.685	1.739
2005	 2	24	24	1.584	1.584	1.584
2005	 2	25	24	1.864	1.904	1.878
2005	 2	26	24	2.351	2.171	2.288
2005	 2	27	24	2.791	2.716	2.764
2005	 2	28	24	2.594	2.344	2.506
2005	 3	 1	24	4.142	3.986	4.087
2005	 3	 2	24	4.149	3.942	4.076
2005	 3	 3	24	2.435	2.339	2.401
2005	 3	 4	24	1.665	1.752	1.696
2005	 3	 5	24	1.876	1.906	1.887
2005	 3	 6	24	2.648	2.335	2.537
2005	 3	 7	24	3.310	2.857	3.150
2005	 3	 8	24	2.523	2.098	2.373
2005	 3	 9	24	2.703	2.495	2.629
2005	 3	10	24	2.886	2.800	2.856
2005	 3	11	24	6.153	5.754	6.013
2005	 3	12	24	4.465	3.893	4.263
2005	 3	13	24	3.123	2.712	2.978
2005	 3	14	24	3.323	3.157	3.264
2005	 3	15	24	2.923	1.557	2.441
2005	 3	16	24	4.194	1.821	3.356
2005	 3	17	24	4.087	2.170	3.410
2005	 3	18	24	3.051	2.059	2.701
2005	 3	19	24	2.114	0.747	1.631
2005	 3	20	24	1.512	0.509	1.158
2005	 3	21	24	1.623	0.797	1.332
2005	 3	22	24	2.917	2.056	2.613
2005	 3	23	24	1.896	0.780	1.502
2005	 3	24	24	1.797	0.954	1.500
2005	 3	25	24	2.153	1.296	1.850
2005	 3	26	24	0.977	0.430	0.784
2005	 3	27	24	1.849	0.931	1.525
2005	 3	28	24	1.453	0.324	1.055
2005	 3	29	24	1.659	0.733	1.332
2005	 3	30	24	2.676	1.393	2.223
2005	 3	31	24	2.353	1.300	1.981
2005	 4	 1	24	2.164	1.609	1.968
2005	 4	 2	24	2.692	2.136	2.496
2005	 4	 3	24	2.876	2.402	2.708
2005	 4	 4	24	2.775	1.518	2.331
2005	 4	 5	24	2.474	1.028	1.963
2005	 4	 6	24	2.680	1.307	2.195
2005	 4	 7	24	3.869	1.881	3.167
2005	 4	 8	24	2.195	0.953	1.756
2005	 4	 9	24	1.570	0.638	1.241
2005	 4	10	24	1.964	0.875	1.579
2005	 4	11	24	1.526	0.725	1.243
2005	 4	12	24	1.474	0.722	1.208
2005	 4	13	24	1.212	0.356	0.910
2005	 4	14	24	1.493	0.588	1.173
2005	 4	15	24	1.953	1.144	1.667
2005	 4	16	24	2.591	1.376	2.162
2005	 4	17	24	2.023	1.079	1.690
2005	 4	18	24	1.874	0.926	1.539
2005	 4	19	24	2.271	0.982	1.816
2005	 4	20	24	3.184	1.494	2.587
2005	 4	21	24	1.626	0.828	1.344
2005	 4	22	24	1.966	0.810	1.557
2005	 4	23	24	1.739	0.669	1.361
2005	 4	24	24	1.823	1.006	1.534
2005	 4	25	24	1.906	1.139	1.635
2005	 4	26	24	1.410	0.546	1.105
2005	 4	27	24	2.088	1.011	1.708
2005	 4	28	24	2.044	1.138	1.724
2005	 4	29	24	1.562	0.596	1.221
2005	 4	30	24	1.430	0.642	1.151
2005	 5	 1	24	1.882	0.920	1.543
2005	 5	 2	24	2.672	1.333	2.199
2005	 5	 3	24	1.940	0.788	1.533
2005	 5	 4	24	2.217	1.453	1.947
2005	 5	 5	24	1.889	1.113	1.615
2005	 5	 6	24	2.475	1.389	2.092
2005	 5	 7	24	2.628	1.504	2.231
2005	 5	 8	24	2.803	1.900	2.484
2005	 5	 9	24	2.163	1.205	1.824
2005	 5	10	24	1.975	1.087	1.661
2005	 5	11	24	2.001	1.075	1.674
2005	 5	12	24	1.447	0.669	1.172
2005	 5	13	24	2.101	1.116	1.753
2005	 5	14	24	2.111	1.382	1.854
2005	 5	15	24	2.704	1.424	2.252
2005	 5	16	24	1.796	0.998	1.515
2005	 5	17	24	1.240	0.640	1.028
2005	 5	18	24	1.691	0.690	1.338
2005	 5	19	24	1.486	0.733	1.220
2005	 5	20	24	2.588	1.472	2.194
2005	 5	21	24	2.429	1.412	2.070
2005	 5	22	24	1.565	0.885	1.325
2005	 5	23	24	1.854	0.975	1.544
2005	 5	24	24	1.677	0.872	1.393
2005	 5	25	24	1.894	0.828	1.517
2005	 5	26	24	2.106	1.140	1.765
2005	 5	27	24	2.131	1.039	1.745
2005	 5	28	24	2.172	1.138	1.807
2005	 5	29	24	1.898	1.050	1.598
2005	 5	30	24	2.078	1.485	1.869
2005	 5	31	24	2.154	1.433	1.900
2005	 6	 1	24	1.924	1.161	1.655
2005	 6	 2	24	1.722	0.914	1.436
2005	 6	 3	24	2.494	1.298	2.072
2005	 6	 4	24	2.611	1.362	2.170
2005	 6	 5	24	2.769	1.489	2.317
2005	 6	 6	24	1.683	0.985	1.437
2005	 6	 7	24	2.283	1.379	1.964
2005	 6	 8	24	2.092	1.021	1.714
2005	 6	 9	24	2.068	1.078	1.719
2005	 6	10	24	2.114	1.233	1.802
2005	 6	11	24	1.778	0.955	1.488
2005	 6	12	24	1.730	0.785	1.396
2005	 6	13	24	2.412	1.331	2.030
2005	 6	14	24	2.002	1.085	1.678
2005	 6	15	24	1.409	0.635	1.136
2005	 6	16	24	1.891	0.897	1.540
2005	 6	17	24	2.396	1.354	2.028
2005	 6	18	24	2.293	1.476	2.004
2005	 6	19	24	1.491	0.810	1.251
2005	 6	20	24	1.541	0.741	1.258
2005	 6	21	24	1.892	0.911	1.546
2005	 6	22	24	1.978	1.174	1.694
2005	 6	23	24	1.595	0.843	1.330
2005	 6	24	24	2.298	1.597	2.050
2005	 6	25	24	2.378	1.124	1.935
2005	 6	26	24	1.787	0.746	1.419
2005	 6	27	24	1.739	0.851	1.426
2005	 6	28	24	1.650	0.950	1.403
2005	 6	29	24	1.358	0.525	1.064
2005	 6	30	24	1.375	0.562	1.088
2005	 7	 1	24	1.839	0.887	1.503
2005	 7	 2	24	1.540	0.947	1.331
2005	 7	 3	24	1.441	0.496	1.107
2005	 7	 4	24	2.597	1.778	2.308
2005	 7	 5	24	2.090	1.292	1.808
2005	 7	 6	24	2.019	0.863	1.611
2005	 7	 7	24	1.893	0.942	1.557
2005	 7	 8	24	1.119	0.333	0.841
2005	 7	 9	24	1.117	0.410	0.867
2005	 7	10	24	1.983	0.966	1.624
2005	 7	11	24	1.998	1.017	1.651
2005	 7	12	24	1.725	0.844	1.414
2005	 7	13	24	1.464	0.691	1.191
2005	 7	14	24	1.592	0.639	1.255
2005	 7	15	24	2.319	1.120	1.896
2005	 7	16	24	1.444	0.688	1.177
2005	 7	17	24	1.515	0.848	1.280
2005	 7	18	24	1.563	0.770	1.283
2005	 7	19	24	2.295	1.167	1.897
2005	 7	20	24	3.145	1.614	2.604
2005	 7	21	24	4.091	2.116	3.394
2005	 7	22	24	2.703	1.738	2.362
2005	 7	23	24	1.883	0.848	1.518
2005	 7	24	24	2.008	0.892	1.614
2005	 7	25	24	3.112	1.385	2.502
2005	 7	26	24	2.345	1.151	1.923
2005	 7	27	24	1.385	0.678	1.135
2005	 7	28	24	1.917	1.012	1.597
2005	 7	29	24	2.048	0.905	1.645
2005	 7	30	24	2.813	1.233	2.255
2005	 7	31	24	2.308	0.896	1.809
2005	 8	 1	24	1.883	0.970	1.561
2005	 8	 2	24	1.836	0.832	1.481
2005	 8	 3	24	1.947	0.810	1.545
2005	 8	 4	24	2.056	1.191	1.751
2005	 8	 5	24	2.184	0.933	1.742
2005	 8	 6	24	2.233	1.310	1.907
2005	 8	 7	24	1.729	0.821	1.408
2005	 8	 8	24	2.178	1.097	1.796
2005	 8	 9	24	2.097	1.232	1.791
2005	 8	10	24	2.751	1.412	2.278
2005	 8	11	24	2.493	1.480	2.135
2005	 8	12	24	1.772	0.848	1.446
2005	 8	13	24	2.047	0.907	1.644
2005	 8	14	24	2.594	1.451	2.191
2005	 8	15	24	1.467	0.714	1.201
2005	 8	16	24	2.301	1.135	1.890
2005	 8	17	24	1.440	0.746	1.195
2005	 8	18	24	1.618	0.925	1.373
2005	 8	19	24	1.952	1.078	1.643
2005	 8	20	24	1.497	0.690	1.212
2005	 8	21	24	1.792	0.827	1.451
2005	 8	22	24	1.552	0.695	1.249
2005	 8	23	24	1.391	0.779	1.175
2005	 8	24	24	1.637	0.843	1.357
2005	 8	25	24	2.965	1.472	2.438
2005	 8	26	24	2.457	1.243	2.028
2005	 8	27	24	1.647	0.688	1.308
2005	 8	28	24	1.253	0.504	0.989
2005	 8	29	24	2.165	1.085	1.783
2005	 8	30	24	1.482	0.778	1.233
2005	 8	31	24	1.947	1.128	1.658
2005	 9	 1	24	2.260	1.517	1.998
2005	 9	 2	24	1.902	0.949	1.565
2005	 9	 3	24	1.131	0.452	0.892
2005	 9	 4	24	1.578	0.825	1.312
2005	 9	 5	24	2.425	1.821	2.212
2005	 9	 6	24	2.601	2.208	2.462
2005	 9	 7	24	2.778	1.535	2.339
2005	 9	 8	24	2.323	1.243	1.942
2005	 9	 9	24	2.077	0.969	1.686
2005	 9	10	24	1.409	0.612	1.128
2005	 9	11	24	1.064	0.487	0.860
2005	 9	12	24	1.645	0.751	1.329
2005	 9	13	24	1.357	0.594	1.088
2005	 9	14	24	2.765	1.418	2.289
2005	 9	15	24	2.394	1.387	2.038
2005	 9	16	24	3.355	1.417	2.671
2005	 9	17	24	1.344	0.786	1.147
2005	 9	18	24	1.651	0.856	1.370
2005	 9	19	24	1.901	1.064	1.605
2005	 9	20	24	1.708	0.943	1.438
2005	 9	21	24	1.613	0.944	1.377
2005	 9	22	24	1.854	1.199	1.623
2005	 9	23	24	2.367	1.574	2.087
2005	 9	24	24	1.957	0.775	1.539
2005	 9	25	24	2.235	1.032	1.810
2005	 9	26	24	2.036	0.748	1.581
2005	 9	27	24	2.118	0.839	1.666
2005	 9	28	24	2.033	0.798	1.597
2005	 9	29	24	2.519	1.231	2.064
2005	 9	30	24	2.128	1.183	1.794
2005	10	 1	24	3.040	1.815	2.607
2005	10	 2	24	1.413	0.773	1.187
2005	10	 3	24	1.732	0.834	1.415
2005	10	 4	24	2.178	0.978	1.754
2005	10	 5	24	1.874	1.257	1.656
2005	10	 6	24	1.996	1.719	1.898
2005	10	 7	24	3.560	2.543	3.201
2005	10	 8	24	3.879	2.795	3.496
2005	10	 9	24	2.583	1.254	2.114
2005	10	10	24	2.630	1.745	2.317
2005	10	11	24	4.000	3.816	3.935
2005	10	12	24	2.897	2.684	2.822
2005	10	13	24	1.730	1.090	1.504
2005	10	14	24	1.417	0.467	1.081
2005	10	15	24	1.633	0.633	1.280
2005	10	16	24	1.750	0.984	1.480
2005	10	17	24	1.221	0.521	0.974
2005	10	18	24	1.989	0.980	1.633
2005	10	19	24	3.153	2.550	2.940
2005	10	20	24	2.937	1.189	2.320
2005	10	21	24	3.275	1.819	2.761
2005	10	22	24	4.087	1.846	3.296
2005	10	23	24	2.946	1.535	2.448
2005	10	24	24	2.388	1.069	1.922
2005	10	25	24	4.035	1.926	3.290
2005	10	26	24	2.925	1.652	2.476
2005	10	27	24	2.089	0.760	1.620
2005	10	28	24	2.970	2.536	2.817
2005	10	29	24	3.076	2.159	2.752
2005	10	30	24	2.858	0.865	2.154
2005	10	31	24	3.816	1.831	3.115
2005	11	 1	24	3.200	1.398	2.564
2005	11	 2	24	2.932	1.368	2.380
2005	11	 3	24	3.520	1.813	2.917
2005	11	 4	24	2.961	1.395	2.408
2005	11	 5	24	2.336	1.056	1.884
2005	11	 6	24	2.468	1.280	2.049
2005	11	 7	24	2.167	1.136	1.803
2005	11	 8	24	2.581	1.403	2.165
2005	11	 9	24	3.254	1.591	2.667
2005	11	10	24	2.021	0.933	1.636
2005	11	11	24	2.693	1.304	2.202
2005	11	12	24	2.281	1.279	1.927
2005	11	13	24	2.152	0.598	1.603
2005	11	14	24	2.281	0.709	1.726
2005	11	15	24	3.081	1.540	2.537
2005	11	16	24	2.383	1.102	1.931
2005	11	17	24	1.708	1.277	1.556
2005	11	18	24	1.461	0.852	1.246
2005	11	19	24	1.842	0.990	1.541
2005	11	20	24	2.384	1.333	2.013
2005	11	21	24	1.998	0.856	1.595
2005	11	22	24	2.051	0.758	1.595
2005	11	23	24	0.812	0.256	0.616
2005	11	24	24	1.999	0.817	1.582
2005	11	25	24	3.824	0.877	2.783
2005	11	26	24	2.466	0.613	1.812
2005	11	27	24	2.041	0.606	1.535
2005	11	28	24	2.438	0.912	1.899
2005	11	29	24	1.884	0.503	1.396
2005	11	30	24	2.994	2.867	2.949
2005	12	 1	24	2.722	2.570	2.669
2005	12	 2	24	2.925	2.405	2.742
2005	12	 3	24	3.258	2.929	3.142
2005	12	 4	24	4.102	3.913	4.035
2005	12	 5	24	3.663	3.520	3.613
2005	12	 6	24	2.230	2.178	2.211
2005	12	 7	24	2.624	2.377	2.536
2005	12	 8	24	2.340	2.125	2.264
2005	12	 9	24	1.034	0.890	0.983
2005	12	10	24	1.857	1.887	1.867
2005	12	11	24	4.503	4.671	4.562
2005	12	12	24	2.659	2.641	2.653
2005	12	13	24	1.964	1.722	1.878
2005	12	14	24	2.411	2.165	2.324
2005	12	15	24	4.042	3.394	3.813
2005	12	16	24	5.265	4.595	5.029
2005	12	17	24	2.535	2.185	2.412
2005	12	18	24	3.214	2.735	3.045
2005	12	19	24	3.493	3.186	3.385
2005	12	20	24	3.219	2.703	3.037
2005	12	21	24	2.153	2.025	2.108
2005	12	22	24	3.244	2.799	3.087
2005	12	23	24	3.132	2.900	3.050
2005	12	24	24	3.626	3.145	3.456
2005	12	25	24	2.556	2.382	2.495
2005	12	26	24	2.729	2.623	2.691
2005	12	27	24	2.916	2.645	2.821
2005	12	28	24	2.750	2.522	2.669
2005	12	29	24	4.064	3.821	3.978
2005	12	30	24	3.284	3.279	3.282
2005	12	31	24	4.371	4.227	4.320
2006	 1	 1	24	2.709	2.560	2.656
2006	 1	 2	24	1.908	1.823	1.878
2006	 1	 3	24	2.324	2.165	2.268
2006	 1	 4	24	0.543	0.240	0.436
2006	 1	 5	24	1.130	0.499	0.907
2006	 1	 6	24	1.092	0.483	0.877
2006	 1	 7	24	0.975	0.431	0.783
2006	 1	 8	24	2.082	1.670	1.937
2006	 1	 9	24	2.778	2.500	2.680
2006	 1	10	24	2.236	2.127	2.197
2006	 1	11	24	4.029	3.935	3.996
2006	 1	12	24	1.769	1.679	1.737
2006	 1	13	24	2.628	2.335	2.524
2006	 1	14	24	2.872	2.530	2.751
2006	 1	15	24	3.564	3.110	3.404
2006	 1	16	24	4.304	3.850	4.144
2006	 1	17	24	5.603	5.186	5.456
2006	 1	18	24	3.339	3.014	3.224
2006	 1	19	24	0.553	0.244	0.444
2006	 1	20	24	3.620	3.475	3.569
2006	 1	21	24	3.250	2.929	3.137
2006	 1	22	24	0.962	0.642	0.849
2006	 1	23	24	0.538	0.238	0.432
2006	 1	24	24	1.860	1.578	1.761
2006	 1	25	24	3.878	3.513	3.749
2006	 1	26	24	2.535	2.347	2.469
2006	 1	27	24	2.163	1.874	2.061
2006	 1	28	24	1.540	1.390	1.487
2006	 1	29	24	1.888	1.756	1.841
2006	 1	30	24	2.059	1.993	2.036
2006	 1	31	24	2.063	1.808	1.973
2006	 2	 1	24	2.694	2.684	2.691
2006	 2	 2	24	2.512	2.510	2.511
2006	 2	 3	24	1.782	1.630	1.728
2006	 2	 4	24	1.904	1.808	1.870
2006	 2	 5	24	1.504	1.464	1.490
2006	 2	 6	24	2.774	2.708	2.751
2006	 2	 7	24	4.344	3.808	4.155
2006	 2	 8	24	4.884	4.547	4.765
2006	 2	 9	24	4.597	4.223	4.465
2006	 2	10	24	3.062	2.799	2.969
2006	 2	11	24	1.829	1.720	1.791
2006	 2	12	24	1.757	1.649	1.719
2006	 2	13	24	2.361	2.323	2.348
2006	 2	14	24	2.349	2.251	2.315
2006	 2	15	24	4.656	4.378	4.558
2006	 2	16	24	3.126	2.982	3.075
2006	 2	17	24	3.861	3.702	3.805
2006	 2	18	24	3.862	3.688	3.800
2006	 2	19	24	2.851	2.682	2.792
2006	 2	20	24	1.840	1.725	1.799
2006	 2	21	24	1.454	1.321	1.407
2006	 2	22	24	0.561	0.248	0.450
2006	 2	23	24	1.286	1.168	1.244
2006	 2	24	24	3.699	3.313	3.563
2006	 2	25	24	3.518	3.250	3.423
2006	 2	26	24	2.283	2.206	2.256
2006	 2	27	24	2.251	2.173	2.224
2006	 2	28	24	3.286	1.696	2.724
2006	 3	 1	24	2.973	1.451	2.436
2006	 3	 2	24	3.349	1.396	2.659
2006	 3	 3	24	2.535	1.333	2.110
2006	 3	 4	24	1.701	0.655	1.331
2006	 3	 5	24	3.238	1.274	2.545
2006	 3	 6	24	2.092	1.298	1.812
2006	 3	 7	24	1.790	0.997	1.510
2006	 3	 8	24	3.174	1.830	2.700
2006	 3	 9	24	2.230	1.573	1.998
2006	 3	10	24	2.298	1.116	1.881
2006	 3	11	24	2.069	0.911	1.660
2006	 3	12	24	2.603	1.229	2.118
2006	 3	13	24	1.726	1.065	1.493
2006	 3	14	24	1.732	0.986	1.469
2006	 3	15	24	1.542	0.624	1.218
2006	 3	16	24	1.384	0.429	1.047
2006	 3	17	24	1.538	0.430	1.147
2006	 3	18	24	0.573	0.025	0.379
2006	 3	19	24	1.171	0.601	0.969
2006	 3	20	24	1.535	0.955	1.330
2006	 3	21	24	1.213	0.630	1.007
2006	 3	22	24	1.585	0.709	1.276
2006	 3	23	24	1.588	0.934	1.357
2006	 3	24	24	3.319	2.746	3.117
2006	 3	25	24	3.178	1.502	2.587
2006	 3	26	24	3.103	1.357	2.487
2006	 3	27	24	3.544	1.593	2.855
2006	 3	28	24	2.516	1.084	2.010
2006	 3	29	24	3.144	2.866	3.046
2006	 3	30	24	4.210	4.049	4.153
2006	 3	31	24	3.449	1.869	2.891
2006	 4	 1	24	2.929	1.403	2.390
2006	 4	 2	24	2.858	1.306	2.310
2006	 4	 3	24	3.018	1.499	2.482
2006	 4	 4	24	1.997	0.862	1.597
2006	 4	 5	24	1.500	0.615	1.188
2006	 4	 6	24	1.978	0.981	1.626
2006	 4	 7	24	2.270	0.925	1.795
2006	 4	 8	24	3.055	1.209	2.403
2006	 4	 9	24	1.966	0.871	1.580
2006	 4	10	24	1.509	0.937	1.307
2006	 4	11	24	2.355	2.163	2.288
2006	 4	12	24	3.127	3.009	3.085
2006	 4	13	24	3.269	1.560	2.666
2006	 4	14	24	2.840	1.608	2.405
2006	 4	15	24	2.164	1.178	1.816
2006	 4	16	24	3.402	1.809	2.840
2006	 4	17	24	1.954	1.063	1.639
2006	 4	18	24	1.992	0.927	1.616
2006	 4	19	24	1.380	0.675	1.131
2006	 4	20	24	1.815	0.948	1.509
2006	 4	21	24	1.829	1.086	1.567
2006	 4	22	24	1.999	1.021	1.654
2006	 4	23	24	1.270	0.750	1.087
2006	 4	24	24	1.514	0.668	1.215
2006	 4	25	24	1.404	0.597	1.119
2006	 4	26	24	1.581	0.742	1.285
2006	 4	27	24	1.690	0.782	1.369
2006	 4	28	24	1.601	0.680	1.276
2006	 4	29	24	1.678	0.649	1.315
